711.565
823.233
3041.948
832.772
626.994
1152.649
843.395
1393.673
350.658
2220.605
860.144
719.024
2657.659
21.861
1205.227
1298.107
380.203
326.126
162.770
250.478
1187.046
1258.995
3497.705
658.372
356.258
72.944
331.002
959.141
1092.943
34.264
1530.246
453.615
54.149
1864.102
821.502
516.230
797.700
3770.184
120.846
428.517
697.016
2391.003
443.632
636.439
357.227
430.467
77.146
45.509
294.048
1922.948
609.676
1382.298
2932.389
651.809
811.599
4966.548
462.531
13.706
1813.191
4467.081
149.667
219.530
3033.582
17.766
876.947
1804.084
42.951
823.465
199.562
802.226
977.529
537.172
259.414
8359.185
4185.555
795.976
132.236
38.568
708.255
32.524
21.301
453.774
130.056
3741.496
191.250
6689.765
76.098
33.437
1779.195
82.202
5935.265
114.811
7.336
535.173
40.960
1537.534
727.798
4503.430
172.670
5858.291
4203.005
23.371
84.044
2859.822
644.094
154.601
1374.088
4020.634
187.997
4740.377
987.306
1044.229
364.376
68.804
555.878
397.513
4714.285
89.521
2742.158
1345.932
174.963
454.037
2420.226
386.277
2158.331
779.981
2.374
1085.824
2137.745
272.856
88.140
120.397
1396.708
15.515
313.824
1593.219
38.369
43.039
2080.806
154.847
6734.497
375.943
1641.260
2952.072
1651.496
1733.074
1252.162
392.157
114.534
352.551
274.615
5828.178
315.929
233.368
191.153
1871.016
591.510
1470.639
262.182
1684.083
251.486
3610.229
403.132
464.225
1471.736
158.828
653.509
11.750
573.793
129.119
3611.690
4893.681
795.351
437.992
2229.121
149.548
347.994
1399.834
5419.580
1886.350
177.890
159.897
1029.955
299.348
370.609
2618.979
122.147
436.297
1166.189
774.256
599.951
93.277
2340.126
1253.733
495.574
180.053
89.596
3337.053
155.855
665.488
645.239
2827.492
15.739
539.139
1180.795
1682.433
93.522
36.348
28.940
456.666
556.900
58.499
152.525
132.099
1933.928
9.902
515.193
740.675
3475.895
1626.358
1448.684
320.718
11.388
1559.583
488.671
482.526
289.965
1240.689
91.495
12.123
276.265
1171.135
850.391
21.783
1294.116
206.620
124.802
2126.360
288.924
1281.656
1825.383
2.378
1674.912
4352.157
17.388
192.144
1149.165
3017.146
1720.985
238.651
114.953
967.120
4851.938
1919.454
16.861
237.806
1043.817
192.264
98.278
926.348
2011.553
347.383
987.600
3360.242
291.693
188.070
317.141
60.352
1465.264
185.931
23.177
1172.088
2447.822
36.477
492.174
911.187
1136.498
12.643
701.385
610.851
116.396
488.020
1774.678
2618.836
37.893
319.947
744.602
555.482
19.419
591.976
108.142
320.524
980.164
368.994
3421.877
508.859
67.548
162.822
1745.176
1.384
535.758
943.182
1730.111
2132.559
25.688
1702.074
2218.955
1483.306
3278.454
163.670
37.437
1503.956
2666.596
832.725
1798.150
1149.818
715.818
657.618
676.646
433.818
3705.647
4013.172
2283.251
3682.314
1678.928
364.137
26.257
2485.587
694.659
299.335
395.407
454.928
1214.906
914.306
355.848
395.406
640.361
2981.714
301.361
191.388
2615.346
2369.368
385.883
556.288
1493.789
477.562
27.682
1754.097
122.811
167.795
494.110
876.544
1356.487
3611.037
605.846
445.493
1601.945
303.237
455.155
1045.879
5.009
985.605
2505.107
2026.240
180.781
1039.890
624.948
1493.401
476.290
926.419
50.583
586.129
414.825
368.923
4915.092
34.513
910.445
3146.832
64.738
100.066
106.933
662.576
346.971
1807.136
670.192
120.959
286.009
233.550
1001.281
311.231
3488.606
1140.750
3184.515
32.048
232.374
452.317
299.219
3100.827
1269.258
562.434
2699.707
870.831
1384.910
8.269
630.693
1169.362
6659.343
213.478
147.717
325.259
3838.809
24.114
54.467
5947.072
557.347
1024.321
25.213
1815.461
1639.485
2436.233
2400.483
508.797
119.536
1585.958
2082.731
49.149
753.522
5366.404
2031.814
2800.995
1017.103
259.885
2136.516
499.242
109.502
105.971
987.900
2160.767
630.000
628.321
1010.006
4641.620
61.970
470.732
10.397
1183.531
279.667
79.967
3500.537
1.392
2.748
43.468
97.378
744.752
140.223
75.773
588.877
5195.722
1592.519
157.351
931.192
975.441
724.540
360.918
1305.374
4508.528
1751.914
449.009
261.221
272.713
1223.333
297.071
2045.252
591.784
257.053
400.245
494.401
1377.579
7420.956
2819.120
455.183
590.568
1053.549
713.861
754.287
250.946
1051.513
2009.711
2722.292
812.731
436.484
7.686
13.541
557.627
701.306
1160.210
198.578
1195.342
848.781
1388.674
219.321
4227.101
3706.579
613.151
4574.715
558.657
1799.998
1105.562
2125.889
1780.294
402.760
1119.867
5271.873
3328.628
4159.643
3804.086
2212.666
583.671
62.918
994.622
648.796
239.311
1779.921
77.414
2211.412
661.380
4611.135
196.357
6494.809
11.582
343.377
11.233
108.497
1034.989
395.335
718.865
2784.611
621.049
7502.803
32.450
91.264
203.691
85.810
1129.652
848.507
565.877
47.195
2549.557
278.424
2618.875
413.232
429.670
9.668
420.877
91.104
768.174
5248.912
1338.051
100.774
1410.336
1304.237
1590.525
1680.815
4126.829
174.311
277.580
499.824
1684.887
326.548
746.428
641.700
914.365
2769.133
245.459
1697.873
373.198
1353.360
5099.312
3535.607
258.034
664.631
33.825
671.514
1886.583
2635.645
176.257
116.332
22.563
55.868
562.601
2072.336
774.060
951.879
943.312
159.937
158.025
31.950
1593.172
436.891
563.709
763.407
2479.938
59.739
1764.537
2112.551
1826.138
490.762
842.635
237.836
917.200
2796.907
78.139
1560.411
2595.362
98.102
123.251
5183.443
5.061
4840.365
5908.878
1365.672
34.860
232.906
1604.262
285.935
1000.522
4219.316
908.131
67.840
1322.493
927.055
1098.262
3832.742
679.179
2546.306
455.455
1503.751
6831.534
188.455
48.680
1905.582
18.222
1060.946
1869.514
334.939
249.169
300.216
2290.833
600.255
366.671
1624.084
2168.428
620.929
1053.107
2436.312
1152.580
966.209
0.244
4672.391
1126.702
227.192
1234.435
281.244
10.288
435.485
193.372
305.611
1072.629
2166.298
70.232
55.488
789.837
298.158
803.768
207.922
1143.887
312.782
1370.314
50.253
168.374
228.721
642.714
1272.086
16.385
401.207
650.985
1339.849
874.807
154.579
948.101
423.689
398.817
1841.305
204.008
4622.228
1488.372
178.782
4274.415
3476.097
398.581
359.877
237.785
201.828
926.556
2914.815
302.892
72.001
39.653
955.687
113.635
1593.812
2205.111
869.049
731.168
5891.155
1588.861
4189.631
1208.032
561.764
159.777
239.403
1499.336
522.729
534.028
361.487
19.166
2541.809
256.041
1.065
95.643
7091.012
13.316
933.952
3931.911
51.509
1030.564
23.661
841.444
614.559
250.722
547.155
3179.951
2333.406
51.862
63.108
4560.846
497.823
1245.001
1439.006
3278.184
281.893
659.785
1032.782
4381.394
826.068
853.868
226.786
1007.448
154.940
1194.575
1544.234
1495.318
238.760
1683.472
1636.972
1623.709
1063.280
237.550
6286.422
6921.060
693.466
6405.688
47.667
2.651
1849.817
1288.941
13.566
1474.789
1197.174
2518.180
288.288
529.720
86.406
283.340
392.252
2899.890
2582.135
164.160
440.269
31.172
505.151
1051.409
2292.792
3405.192
140.910
710.662
4356.282
502.231
98.755
542.123
128.503
286.553
1349.870
3848.506
161.737
108.939
6459.292
674.529
371.983
888.732
574.542
48.562
965.324
1076.575
1324.116
1364.571
379.551
243.836
1282.997
2457.519
3946.182
196.268
4.350
294.203
2000.631
93.353
717.307
562.439
3868.455
2369.201
1259.787
229.442
185.847
4500.907
476.864
64.694
1409.929
107.737
3482.246
1166.924
747.163
638.499
3648.236
455.628
1070.058
3827.684
142.357
5491.318
2243.555
561.279
126.280
2917.836
1628.479
2472.165
616.106
224.171
7299.223
30.741
747.720
4621.521
53.422
698.474
465.598
857.130
523.673
150.185
1449.768
1290.686
3739.435
13.415
194.871
584.233
6617.107
660.652
348.385
53.113
1144.938
3.856
588.145
679.261
1518.074
1309.235
1443.136
21.109
9.279
3945.400
3101.211
1050.303
1497.758
935.462
29.970
2508.526
631.591
40.476
2987.388
381.937
211.679
40.779
146.223
122.449
1662.357
14.301
682.081
316.838
70.655
5426.961
121.161
3896.285
1164.757
2468.203
3512.272
560.804
198.690
565.138
77.390
2509.759
23.210
669.116
169.196
3754.278
1183.272
113.826
151.642
3175.066
569.007
564.716
200.719
1346.290
38.535
6.318
507.891
3583.966
440.306
2125.240
249.047
671.792
1513.425
24.672
0.813
3044.129
6121.231
1456.205
53.301
728.956
167.500
1167.740
1072.121
29.576
65.437
343.364
67.735
1916.590
4671.068
227.771
468.214
782.623
1.148
4.732
414.231
1010.721
730.953
102.654
6067.057
36.525
67.242
48.234
1182.314
953.605
70.561
6013.637
1577.362
1725.135
180.957
826.337
293.443
135.917
77.478
4569.142
1017.612
1223.874
751.304
2510.543
1366.366
2.598
115.504
90.408
281.298
1676.774
158.615
2033.187
187.759
0.648
61.008
320.162
185.106
501.003
3987.253
811.229
384.649
448.115
6.216
246.974
123.766
257.706
232.765
261.895
136.057
2992.717
934.569
9.593
125.446
1558.569
5468.882
4080.566
2891.178
2120.962
969.143
48.302
161.425
226.585
1389.013
7670.013
822.852
10.732
1520.241
1186.993
612.463
760.408
2096.282
321.504
1170.274
282.727
1173.370
2263.383
1507.554
3226.110
72.334
309.266
168.877
2667.098
2072.946
98.100
1149.012
47.770
693.601
137.845
1347.900
290.702
6324.109
102.889
5049.434
529.751
211.540
3093.224
503.291
1861.691
186.140
6218.784
2322.879
3274.496
1207.836
99.113
2973.285
1115.759
1466.554
2853.799
892.794
3799.252
1318.427
922.431
270.961
691.660
602.967
287.107
976.505
668.246
573.797
260.245
140.518
174.406
1442.470
1612.011
96.565
2885.938
3180.681
919.492
1342.504
3305.386
1564.251
164.413
2931.177
3701.182
1647.067
2688.978
2157.927
231.175
4104.320
228.105
492.517
84.680
389.562
541.721
405.130
709.242
1902.434
4611.401
1650.375
1151.244
765.140
40.191
243.534
952.323
488.415
2833.032
26.620
546.218
796.689
1325.111
2010.476
617.655
1504.330
2138.373
310.683
1288.395
454.040
90.625
653.441
4637.036
2749.517
1591.154
311.477
3459.990
202.540
1228.474
119.375
29.850
1.345
1268.499
3940.903
456.422
4498.534
526.494
18.312
336.438
794.904
56.631
291.600
638.426
60.565
1381.381
101.957
2313.285
1316.766
2508.423
396.982
64.158
115.453
159.103
1346.158
1394.272
644.281
427.225
97.564
403.902
964.749
718.157
3399.486
1577.569
1987.313
498.898
2449.506
3770.618
2898.977
677.806
971.760
229.982
478.416
3378.483
38.398
78.665
17.013
157.637
21.282
7.088
808.507
379.475
897.447
2088.282
45.107
1550.769
72.991
96.086
167.323
2726.979
85.186
2587.224
1249.868
2929.260
6204.804
1053.006
3307.359
169.126
2132.604
388.862
2139.580
4053.811
72.477
1116.505
367.234
496.270
414.682
592.770
54.211
2266.926
366.918
263.829
94.829
376.978
18.453
3974.415
798.126
1909.245
2894.385
2637.275
75.792
3877.805
2834.291
92.062
626.708
110.754
803.895
1660.144
1424.065
340.485
34.395
974.283
927.791
1553.580
7512.060
1860.948
3015.814
687.460
958.815
531.492
67.787
776.647
188.425
283.993
40.802
24.672
1864.562
621.117
274.315
4011.187
117.648
227.697
587.608
2765.601
24.362
1630.504
1645.964
153.656
266.378
1636.520
15.135
636.402
162.281
1014.136
965.200
2083.158
325.142
2533.739
1086.576
450.497
557.552
266.732
1339.339
354.736
697.012
1129.170
97.093
3737.932
213.256
7.957
1866.955
1090.490
332.429
235.120
20.786
63.373
344.095
2200.408
421.256
39.738
900.608
170.046
144.519
3455.556
2767.100
26.359
1120.279
7173.472
2878.126
134.172
1747.462
356.687
42.708
297.047
40.849
954.347
2396.015
2161.196
4.734
37.382
18.930
340.651
1203.803
44.881
169.257
1116.324
1176.146
819.010
249.647
1417.649
10.769
511.610
1424.413
3027.881
296.643
542.939
2384.617
1278.875
1102.102
1182.983
1170.228
2344.039
530.801
7436.954
69.552
1220.747
300.218
72.126
8941.581
2009.478
3473.070
723.904
194.010
84.497
1726.894
3175.768
470.886
1108.202
2479.720
4795.776
203.514
3051.181
1229.540
1693.932
235.443
40.130
2452.499
3160.439
582.145
688.361
90.701
116.951
7355.039
66.905
1412.123
242.674
1533.646
379.929
466.783
1052.119
794.575
1618.619
1027.817
411.460
1712.427
67.631
3626.051
1084.879
1455.970
5598.687
4420.367
537.960
24.538
748.738
384.772
157.456
1648.689
15.473
3214.965
153.007
254.558
4320.493
548.951
10.881
110.222
66.738
34.956
11.787
1774.363
558.703
1819.420
49.802
210.149
3586.638
2012.473
250.570
27.581
39.080
1350.336
832.828
1201.235
721.343
1309.588
3352.092
0.250
1925.393
534.956
56.613
269.052
1455.448
2591.364
16.005
0.158
905.997
17.103
1352.867
1029.002
1227.321
1052.574
365.153
2009.036
604.409
2290.794
644.237
100.225
101.875
67.197
544.367
24.245
2120.485
919.064
2242.719
13.220
202.787
3695.240
81.781
797.503
49.772
3016.368
6355.296
1846.216
404.884
2568.619
738.792
361.637
1140.838
978.078
176.535
93.049
15.625
7.259
5310.965
980.667
228.554
4517.174
31.948
1720.621
1360.333
123.762
0.672
122.346
1455.037
2573.471
543.327
1011.171
1529.908
802.911
5.106
7.939
3.793
352.828
273.936
0.017
3.173
227.979
373.142
3482.308
236.204
3224.528
323.208
293.909
191.764
403.241
1021.560
288.907
1664.841
263.503
107.317
22.473
2885.166
192.632
145.184
72.541
1348.311
781.403
761.188
804.187
281.889
1394.488
14.185
3698.054
21.134
626.875
204.277
932.134
114.438
3548.120
818.401
118.615
3367.842
61.682
7726.161
1034.812
1987.577
1059.398
349.539
3796.390
642.190
106.049
20.625
184.925
2033.935
33.572
665.816
1602.477
472.462
812.957
3112.723
5.570
214.574
1271.951
491.430
349.667
4429.154
158.564
23.994
2285.403
3011.193
3288.934
1036.985
2925.101
650.590
26.462
886.806
225.541
763.473
359.458
6683.375
149.474
548.340
2358.141
187.112
2759.933
323.609
796.196
987.907
14.812
11.086
1.273
3266.742
2.771
626.817
570.619
20.835
139.824
2383.066
2370.560
66.988
1186.908
3437.491
4.487
433.680
1975.005
378.584
33.785
2287.641
200.430
23.328
235.120
5905.219
1024.229
1607.054
279.726
1898.101
165.380
2962.369
3916.092
2377.480
33.459
757.749
155.914
1357.861
18.153
1981.433
569.543
553.625
479.775
727.131
50.688
102.416
2487.371
307.466
559.967
993.602
2333.820
70.155
3.841
50.709
30.687
1261.398
2406.135
1364.907
9.316
89.314
37.525
417.934
2207.470
677.004
2650.437
525.007
31.859
3811.097
3834.987
253.545
330.200
969.871
1142.277
2799.449
1149.051
441.438
2451.214
670.952
133.558
744.267
11.016
3244.413
232.931
5402.414
98.126
535.190
4.307
521.105
3069.453
371.281
235.368
202.621
580.679
41.164
2634.641
412.381
3735.906
75.863
1119.536
1476.481
642.305
814.091
364.626
81.526
153.539
1274.568
1159.808
1311.006
606.876
1116.931
1215.370
602.903
579.414
251.479
415.842
98.075
193.478
61.732
20.534
139.116
3574.014
4231.608
12.403
955.503
586.506
2117.771
9.581
564.404
186.983
436.463
3128.452
1968.192
88.752
10.181
234.071
545.389
943.742
397.645
197.181
458.862
136.278
834.339
45.108
916.844
1961.114
6164.536
63.919
2236.638
314.198
1877.322
592.635
4485.549
125.369
158.782
1590.835
272.191
360.347
4285.360
2419.969
605.331
33.928
3169.354
408.255
942.055
65.781
1068.087
1276.776
126.378
380.243
5086.242
53.423
1477.144
2268.065
82.954
289.110
186.603
1543.526
1870.035
755.572
8.938
19.617
95.749
3172.218
958.534
645.282
71.482
612.837
48.501
34.066
875.346
1627.098
839.293
383.909
56.525
185.339
2912.480
6355.010
1254.071
1518.182
339.364
381.351
956.148
1017.935
199.503
674.557
139.176
161.708
548.815
84.549
3407.763
564.787
1148.549
1.694
182.151
1158.659
382.342
1051.147
393.661
962.551
1298.267
2603.158
88.577
7.358
311.305
280.803
117.405
3012.218
2622.602
587.993
305.787
5310.926
4346.969
184.636
3542.923
63.186
530.399
594.297
539.710
124.551
6160.205
5136.485
96.664
309.866
741.607
842.786
1749.315
85.387
399.907
242.305
2809.056
27.607
700.869
151.063
1189.392
367.653
969.283
26.532
1777.762
1599.103
249.223
940.125
974.420
647.703
74.168
1079.291
24.250
589.341
339.986
631.895
1030.596
116.189
1884.601
1132.782
873.961
963.670
849.699
1573.943
394.906
111.805
835.974
432.800
1010.602
33.137
777.352
9.903
3979.104
710.481
2077.148
1476.440
1443.163
3376.172
404.149
250.946
845.777
686.050
2046.487
5890.803
610.283
5530.117
191.581
279.867
14.615
99.681
1066.710
1793.468
15.286
111.620
426.661
2408.659
746.330
5314.504
364.623
1436.052
1123.666
304.445
2078.056
1421.841
4940.439
6075.944
145.705
215.854
99.254
397.128
282.373
198.762
1062.616
443.752
33.501
596.220
2521.075
764.366
953.735
178.563
130.524
797.087
513.527
462.283
942.688
2095.247
377.220
39.443
2954.881
1733.955
175.761
106.756
6352.550
86.661
760.890
20.368
1929.787
50.477
368.362
480.403
12.039
3450.340
2351.518
3254.934
3205.413
100.268
642.184
2436.900
23.550
662.241
54.698
722.268
1656.349
35.417
1138.492
1130.009
742.201
163.046
1867.503
1373.293
2038.400
3531.957
1090.819
1520.038
5248.567
76.007
1203.075
7.041
1458.665
476.710
6581.789
3811.570
111.743
1206.853
761.468
1056.989
3711.670
151.229
332.219
1073.959
67.405
1156.825
1517.209
421.406
2781.629
2436.127
844.257
125.643
3602.211
352.570
152.019
104.915
2757.054
2451.215
43.613
23.727
26.835
1075.342
1610.963
1534.123
86.158
97.870
299.724
145.411
0.463
69.992
1836.531
800.372
983.459
24.756
1350.998
2097.532
2032.335
425.755
382.433
2031.512
541.788
1106.763
321.442
977.312
146.067
313.908
1209.569
1118.555
80.908
1080.415
172.468
585.417
130.221
382.166
152.220
369.314
27.388
3841.780
3605.254
169.877
1718.233
268.636
898.950
1597.247
340.762
289.510
1.095
898.483
1332.912
188.356
186.578
649.124
182.091
5380.035
2597.574
863.469
1217.884
359.258
2888.294
66.008
2417.977
65.660
16.529
3587.283
523.378
989.710
6398.437
1776.758
200.125
4431.078
1465.047
1190.950
543.271
2614.444
800.585
61.926
1661.572
854.498
348.766
2491.651
1577.050
2667.828
1583.225
523.385
206.042
161.551
2777.614
993.888
1146.392
970.950
4405.360
9454.108
1245.006
9.577
3978.839
23.700
683.820
3095.616
545.656
1896.525
1003.011
1736.842
2544.468
2708.663
55.192
997.663
1327.662
1080.138
624.202
1467.299
457.704
245.365
1725.040
809.664
169.911
3921.283
966.823
5486.122
1354.301
407.574
133.437
410.649
2188.141
7047.270
386.774
640.645
248.599
4881.378
35.554
291.921
2724.297
1069.748
72.409
1120.311
965.607
874.827
171.122
1114.653
42.865
765.254
206.242
539.774
1284.853
923.616
764.136
1102.753
787.093
2506.261
1549.651
1327.980
7743.300
2396.963
20.671
1157.252
1497.104
21.702
964.250
568.136
455.220
1695.860
9.650
244.956
1102.831
129.877
2909.065
568.980
418.755
44.216
592.190
3164.388
3204.525
6629.202
235.751
2145.652
3118.982
5649.120
921.739
193.028
2327.516
1316.031
143.982
3201.329
2386.557
243.824
499.060
105.999
80.545
343.551
34.314
381.224
291.251
1966.333
1921.715
266.792
1376.428
590.278
37.922
5270.297
1967.843
3599.173
2557.962
289.330
26.761
190.756
378.394
56.491
1171.399
1275.468
1093.218
152.910
8164.407
103.147
322.999
236.353
29.725
270.827
493.323
1406.382
96.649
1448.834
621.319
134.408
784.489
812.525
11.152
69.100
4957.621
10.708
31.361
690.987
2117.723
85.109
237.838
1271.165
1640.716
427.169
629.408
981.788
69.605
1703.111
38.038
1207.058
670.068
637.288
1039.265
32.828
2070.764
1757.025
1646.904
232.135
199.163
6.287
1596.058
2348.418
697.576
301.313
7.627
3453.401
1057.717
4865.575
3525.302
247.795
49.600
4226.855
2243.927
359.888
33.308
1128.374
469.295
26.731
228.770
4483.736
2185.394
527.038
807.290
2423.316
1278.343
284.717
2446.954
1634.702
365.660
5014.562
216.973
827.042
1822.696
1043.954
100.797
321.654
898.356
2327.967
296.929
2522.252
225.584
326.446
18.507
307.986
1921.583
6781.782
338.098
963.256
69.928
1829.337
213.155
1159.779
5097.038
528.241
754.461
5370.751
1251.155
365.428
2521.055
1381.327
2556.546
1415.086
5.350
16.359
2370.231
29.666
2046.972
38.030
1461.826
1073.705
2635.853
187.403
3199.152
4088.180
163.818
874.900
81.285
191.270
131.228
982.544
401.802
5.400
147.968
1713.144
450.997
873.331
4339.531
0.241
846.691
2895.912
1377.514
278.631
1576.245
6378.706
5633.476
1461.515
1295.024
936.142
175.702
308.434
250.599
1462.007
193.936
1873.275
3099.222
2725.916
209.494
7790.397
34.585
1620.011
948.919
1263.764
333.614
1772.191
678.651
580.560
821.363
6335.235
1296.214
1471.625
123.378
5033.354
499.682
75.230
2463.680
1319.225
235.469
1382.639
598.571
88.015
1105.430
1043.478
594.510
461.928
1900.178
358.289
901.996
2209.956
225.216
108.626
1975.097
281.389
3866.063
1176.436
22.273
361.954
172.963
2574.115
617.987
107.090
3366.298
1093.937
890.239
877.308
544.078
5285.305
330.834
493.508
122.835
8.919
264.320
163.918
2309.730
2646.950
2007.972
194.513
1121.432
500.282
21.456
606.394
306.451
1493.008
383.940
665.544
715.923
1150.921
301.313
3594.636
977.550
2953.320
6.183
239.016
3980.225
502.637
657.593
2415.622
720.069
1076.296
394.301
226.864
1494.025
832.526
2527.725
462.843
94.920
1244.201
141.979
1041.404
95.808
4642.396
624.670
0.836
3619.695
701.665
50.329
1822.256
2917.223
2233.955
1318.408
455.567
266.687
6580.008
1519.332
689.932
138.706
545.077
352.538
451.901
71.153
2287.995
181.246
2040.106
214.085
362.270
620.863
14.346
1589.525
4827.732
1598.166
535.052
625.126
3617.879
557.030
1951.923
55.529
2309.492
1532.661
3476.938
538.284
4208.512
4056.032
128.503
534.601
2.578
349.636
1042.623
734.607
4585.462
126.828
37.769
230.575
5044.601
638.674
158.672
2594.987
149.282
15.483
893.114
11.681
1623.108
2611.744
5542.816
1101.917
170.908
195.795
544.672
1200.425
126.894
112.523
301.888
595.279
3067.196
892.671
548.533
7049.749
12.098
239.859
4842.793
42.261
1019.751
212.014
341.646
77.529
448.092
2599.752
302.804
123.015
7.862
96.965
1192.668
1346.512
126.658
1510.807
341.818
3041.294
110.665
1874.440
583.906
662.631
1336.691
34.606
2384.890
488.608
5273.220
606.548
1299.471
149.263
1758.361
522.247
462.409
657.030
507.753
2115.033
1762.674
598.414
8643.568
8883.717
4384.229
193.903
904.738
3301.066
578.911
1804.572
132.547
1638.123
1253.752
1152.178
25.749
1125.768
3339.571
1741.352
2489.242
78.278
62.818
1760.507
15.713
13.157
1782.528
623.100
103.836
4924.689
20.407
914.410
977.441
292.332
9.592
983.054
320.834
1901.399
327.623
236.589
1701.338
3314.619
2299.013
26.514
1721.021
199.113
37.569
1315.016
5059.336
107.999
14.725
252.983
2354.638
3354.720
1239.233
3053.581
91.873
1509.084
1400.812
877.291
130.589
1484.579
3.812
455.166
3822.106
503.818
4069.296
413.345
687.020
3449.966
6818.796
200.810
696.586
1353.914
1870.118
170.169
191.168
1149.435
47.529
120.471
1754.709
541.157
39.646
481.894
349.008
658.317
146.552
569.526
120.080
2922.151
733.541
3119.873
555.645
554.032
2572.224
1075.014
730.908
324.497
510.693
950.452
2493.690
7.527
1247.138
46.204
584.943
113.900
138.390
630.981
1578.923
7242.955
939.877
1805.945
2061.008
1328.115
839.136
2370.776
3315.226
340.200
24.305
172.435
452.889
900.284
1880.751
185.133
23.965
195.660
52.978
477.134
6817.857
2776.324
689.289
1812.336
285.758
13.848
3845.128
168.358
128.035
1584.846
1053.127
1332.580
1350.095
1725.166
1127.494
1456.140
882.934
536.097
1400.393
888.276
296.740
2562.969
3970.037
576.876
1791.248
1884.454
2180.468
2066.325
477.379
2474.194
3052.468
216.348
634.745
330.038
801.118
53.375
3569.138
4957.123
1692.676
382.124
1656.950
101.388
634.673
2168.863
499.990
566.589
227.540
1643.580
31.755
40.523
1863.435
23.800
1097.472
132.376
119.385
709.891
2038.456
207.974
525.379
3449.361
3153.259
617.838
3698.061
2526.178
1397.892
1061.883
194.606
949.435
1146.853
642.478
202.936
78.134
3662.323
321.136
1528.459
329.096
6309.698
1238.288
693.800
2807.945
1180.535
549.982
31.096
1212.900
962.176
1844.272
5319.664
2423.568
1293.479
1362.756
3316.750
917.863
777.245
179.925
4457.705
5060.755
7.288
15.903
183.709
1853.376
430.789
903.130
444.354
902.501
1030.583
1914.077
81.674
3215.437
307.738
488.905
2083.036
496.370
38.785
1590.167
127.250
67.235
84.369
1606.704
6077.296
32.589
4373.171
1349.667
1435.193
22.508
7213.430
7261.112
336.584
79.239
119.329
339.624
2602.929
20.144
554.441
901.255
89.184
8.172
1132.644
1613.257
336.186
2331.573
3303.222
250.209
2175.642
718.487
1091.206
50.658
2169.415
1378.794
125.672
3566.169
973.327
60.028
531.353
29.463
1825.987
981.841
4030.283
11.071
1277.621
26.200
20.188
7145.108
3199.559
460.751
4249.955
947.643
2038.429
1054.794
4560.788
59.552
4022.087
217.587
262.113
503.769
1615.362
43.098
2516.477
1518.523
242.038
143.998
2021.669
4587.899
1170.918
172.824
1089.144
1415.879
3.057
322.217
24.042
1240.807
1164.200
256.742
39.958
2308.420
235.916
950.493
73.945
166.575
155.099
872.760
181.884
3980.464
43.859
1294.086
288.218
124.878
6272.043
472.734
343.306
289.290
1755.016
1258.307
84.860
650.505
190.111
149.585
5256.201
2513.799
1511.180
1478.956
160.109
1396.960
642.873
275.830
229.752
697.669
2474.264
1542.966
1.209
825.954
1317.833
79.880
1293.217
609.725
1223.325
513.388
970.211
1925.052
624.992
932.067
257.948
2124.252
143.165
703.007
49.046
5564.189
206.744
3705.658
1578.725
293.687
23.301
285.651
468.384
8.779
1607.369
5488.608
227.649
866.633
46.491
146.673
1914.839
1825.452
92.495
912.618
28.183
2782.757
2041.934
2970.051
39.816
3108.396
1749.824
28.352
1914.804
110.916
492.372
247.906
71.165
204.218
267.702
1007.531
25.517
701.015
374.365
290.936
38.230
625.179
641.834
23.753
6.084
2293.399
490.639
750.019
821.494
130.827
1420.735
527.541
899.754
887.518
3823.558
971.341
88.162
59.652
77.408
806.920
1088.476
1301.556
1437.393
564.753
2510.193
168.064
285.317
180.125
1572.034
1031.699
43.938
305.668
409.361
172.042
522.475
422.732
138.672
19.161
2500.008
1586.513
1587.189
66.110
1172.110
249.145
243.077
722.706
23.456
737.723
684.294
4493.383
1534.052
376.953
2762.807
993.603
1646.277
1528.013
44.009
334.913
548.176
1212.679
2332.088
1602.740
481.334
837.671
217.087
1733.041
744.359
1022.898
106.384
1972.722
374.721
204.826
362.400
106.824
210.368
1905.429
2675.907
204.150
1272.492
512.428
779.980
3032.065
316.302
2535.562
347.706
142.268
5145.049
3476.461
185.903
20.913
445.577
1679.020
96.770
395.117
323.806
82.545
342.352
1108.193
733.795
789.070
512.334
136.022
41.300
5739.397
485.811
91.819
2240.956
232.928
1460.217
1751.963
44.206
3795.508
7749.527
6047.318
153.565
3.202
424.605
3250.242
4919.190
3102.858
73.073
2208.886
2189.975
356.540
802.107
831.870
862.587
67.686
4127.072
1268.761
145.051
248.327
2908.760
1476.359
36.762
675.894
6504.950
1078.538
848.267
436.913
885.763
201.039
386.756
60.202
755.682
2246.695
2349.386
748.417
1011.367
3109.036
903.331
1153.856
347.393
299.402
8.789
1638.961
3411.082
2115.715
1287.485
61.816
4162.043
358.651
425.229
3877.976
25.105
186.950
504.331
610.740
939.875
620.590
154.364
3549.433
1893.508
346.605
41.189
1886.410
1532.332
3063.745
540.127
1028.457
1040.944
12.142
463.042
23.327
2132.307
84.523
1338.596
5769.542
666.442
627.764
74.557
234.863
855.536
166.146
696.454
3253.732
628.371
1310.799
6501.403
582.626
566.944
1663.203
369.565
1131.103
281.668
72.871
80.582
1662.993
661.276
702.395
957.317
1418.044
42.306
4006.239
12.015
2485.888
466.591
613.116
76.101
532.083
1445.422
81.999
2048.150
1431.694
197.286
108.399
768.410
3263.522
6.005
733.744
545.644
527.223
1068.907
2482.646
72.527
3544.223
87.345
136.375
285.205
99.827
2668.979
324.947
1251.652
289.678
769.894
1261.671
864.605
9.478
656.860
516.989
2806.122
2627.325
2207.843
2856.782
58.765
1108.673
681.859
4144.955
312.597
11.425
2789.965
873.923
85.560
2730.933
2119.773
536.409
550.187
3889.887
194.077
347.662
2170.491
2164.348
2812.014
1187.578
122.007
88.773
66.331
2914.805
155.490
544.865
1963.797
3960.703
1269.001
77.689
283.651
911.940
862.023
47.209
1083.620
1850.208
477.473
2825.563
53.767
3043.996
199.700
456.646
299.227
3340.749
1559.633
385.496
785.296
1906.645
126.630
64.115
910.678
5908.696
1260.976
122.031
1843.191
294.922
415.482
2477.328
4681.591
696.447
1094.611
1455.877
404.954
439.008
580.786
301.247
58.953
4176.600
2782.686
1178.096
4335.500
569.126
21.493
844.507
82.189
525.849
426.491
1576.429
419.125
242.744
3499.601
192.559
228.255
17.026
1341.119
77.699
106.351
4357.808
101.523
500.610
945.612
1297.163
184.928
149.881
961.349
1097.065
689.997
135.414
1825.501
485.860
924.764
1196.171
275.422
175.333
18.690
336.619
2056.724
233.182
4643.168
715.202
416.444
670.621
21.847
517.287
183.031
1887.813
761.523
99.826
7414.707
1619.201
127.185
148.283
8.910
2400.285
0.151
1313.543
8.477
94.134
581.618
1269.438
352.419
16.973
3803.779
1928.563
6470.175
1850.115
433.119
334.129
1669.626
300.445
621.209
3852.457
2602.158
70.248
2018.659
2246.672
2009.410
371.026
351.383
2135.634
133.937
3132.152
9.872
2749.936
3516.821
31.932
39.568
142.114
3942.876
606.238
56.606
2197.858
120.622
327.782
916.513
85.029
1730.736
764.611
971.724
501.280
348.605
237.200
1380.031
359.640
597.025
246.806
2553.286
3545.357
2915.445
829.569
1779.653
189.132
1619.417
75.653
200.582
121.030
4418.980
155.958
38.012
151.623
223.524
1170.672
3193.756
3262.027
69.790
673.419
132.545
70.633
327.381
2273.665
5343.325
2579.740
423.155
105.562
849.744
4.374
482.312
376.948
400.733
2642.326
2231.141
20.156
1068.789
3821.451
557.764
4736.363
3841.336
989.145
1389.918
241.501
1076.335
498.437
186.062
59.169
3787.511
1830.921
419.779
2016.660
2654.266
3160.718
1506.259
72.266
3789.627
1258.371
481.279
6757.211
3400.634
43.077
146.335
2204.123
52.156
4577.597
3642.378
750.193
3975.219
535.218
2108.461
1029.925
0.181
394.059
245.262
947.825
788.635
58.032
4266.144
1216.523
5959.270
4859.113
425.799
357.496
331.371
751.665
79.991
467.166
68.344
875.286
4231.014
3976.330
135.664
3237.015
275.025
233.285
552.082
3.061
2798.052
43.974
45.514
994.737
3069.162
14.555
382.181
84.397
2816.115
36.792
116.090
282.540
603.507
318.238
606.357
3520.101
90.975
1070.647
86.662
1723.793
12.307
1514.977
2910.363
1007.635
1780.445
2095.484
494.344
1859.386
903.314
8032.501
1002.070
56.087
4059.700
5344.350
5379.093
1880.376
395.175
691.161
1491.502
23.471
1928.308
773.424
666.089
2224.277
3988.044
299.842
111.462
661.180
1542.887
1468.778
471.248
1603.468
4957.005
12.013
6065.238
1488.119
3137.547
4746.669
1679.350
278.576
392.986
1703.063
177.701
2478.998
1065.083
657.662
313.109
712.859
498.645
100.298
874.743
1341.109
3378.363
65.448
4565.222
4160.357
696.055
1091.227
3080.498
672.960
5631.908
3941.493
4144.817
4609.928
7.733
626.517
1521.438
353.262
8523.753
188.429
875.985
378.962
1010.047
57.319
236.466
661.519
102.045
108.144
810.151
4433.859
262.142
580.640
2034.735
754.770
159.515
380.964
402.330
688.860
43.923
314.071
3888.875
941.745
1180.470
3254.197
415.055
43.895
953.097
243.647
443.195
196.127
1103.211
258.023
1311.933
2790.411
92.135
1704.568
2036.762
2724.047
23.248
118.302
77.445
3960.988
762.861
225.355
6532.462
1127.737
1725.362
1106.370
3885.878
223.235
174.094
2196.453
2.557
5978.513
1306.676
568.531
2909.283
124.819
793.662
193.507
1469.849
906.035
1422.999
237.453
2280.787
922.596
697.080
1784.761
313.950
44.132
190.287
110.971
29.915
1186.931
1879.600
112.600
3683.092
318.500
2121.351
53.139
156.171
2038.877
81.327
2396.559
55.439
245.525
4007.869
98.458
1535.825
411.568
690.466
9.546
1435.322
765.564
124.056
2401.886
100.263
1658.928
4000.112
1644.747
1532.540
663.188
434.447
4313.599
1968.491
102.459
227.503
215.963
315.874
131.743
27.209
106.208
779.982
1957.307
5.861
221.470
777.862
2412.146
473.382
805.044
6725.774
2682.304
2485.865
4947.654
2104.284
35.973
4633.325
6634.754
3465.144
59.696
1869.870
951.837
49.118
6593.337
0.532
1237.428
1803.234
6170.198
407.549
855.356
957.683
49.268
262.946
1426.407
2087.991
50.640
53.487
953.661
2243.641
4443.382
1582.289
2323.059
2664.716
183.801
16.191
1107.419
441.939
291.668
1.898
163.132
1116.928
7.282
666.613
582.275
1445.920
3117.395
324.584
2259.089
814.937
250.929
17.002
60.717
1769.951
201.447
104.520
40.159
875.611
65.094
234.844
1221.223
17.372
516.245
103.011
699.468
6044.014
793.236
187.406
2120.974
828.191
1243.362
65.092
265.381
204.300
203.945
204.727
5076.973
677.327
501.054
245.813
1502.718
126.776
235.748
530.483
3276.131
1381.657
2223.214
1987.914
1547.299
551.265
5791.098
65.926
138.932
1241.918
377.803
1989.032
294.468
609.094
757.162
1948.342
511.375
239.795
2143.443
2357.583
299.140
652.717
130.564
1518.876
2901.004
460.210
1078.839
8.021
1087.265
1614.702
758.702
33.484
698.835
160.060
1846.705
515.552
180.149
19.047
511.732
89.615
1362.877
3148.428
1069.134
1942.628
1037.458
995.666
188.856
1573.388
972.218
547.983
3339.006
20.613
94.558
284.179
953.443
4658.473
575.268
3158.102
920.637
702.174
157.398
230.060
895.917
1867.454
22.963
118.289
4803.528
616.694
3002.789
3557.597
20.823
2150.616
1522.890
159.967
3528.436
905.920
6.914
82.630
580.702
3752.595
327.822
1764.574
2163.651
62.603
2406.494
3185.019
3936.238
1792.388
1134.296
34.450
207.175
1883.351
1061.468
376.428
5243.119
753.157
5247.470
3588.983
87.198
144.957
1736.695
237.561
495.148
346.956
3627.147
556.714
1075.280
153.256
6.534
452.718
3201.117
3212.322
147.611
3235.705
2174.055
81.525
3242.262
324.596
1265.235
1890.525
255.282
3471.081
4193.922
1866.635
1986.419
3618.874
551.429
1957.677
34.043
762.379
741.551
656.890
983.536
1304.384
2024.643
167.455
1857.928
156.184
5307.236
8249.374
1479.847
1460.982
967.962
856.946
2595.496
293.357
2540.346
689.766
1201.807
192.334
5991.813
884.368
59.544
31.644
963.168
1580.363
122.994
334.869
301.807
625.716
1.900
109.063
11.481
1.211
2114.526
982.528
56.826
3464.763
39.412
188.208
3541.078
1153.585
110.845
1645.207
46.017
796.962
408.909
443.462
49.112
1590.936
982.862
797.843
110.264
1072.076
570.428
116.548
1365.882
1580.112
1305.795
2760.407
263.918
615.708
126.010
4889.278
137.587
306.465
306.884
896.937
72.691
755.059
214.385
1483.320
233.630
53.464
264.175
3700.418
1021.503
1266.683
4.438
1351.521
447.688
4924.108
2057.575
244.888
1485.000
141.101
788.282
5055.139
181.318
206.869
623.205
556.527
173.361
307.918
754.969
692.329
1103.096
69.850
1510.455
172.001
39.858
142.645
4790.276
3285.528
42.423
120.170
967.241
1132.673
1295.896
18.963
611.848
821.081
1581.388
206.683
2352.442
1212.994
475.531
308.745
529.796
2214.629
5.622
392.458
2490.297
6350.731
156.948
1545.999
1456.750
779.740
19.105
48.250
21.382
1319.434
53.355
1752.234
243.171
322.598
1193.184
31.068
6.213
54.107
141.404
6298.305
1130.098
30.634
7449.144
658.720
411.184
1097.917
1148.013
18.874
3526.511
234.510
786.848
2628.577
784.052
52.728
779.756
1071.980
1624.017
547.891
550.531
283.107
267.512
978.191
111.056
345.711
4.446
955.338
3970.243
185.941
438.077
1554.542
28.583
2264.755
24.225
634.239
2629.912
1615.181
762.665
487.281
2316.649
1541.635
39.032
712.639
737.484
562.449
333.878
126.142
426.427
3751.604
286.834
36.109
145.750
1239.941
4911.580
635.582
881.119
196.463
1914.888
7064.960
502.221
338.920
242.028
93.634
502.927
1072.593
42.515
989.331
934.627
885.532
972.974
357.717
836.104
578.051
590.332
1382.509
2038.660
2647.523
239.838
1217.070
386.485
198.820
617.437
55.206
2068.228
78.664
2406.983
960.309
3636.755
195.499
515.569
280.575
735.543
1214.632
3520.635
3081.063
15.368
3868.084
1328.002
966.727
2827.888
1908.784
52.001
33.562
901.709
342.657
17.986
1438.478
87.732
28.278
2310.991
3205.882
326.639
5293.626
60.392
180.857
406.107
239.427
2420.261
50.287
570.026
314.487
1528.353
422.555
251.869
1288.722
885.016
1712.668
672.057
1252.169
543.957
63.618
486.096
4384.369
5129.915
816.210
201.160
576.685
416.806
745.146
531.963
1147.105
984.631
650.237
379.330
648.494
1260.894
706.633
6951.321
2024.986
21.847
1494.459
997.255
1332.180
842.997
451.267
1243.993
4212.565
411.083
16.943
1051.678
433.363
248.118
43.788
113.627
37.524
1599.981
882.419
999.822
1361.830
52.977
3679.443
2568.512
9.077
2189.801
591.596
83.267
1327.628
325.130
424.689
348.026
722.380
54.064
1363.196
804.765
527.888
0.326
800.962
28.264
66.085
171.022
1240.811
4917.023
309.946
2024.778
579.900
77.520
3296.846
369.410
1744.494
2029.581
506.902
207.193
1864.676
30.121
2016.789
19.603
1021.170
2154.176
3527.466
1308.500
53.616
535.304
403.421
659.072
741.002
24.721
3527.245
493.843
91.594
1.396
61.596
103.153
125.255
1538.011
51.819
37.446
2144.894
1134.556
859.761
1086.673
213.255
2660.207
6.940
207.296
1324.404
4447.676
2056.823
2148.319
509.911
977.407
390.365
919.217
6.690
1066.212
546.821
17.481
1317.751
50.834
243.938
28.634
136.004
1981.331
107.072
4275.815
559.666
814.272
2746.064
364.945
3811.605
334.802
2242.321
351.829
592.637
494.780
1683.943
794.384
745.716
577.691
205.509
32.654
238.464
1489.719
283.115
1333.482
146.239
169.519
964.454
650.017
2840.316
96.902
69.270
1147.517
1051.647
1342.731
492.670
649.811
1943.200
456.679
2934.216
41.745
381.855
5783.871
6941.182
629.864
591.718
178.203
3351.508
319.590
525.229
11.328
1138.926
3390.491
1053.128
307.761
71.104
1385.665
3699.924
1209.995
303.676
1176.571
2302.193
707.916
59.684
151.115
61.959
339.206
92.927
96.493
4933.656
1176.938
1431.577
88.612
109.636
854.237
3709.874
18.917
157.730
6150.793
1188.736
6854.082
632.203
92.064
701.049
96.176
2517.264
721.532
3392.620
39.635
1708.163
5056.922
711.193
377.484
1143.829
4375.039
7414.960
785.181
913.856
18.854
581.167
47.077
119.123
314.875
34.928
187.508
118.237
283.609
2138.414
246.924
57.878
2276.176
19.054
52.825
146.758
811.269
2943.438
2525.505
1328.989
1590.021
3196.672
385.876
566.782
185.798
1369.307
177.436
943.098
42.758
1891.483
137.944
52.693
665.159
3115.050
1004.087
312.260
913.013
91.472
381.242
1227.106
249.405
3.298
5388.501
222.843
1454.339
1108.606
4.265
325.723
4333.509
565.834
491.339
4127.418
902.679
1583.378
2044.873
2261.970
1993.325
98.760
261.493
2784.465
353.791
684.091
260.425
673.547
1.490
1913.811
212.287
193.716
665.328
2991.704
291.879
17.236
328.992
73.247
1860.844
3269.019
1334.466
24.870
3026.859
437.394
504.826
379.828
6.653
2853.569
1161.358
180.229
103.156
427.659
4254.820
530.743
596.523
119.247
1408.642
2531.012
249.296
7.577
3080.335
17.152
6751.731
5512.005
2484.813
3.705
44.840
1909.966
5101.586
2005.446
1274.320
283.946
1632.857
86.417
3913.657
2207.071
522.865
1265.020
2668.386
1051.756
1225.887
78.935
86.185
1262.582
6.263
1169.311
565.712
771.884
2704.995
127.063
858.049
3873.471
606.186
4037.366
1361.634
213.774
198.191
12.928
879.543
149.968
1672.866
3979.797
314.201
985.075
1657.823
2018.925
1591.263
1494.260
1024.699
691.362
1026.115
96.818
49.259
4873.428
525.519
876.394
2860.133
952.109
2128.503
175.824
46.110
4551.936
4085.581
18.572
8.363
1011.055
40.140
2527.102
513.739
22.943
425.525
219.788
17.094
517.528
5012.310
2293.960
2863.049
476.110
5.266
90.574
252.958
1836.135
4597.884
81.049
1206.285
29.470
80.632
1269.853
2087.008
1745.396
1899.306
325.135
922.879
2910.912
400.290
663.403
56.527
3130.954
992.780
268.570
123.509
636.204
1899.359
66.564
306.542
1880.537
1071.253
82.753
48.656
95.772
12.525
2.996
207.923
822.892
781.531
2846.247
18.812
957.031
869.738
965.661
2790.991
350.884
3229.544
1323.889
78.524
753.256
6924.269
571.677
125.607
5006.781
1045.637
1425.649
1909.067
34.435
676.599
125.738
102.155
3411.337
24.942
274.751
198.748
377.813
62.325
2567.908
6421.098
1649.225
810.314
299.570
782.014
607.643
1636.668
1993.668
615.881
7745.858
1335.018
819.340
1897.785
208.784
1583.992
4060.946
31.258
195.606
2144.536
5723.843
2191.602
3666.512
2838.292
164.575
5185.886
1180.281
15.459
609.928
1474.948
2982.689
15.077
58.211
18.314
800.081
3485.604
12.202
52.465
3813.151
428.462
5280.387
2662.495
81.042
16.063
3719.614
3333.511
2340.258
37.524
5980.886
411.264
959.613
820.164
4956.297
156.045
3273.746
3180.371
490.347
31.144
499.941
526.708
2074.887
1119.671
15.895
3591.110
1415.863
3539.133
497.587
417.730
3.825
45.301
1985.656
983.744
225.653
493.023
884.257
886.626
58.656
118.737
1712.891
1045.670
141.113
2595.475
6394.048
2014.496
257.299
75.161
1325.445
388.708
464.062
1047.605
112.085
1712.145
1351.619
81.558
337.156
5330.512
1146.146
1148.964
2728.121
395.654
901.585
930.382
45.834
3464.053
308.006
63.485
2021.635
3623.575
985.662
1976.184
858.487
259.951
285.053
1033.293
1563.621
3998.226
1246.865
7.763
2579.191
2037.598
169.281
1330.443
1771.074
2065.596
5174.066
2163.532
1235.809
4543.146
876.972
1120.118
640.998
443.384
1561.443
215.369
1247.247
1642.555
1487.567
2252.092
136.898
28.594
568.000
1493.225
4698.282
1655.795
540.411
117.163
654.088
585.732
1048.471
1149.732
39.876
339.315
247.342
140.919
1678.251
1042.513
4466.606
1199.903
917.635
1198.724
4837.452
1391.908
6553.776
2152.914
258.640
1010.143
2227.566
1074.093
1257.384
1188.092
2650.018
1158.492
3127.572
1430.626
699.312
1881.332
4179.853
81.106
225.876
2717.241
572.644
275.679
38.123
217.407
3316.418
1311.192
162.994
1058.710
415.200
584.825
45.259
1871.502
335.728
7066.491
822.355
98.863
62.056
1627.931
105.525
502.396
1450.482
239.146
164.533
27.021
117.034
1337.457
495.883
130.136
3024.405
589.640
3530.507
1990.018
798.774
884.941
677.523
4398.123
15.122
72.304
1474.132
841.544
558.442
122.591
709.938
946.217
192.484
250.688
2502.127
96.633
1262.502
256.185
161.671
347.199
22.786
2337.456
519.125
209.280
10.991
423.032
222.644
2091.273
2715.096
286.169
133.643
189.966
166.008
6920.878
435.216
390.070
103.138
3401.601
3506.032
1757.653
942.009
1147.725
517.594
513.605
4235.511
813.576
1970.753
38.251
803.459
3024.526
117.340
3216.028
952.276
59.425
964.194
138.905
1673.667
641.617
546.368
240.864
1564.700
3138.205
1983.339
1178.694
447.463
454.088
776.473
460.101
153.483
3398.982
976.026
1370.422
1928.937
1342.704
109.413
342.125
7.000
105.514
277.353
245.101
455.442
545.239
499.473
6380.028
671.995
3801.289
521.424
236.839
2155.998
2553.428
5481.728
1571.631
1178.529
4299.388
1160.754
1836.953
6.819
460.085
3467.313
1419.880
1597.300
3.806
2188.272
255.897
341.845
95.480
137.930
1812.360
296.694
205.058
1206.002
112.073
169.752
358.494
338.603
1532.308
1537.076
435.031
151.895
193.744
47.843
615.782
426.365
7.494
5874.123
1318.007
277.438
578.671
550.725
286.960
868.610
334.321
29.627
106.048
5260.772
1249.371
128.589
3510.588
987.273
2132.785
1507.030
1020.813
788.296
0.375
18.279
3429.416
733.666
97.994
2802.361
2930.104
259.440
860.235
447.894
1620.785
651.386
1221.481
2497.524
1662.265
537.438
2920.089
1604.221
110.205
1676.815
956.658
1912.927
323.784
6258.172
3386.459
2304.761
1710.950
41.953
5.402
956.943
2641.879
1457.302
881.661
1407.317
135.091
3069.016
586.409
86.673
2192.356
3294.310
3410.736
881.589
385.664
69.881
587.416
17.075
1932.988
228.593
2601.245
172.410
1053.645
83.494
1890.952
464.379
575.687
1260.483
6.818
57.491
281.548
1630.598
3200.040
3207.514
195.200
2152.708
1731.586
2142.831
373.977
985.432
8.431
9.980
5.300
1422.082
5791.974
785.513
236.798
35.369
297.964
116.752
2036.061
2243.426
2171.442
278.068
442.873
835.477
218.813
305.299
426.162
1122.639
29.476
486.689
402.784
43.233
126.119
9.363
296.013
2241.516
939.882
46.816
1318.809
1093.952
126.559
365.398
2119.130
139.960
1260.203
327.020
2070.210
1232.596
11.573
34.763
4734.046
9.939
158.988
1020.891
2968.336
60.181
320.263
1018.079
322.314
635.824
532.123
1095.913
2756.681
672.384
3807.603
3225.865
1699.294
2472.048
15.943
1764.781
82.917
2138.063
159.264
1455.606
256.354
34.085
250.742
156.883
4022.263
120.383
1204.118
33.312
2378.724
7696.660
531.623
270.993
387.473
111.300
144.964
31.951
203.432
34.130
126.514
488.579
5112.510
1163.914
3116.403
1543.054
73.458
4652.029
277.794
15.136
782.269
3678.559
80.275
29.415
282.171
126.841
1864.760
602.975
1370.971
3319.226
18.335
4189.015
158.854
486.551
4125.574
2346.104
1205.049
787.819
290.384
9.270
2580.777
118.487
18.629
7950.967
1140.394
1507.839
52.376
1795.148
2100.756
4351.639
482.333
827.578
545.872
392.280
2110.432
861.479
1310.261
66.359
448.412
6.421
640.186
1531.518
277.565
641.990
117.095
622.304
77.890
125.799
72.699
8009.166
2957.934
871.317
1277.488
1107.394
873.983
4719.163
854.995
1755.227
892.029
2111.396
219.284
51.385
954.446
93.084
5667.987
1142.138
445.988
35.894
14.466
448.087
8.039
71.629
2018.171
962.590
1400.162
41.744
774.688
1860.728
788.628
308.504
631.123
475.976
650.620
2638.076
368.882
484.373
3772.371
789.768
610.487
1731.087
2746.805
428.724
18.284
2826.758
142.100
68.474
134.323
303.332
362.912
864.505
1311.907
128.974
787.747
140.558
3110.276
202.793
1150.529
74.685
2395.560
587.253
33.705
495.584
132.106
872.747
232.160
2305.063
7000.585
43.129
133.493
793.539
3358.976
323.946
2794.716
2109.273
4842.719
265.204
41.468
1072.305
2.013
543.611
2573.286
356.989
3213.428
795.674
277.316
274.144
1824.016
1977.492
1974.273
1352.261
648.520
872.070
112.975
1321.933
272.965
82.157
147.210
2389.728
1407.026
206.106
1025.159
1943.069
2345.450
59.665
43.118
1054.581
501.458
420.140
142.472
472.335
91.837
395.513
141.545
378.750
816.103
571.406
2225.890
5536.821
897.003
889.125
2911.998
4676.267
531.721
835.830
112.787
580.766
312.446
1027.855
2911.723
1004.143
157.753
4317.150
98.798
111.670
738.069
998.944
1178.440
2284.658
795.571
3538.783
517.059
1227.671
483.230
632.684
4135.642
256.929
642.481
1894.215
7.593
1402.480
3838.560
4645.969
1970.841
1135.104
503.644
4565.836
960.428
390.577
100.014
59.456
1595.785
341.258
309.666
1113.185
4668.373
1519.551
980.091
2565.108
987.724
461.904
343.531
190.609
438.697
7360.134
1780.312
501.415
2725.327
169.242
3633.045
1304.769
1698.221
130.353
6350.241
4207.809
107.266
697.154
1384.334
1815.439
9.684
2864.454
5555.249
1590.920
27.816
2176.651
374.901
211.054
3224.638
166.145
1606.715
123.253
699.907
1188.238
3660.498
1776.901
875.673
1600.158
3656.061
1397.274
2061.972
361.375
637.611
63.472
972.923
8.489
47.651
2369.171
2227.737
5022.414
2246.145
5.906
1024.362
228.853
7060.339
4375.755
767.665
1183.190
43.173
23.610
252.593
39.503
6507.489
1101.549
56.418
31.654
1087.931
425.154
2403.572
1304.215
124.882
309.073
228.248
1157.540
743.930
5044.831
311.521
214.099
1974.668
2346.377
394.506
1370.688
103.572
57.939
355.122
29.249
1270.982
9.914
1890.455
31.770
7.579
522.514
5.275
148.632
1089.815
6766.449
909.496
451.463
728.816
394.408
1031.263
207.393
51.782
70.075
4039.980
2708.689
7590.689
87.275
2440.717
352.422
1006.273
20.301
648.871
261.145
569.453
535.241
423.489
1226.318
2335.465
1722.865
940.937
120.366
3234.545
675.526
1155.609
729.369
4588.229
1512.642
511.651
345.426
2493.366
472.428
1420.944
943.904
730.379
4516.296
1798.479
2668.007
742.061
675.607
4445.583
686.062
4.034
2310.803
713.458
1503.226
93.265
695.187
2462.326
1182.556
68.076
58.646
41.122
80.730
1610.387
3476.915
1595.121
2952.290
465.309
3232.171
118.991
46.054
135.754
5.490
2591.772
61.813
272.999
80.027
928.650
1068.202
744.333
894.320
5036.563
262.689
188.260
1150.714
155.594
497.983
75.481
547.267
657.101
1429.018
571.830
684.801
1128.014
1314.955
695.189
21.159
863.528
2174.917
507.497
665.663
318.050
1882.992
3473.148
336.403
1032.555
932.079
212.876
1020.645
657.028
260.716
507.550
152.422
196.647
392.926
335.895
538.369
722.561
1560.520
161.495
122.600
560.685
1789.197
1004.822
418.781
235.555
423.156
26.378
167.167
6411.483
555.146
916.010
1084.733
375.203
484.176
10.892
1067.342
250.327
2072.735
2658.997
285.021
5279.945
77.020
287.935
868.175
42.698
1097.868
4924.582
1683.899
38.732
2047.919
189.096
5828.174
930.978
489.626
3259.841
7.041
66.411
774.771
712.493
1915.739
3009.253
90.007
207.713
527.138
25.104
700.093
399.778
570.427
3337.231
1891.401
2.439
435.346
176.553
118.560
971.791
3453.597
586.705
3246.220
1269.579
4594.563
3171.869
1436.135
335.413
994.398
1580.859
162.831
1401.352
1687.411
2293.154
396.635
2089.633
1.767
1970.023
880.341
325.820
219.923
890.737
283.495
3789.952
22.012
504.434
481.793
3974.767
759.062
2585.787
106.016
827.695
156.587
6452.988
207.714
2232.502
1719.585
584.879
191.445
1480.287
383.654
2505.674
130.057
192.949
5439.730
845.754
1166.874
142.022
2341.680
1577.877
369.371
602.872
5299.299
941.979
226.629
1393.360
1217.652
1332.036
1751.788
72.796
280.710
357.222
272.913
645.330
339.490
691.701
1160.317
36.378
228.965
5051.792
1080.751
3072.450
1986.915
156.279
15.799
1247.533
4332.191
5963.579
29.984
2715.264
221.962
212.125
383.571
542.155
2156.963
948.699
611.947
2595.327
1478.769
140.828
118.630
110.770
2724.143
981.960
3018.316
535.058
2689.767
829.679
1477.622
3703.080
1862.270
179.185
1365.962
1167.501
278.517
976.146
3448.771
144.716
1076.225
7.502
2819.684
593.098
1940.935
88.425
16.848
38.958
1629.384
13.044
1156.350
93.223
549.250
237.108
662.776
1178.310
1278.293
1233.514
123.550
63.799
1509.192
4865.401
171.576
112.716
1172.942
3647.295
43.164
4462.395
1405.653
6234.168
1899.333
444.494
194.777
193.069
180.429
528.392
352.686
8.672
0.491
3.645
4315.394
5072.456
209.102
325.579
21.853
1559.375
41.253
273.136
441.956
1235.410
32.148
1049.802
371.489
2156.858
792.115
5649.733
79.393
748.103
158.072
455.444
1802.763
1210.654
39.883
15.177
980.653
3632.892
1345.805
2961.746
67.614
1365.524
3229.523
204.660
2805.662
34.432
1822.621
449.045
1724.102
2.904
14.678
1174.499
774.194
2782.751
867.535
82.976
689.280
69.810
414.111
24.829
1595.596
251.515
364.038
640.890
195.474
2277.025
69.093
144.904
559.466
53.834
482.500
186.308
152.212
2687.668
325.294
26.774
59.223
1202.101
164.062
2566.331
496.789
155.133
4888.517
111.974
1988.612
3296.217
1378.451
174.052
134.506
2403.208
923.836
2478.910
16.029
218.219
212.708
106.754
850.091
1668.523
1337.721
135.931
7250.242
69.305
573.449
470.717
3301.010
543.063
329.103
218.628
461.891
1822.860
538.013
413.171
1509.189
22.856
3488.073
38.808
32.827
4149.665
1087.153
475.166
521.373
1040.031
2758.662
14.387
418.714
535.667
220.464
757.585
3807.569
1699.730
565.725
4234.842
1045.207
1224.260
3281.784
1437.589
173.053
2412.898
3702.661
3759.733
208.245
1269.890
1312.105
32.156
2017.160
74.853
901.844
32.008
1734.195
593.981
4270.794
3041.528
1015.339
39.424
1253.715
330.375
562.971
476.264
993.033
408.940
940.594
540.114
3.319
8.297
2774.874
569.934
2027.346
164.475
353.911
1348.517
408.355
2016.468
28.664
332.969
1885.956
1488.489
3655.038
1063.048
384.306
936.865
793.710
61.198
755.921
3414.229
876.820
134.679
348.741
314.370
5766.805
1347.730
1725.214
2600.375
405.760
1748.792
6267.958
1504.219
1208.695
2047.684
860.991
2810.686
1160.332
1093.091
38.312
132.876
9.886
1276.353
901.023
52.568
60.123
633.248
5001.162
187.822
2932.935
32.422
747.596
2764.258
488.851
325.785
277.073
1893.915
2282.992
832.385
1786.870
43.138
4624.364
88.926
24.246
440.724
1510.925
218.870
581.161
69.413
2053.085
804.360
481.967
16.384
398.032
27.140
64.205
22.618
224.513
1535.825
2089.205
1045.446
774.163
1172.742
1736.786
30.530
1406.567
587.126
1486.348
3621.876
89.837
1451.577
398.656
1557.258
1019.287
32.584
1584.158
931.674
3678.219
445.996
2090.115
903.979
2433.969
12.236
39.217
388.072
123.674
858.506
960.519
10.212
3081.004
1923.289
550.515
1149.618
1322.867
226.183
131.455
821.254
5962.060
744.854
5843.131
240.374
6109.992
171.030
579.506
1079.952
19.270
737.862
2032.843
1548.249
217.994
3780.703
173.120
874.391
32.633
233.379
86.299
277.092
3282.654
1219.949
471.408
4949.424
334.063
2300.494
432.082
879.027
15.721
100.568
3682.138
909.852
539.060
1814.958
990.368
36.618
1231.690
6307.571
321.573
630.595
2295.090
5372.707
492.582
167.258
95.323
1326.126
624.254
1102.117
654.379
243.422
459.837
224.511
2107.633
5021.611
610.743
4511.770
160.900
1172.024
257.221
984.662
4327.947
66.150
1157.409
1208.791
487.583
406.133
1821.060
441.283
2945.858
76.857
168.260
2322.957
1361.659
136.102
6721.765
2160.216
2254.115
700.379
87.266
7.422
451.085
47.747
1594.336
5711.711
2707.748
1580.675
588.592
6755.447
608.112
830.892
503.721
467.291
1019.082
33.581
2403.262
2088.695
404.359
763.851
1473.512
1409.178
1325.160
760.191
830.437
129.346
25.225
88.975
67.373
1009.578
790.896
284.854
4113.564
950.536
900.981
371.729
2057.701
348.710
22.672
2803.611
631.473
1552.769
386.658
896.559
1591.357
2471.326
18.045
221.332
10.794
46.974
238.532
2205.301
1690.840
111.463
944.788
66.514
24.384
1176.381
816.971
1334.563
1351.674
1444.019
319.099
809.018
798.235
3339.789
113.502
679.196
2423.084
292.597
5617.456
1843.427
945.696
189.757
420.765
8.905
2324.289
300.238
38.476
382.693
216.478
111.154
991.571
446.707
1304.335
1735.160
252.992
1963.118
5825.498
1007.740
3724.898
834.179
52.818
348.971
6138.720
784.615
0.238
15.297
4227.678
2171.847
489.335
411.785
337.414
296.792
97.275
2212.557
91.142
723.748
394.319
1230.229
226.920
931.969
2161.843
90.700
1231.148
1686.371
55.129
871.758
427.340
1352.580
139.932
2687.073
941.204
5448.601
1526.579
491.875
2812.738
7485.127
275.779
5627.785
430.587
243.817
561.501
2815.799
587.235
2777.846
33.090
454.255
239.579
570.205
543.307
106.981
892.419
305.371
1667.243
1377.906
3029.069
3943.356
69.764
108.601
138.189
13.108
531.894
460.596
1113.694
65.638
107.137
2636.548
3562.157
3151.010
109.599
1322.181
1479.331
39.794
3411.808
971.838
3684.675
13.099
859.354
154.218
1719.355
46.557
42.367
468.847
2138.646
532.919
853.466
1108.450
4.384
2922.557
1774.629
1314.183
345.073
25.042
1283.718
319.750
741.743
2874.132
103.474
15.446
5441.983
386.125
3932.735
246.695
3922.979
23.720
514.526
1238.094
1207.927
700.223
2991.617
2043.375
2896.602
3000.489
578.822
1189.296
478.795
73.550
2075.050
1887.271
1126.603
500.789
218.456
299.307
1219.588
745.766
7.679
725.321
60.066
172.874
1215.867
526.855
4426.463
701.248
81.620
2261.034
125.597
276.630
58.640
15.456
2211.335
320.881
332.360
677.020
387.387
42.250
1205.101
96.664
435.518
129.143
79.785
1755.643
3154.602
1475.092
201.451
358.037
7494.701
716.855
1519.622
486.382
1387.959
72.466
4673.254
721.500
542.129
202.160
555.245
509.303
1081.047
880.039
1352.414
368.567
337.300
2787.008
125.341
125.516
1573.173
73.889
200.084
892.624
2111.690
710.278
453.183
1516.445
367.297
1113.224
5007.732
140.040
308.620
444.673
1019.801
1263.256
1078.218
762.953
381.644
602.816
25.046
5476.213
819.879
5136.736
757.537
1066.628
1072.838
661.674
338.503
3.269
119.065
330.911
2949.468
3221.956
728.202
551.825
326.728
1412.779
829.125
5359.809
44.444
3584.461
47.035
2208.281
2.546
139.461
319.186
515.227
615.632
4838.073
704.999
449.916
2162.176
1566.680
79.403
2385.032
3667.032
585.143
2125.177
1339.388
1607.642
1348.751
3943.591
1936.554
7.388
150.186
4342.119
93.355
1673.843
100.716
172.677
1894.020
1464.447
137.801
1988.759
126.844
1005.384
12.110
1038.848
1989.479
172.419
389.811
4187.244
346.567
1050.979
888.428
144.187
163.390
670.663
255.237
13.994
2197.095
607.933
39.384
503.413
1354.619
1376.188
24.994
127.368
5.433
126.479
4212.319
2162.900
49.275
10.397
1362.351
206.706
1217.634
892.643
111.848
17.024
959.491
1574.220
400.879
862.450
584.449
394.712
1211.903
1917.216
39.414
3751.538
1014.118
757.480
1102.189
1485.874
1367.625
295.321
321.691
7078.998
61.284
6563.944
713.708
1559.094
127.944
18.349
419.905
3121.533
9.320
1464.059
224.032
1051.791
865.867
1081.620
369.323
873.790
57.762
18.941
265.929
4187.351
616.720
36.709
1493.447
1880.686
1464.124
18.516
489.098
691.066
1574.260
36.164
225.616
2390.911
2376.167
1134.272
2511.943
65.061
2344.869
6779.512
1316.306
211.228
2825.671
91.394
5.670
4848.784
2720.630
1302.419
373.780
1726.540
412.683
1708.282
117.292
3887.532
543.416
1589.306
266.748
1467.935
3898.611
1653.272
4.549
964.128
2848.106
455.980
427.002
143.726
815.255
3008.643
1165.863
389.900
2045.823
99.971
16.754
128.344
1512.511
2620.923
3180.218
644.947
754.939
2497.079
257.783
1043.895
4047.776
102.376
3447.385
267.501
708.920
3467.627
798.438
2151.445
5107.045
1516.351
1264.620
1896.569
1222.805
3923.215
686.311
107.547
523.993
490.346
106.707
3810.956
2361.964
2090.586
2235.470
83.101
98.703
9.911
1646.619
3085.136
347.190
412.069
109.859
407.390
610.351
2356.265
6586.187
1008.173
1008.095
2517.280
2535.568
105.099
2101.259
370.441
20.632
2370.130
246.886
211.109
556.395
2927.635
66.225
2922.362
746.715
31.066
1799.844
1780.573
359.876
113.053
182.154
699.163
192.928
477.542
1395.865
392.648
2107.524
522.380
52.011
6.341
328.211
3316.274
1226.241
57.821
65.355
711.851
331.862
180.378
3610.562
97.587
1099.398
5242.039
665.003
332.724
2442.917
2467.923
2374.887
1244.598
2301.032
1146.066
2162.524
7859.835
1040.356
282.267
54.661
328.341
5344.759
1586.188
89.244
1510.360
863.031
249.958
1642.172
2031.141
1390.053
5302.927
872.342
409.165
2213.304
4792.340
486.771
37.165
375.999
329.159
1081.102
655.565
2.735
1730.803
66.796
3663.733
638.664
4.457
536.140
4629.277
40.629
4385.403
31.133
3159.724
855.876
4953.043
1759.774
450.964
4509.120
1797.850
528.164
100.209
1376.216
645.057
1435.949
854.962
8.387
332.495
166.271
1159.053
508.662
3529.175
372.662
8.582
4334.409
30.403
317.505
1534.843
444.668
1692.337
1770.652
1273.374
280.666
374.859
37.109
1117.189
1175.723
13.733
855.091
392.770
2898.774
441.319
184.341
1782.506
465.557
1609.620
235.286
101.984
3832.289
2930.185
1716.676
2334.398
305.059
147.305
312.972
186.594
5643.060
208.172
1335.895
1624.750
194.157
28.770
2.447
281.932
303.658
1513.522
131.892
1195.093
1093.841
3330.832
23.354
17.248
3813.844
31.946
3015.801
5724.438
5807.633
862.301
560.768
957.467
453.929
2937.132
19.179
1425.562
683.832
1692.299
1053.132
871.013
1760.237
369.326
1163.592
175.492
4642.321
419.635
1887.876
887.078
1999.901
602.316
3902.709
1289.764
34.724
870.594
232.684
3526.875
85.745
81.926
155.621
266.742
1722.626
4277.980
104.491
842.703
2615.052
499.294
3296.263
867.480
279.465
233.002
1679.821
876.818
1164.440
810.139
176.589
49.435
511.917
579.321
34.320
663.574
276.439
1695.883
168.002
2025.932
1471.922
2994.518
32.432
15.889
469.433
1841.961
641.057
1514.999
1458.960
126.970
475.483
488.268
656.104
1150.688
140.050
22.631
248.613
59.489
456.076
1889.477
2490.399
2390.513
336.978
3905.412
280.400
32.298
1889.515
4261.010
767.602
3030.850
137.907
379.208
336.637
89.088
108.736
1060.795
135.276
1773.083
320.901
287.358
5157.380
1420.907
4747.705
366.602
3495.697
2.788
913.041
2.269
2166.233
4401.081
1252.012
2053.184
1711.757
476.626
133.125
387.032
95.936
2663.839
415.994
1846.490
680.161
945.338
1177.455
404.434
1427.482
1227.275
5634.369
3.259
681.248
2311.004
67.102
538.905
562.133
2520.923
575.244
1257.858
310.980
67.560
1121.777
269.551
102.567
607.942
17.901
161.183
4029.983
82.306
493.058
351.437
206.941
1233.433
667.687
1576.917
1610.697
4.108
96.417
53.016
136.948
71.459
3862.466
583.032
2533.107
270.754
744.022
44.267
410.959
212.559
340.899
1430.939
471.714
543.555
406.034
5292.744
2695.573
458.472
1711.864
3519.138
105.632
1865.325
2271.050
4522.450
1762.294
1756.535
287.226
638.359
3181.218
7.913
12.351
385.513
437.467
1589.495
160.529
4568.715
1827.579
180.815
949.631
3.036
19.760
5854.101
4201.527
870.255
908.847
6030.373
1312.923
2950.045
1169.565
1258.993
489.543
4069.273
16.796
371.004
1334.330
38.522
968.164
10.190
2636.813
2925.102
1375.321
35.757
493.586
49.652
542.234
3546.475
630.161
581.323
421.666
1412.120
1692.269
410.984
5061.272
1709.648
309.773
775.184
317.528
2071.744
492.347
581.340
2023.836
368.539
43.873
9.355
1.076
4.645
1487.598
3089.172
522.893
125.656
2081.811
2569.102
930.135
726.101
755.206
392.949
1134.269
502.450
3363.798
1237.260
382.596
712.507
99.621
2181.030
3189.231
67.700
459.755
1156.166
1759.071
2524.420
2118.465
5027.447
1704.907
278.564
2574.592
1353.163
1787.275
923.995
812.717
1549.607
1898.578
186.726
2644.938
369.898
407.559
80.890
34.353
97.421
514.348
58.718
468.635
525.308
100.476
1506.687
790.876
178.960
2337.056
720.801
69.223
3212.222
1900.285
182.800
17.262
1.668
2987.007
3337.108
3446.732
13.835
3411.616
52.426
93.924
317.857
329.999
1246.104
3073.675
114.686
237.685
1487.473
553.318
343.496
332.744
269.300
2610.019
849.257
168.788
397.686
1007.874
1609.860
145.615
326.555
36.805
6.767
803.819
354.465
92.212
558.628
145.166
187.870
521.562
799.888
2586.819
177.878
788.625
453.179
16.753
1514.436
2091.339
3756.969
1186.860
297.843
29.219
130.626
585.843
70.013
4193.935
649.323
846.048
459.325
2025.823
21.316
1732.481
2065.077
2107.658
3259.146
2176.705
682.471
1439.246
433.504
1599.966
366.462
355.894
2351.702
3160.779
45.651
38.466
378.566
6221.337
1268.258
110.150
222.297
37.961
1007.401
716.839
1682.189
173.998
910.513
863.657
6770.888
842.188
28.107
1457.154
377.442
580.329
744.290
352.388
89.196
172.904
2379.997
2303.267
1300.643
272.162
775.130
81.215
313.270
406.806
942.323
144.788
712.154
1825.648
773.812
423.156
646.470
1573.876
1392.960
3056.094
3668.606
1283.259
24.957
3008.506
90.008
3.308
1356.495
1984.559
605.613
667.981
2000.532
133.179
2221.711
1112.678
690.655
317.897
3262.376
387.622
24.441
11.437
2549.256
13.033
351.561
259.733
1431.357
3347.936
132.273
3839.447
5446.122
51.273
1643.138
46.586
18.521
2092.025
792.267
215.818
547.256
221.867
297.032
1194.437
54.527
3130.829
2448.039
199.645
1500.784
2808.056
5160.471
590.849
1074.715
138.723
193.882
2724.396
1110.263
9.115
1421.327
16.284
343.672
3739.211
6577.028
890.877
1609.054
86.959
122.207
7.495
1142.981
9.886
5252.038
1301.759
107.287
1776.145
73.188
418.177
538.915
1605.451
248.192
1167.586
422.313
556.478
7007.701
1187.899
351.910
1482.837
139.945
2079.041
5414.567
7151.551
532.332
45.266
494.240
94.754
44.436
4337.637
4550.343
1684.507
6656.654
476.589
710.758
899.315
644.475
6114.767
519.880
24.946
2739.043
0.854
6.821
3190.710
704.487
6656.775
541.949
362.245
33.470
3616.001
426.824
2092.686
129.787
1975.655
5525.168
236.534
3770.060
125.254
38.392
36.806
28.541
655.117
463.772
1360.515
107.724
4103.044
433.009
660.576
2655.173
1686.640
1524.446
24.775
1044.064
378.962
486.008
3018.049
242.488
918.211
1215.417
349.379
1164.542
4229.439
158.708
954.658
75.628
5802.763
95.543
302.871
356.577
3650.836
374.192
299.049
586.967
128.700
540.354
632.284
1517.432
42.708
2838.350
180.153
129.982
31.569
74.032
1145.360
246.618
1124.226
3848.080
94.442
976.247
1675.945
155.853
283.234
1042.682
1195.807
699.417
1924.855
118.178
808.448
617.660
4676.263
3079.155
3471.872
4423.757
1487.334
164.835
2421.416
2706.207
1231.227
2608.059
529.334
27.717
399.391
1079.074
128.037
30.235
522.390
512.880
3300.738
2.462
2227.293
321.517
65.774
38.976
1939.343
2424.857
1770.823
2497.920
1281.986
3413.584
81.014
4.796
1156.212
736.035
1773.932
996.185
646.775
1730.183
825.532
2280.470
1745.715
289.129
37.732
2253.232
1902.896
2579.611
381.555
266.277
996.741
241.541
83.659
3738.216
1190.449
1059.812
18.428
523.361
1123.994
1.386
24.617
5659.213
663.631
1063.703
807.509
3617.005
435.976
1776.599
1474.998
846.828
4267.066
97.956
2586.694
647.679
70.869
2372.580
21.645
640.860
218.779
72.727
72.653
0.890
51.433
636.978
659.824
231.171
1185.512
663.389
2723.692
524.115
116.367
2225.041
3064.342
4667.686
521.770
41.206
23.056
2652.379
306.026
63.617
548.434
956.020
324.869
153.232
2866.912
9.585
667.478
1394.966
75.742
3517.241
2043.685
381.034
248.814
236.759
2771.669
3368.762
10.982
463.727
2859.918
9.889
500.989
767.398
895.490
2129.571
533.307
401.035
49.917
127.238
842.749
857.996
668.307
431.153
1874.874
1648.389
984.544
2910.801
122.226
629.531
598.136
1075.781
1308.527
443.607
1131.442
595.790
7176.070
31.358
3933.769
229.873
1072.470
91.142
803.003
596.758
29.111
900.141
1051.142
2587.971
178.133
832.592
1329.096
51.952
89.575
788.908
1804.046
5948.243
350.002
438.239
44.513
691.751
3825.854
1797.670
1019.232
1855.877
48.300
527.846
1716.368
4796.197
1425.185
1196.128
71.639
217.106
337.092
758.558
1205.214
164.572
202.900
790.199
412.403
93.020
880.625
95.895
1204.143
523.621
4076.570
1122.916
351.531
884.897
591.909
1570.933
69.540
134.829
119.089
36.162
3331.737
1410.578
127.168
2824.112
2261.604
434.769
1043.885
855.166
140.556
2890.243
1758.525
3566.516
167.381
955.193
475.648
881.316
22.341
2509.683
511.483
2212.375
1627.965
2635.183
1870.227
2334.811
28.831
65.599
522.858
386.444
3085.983
5403.173
1556.719
759.475
2112.472
195.552
309.094
3037.656
88.241
611.472
304.778
1203.925
6072.513
749.406
2.223
262.021
774.330
2291.608
141.758
598.565
148.903
274.157
91.222
443.122
993.729
2067.640
23.435
675.904
427.594
168.399
2038.213
874.235
1361.279
44.451
1012.602
704.730
44.036
194.191
114.994
93.056
68.072
1187.604
1364.066
352.785
118.126
199.263
1912.222
791.934
822.554
534.609
152.021
1551.005
612.569
182.342
5051.030
29.969
1613.841
24.572
3048.495
229.569
1812.241
2807.631
76.499
1399.416
659.368
402.857
3424.891
5.721
122.410
846.800
800.178
114.460
170.955
4505.502
551.355
436.393
354.717
437.809
250.077
279.931
643.401
4437.894
219.130
199.319
790.744
1053.991
1687.969
1995.275
1008.454
104.453
1540.213
607.887
1648.328
1300.692
1096.584
1533.823
1581.270
162.437
467.230
4448.543
267.175
1380.970
437.884
1139.442
0.200
2759.834
416.493
406.647
1479.250
6.599
389.337
134.185
958.000
6107.518
1601.256
297.536
2556.957
435.785
86.471
3163.293
1413.866
1402.388
2132.931
1427.129
380.584
487.055
14.725
2406.909
412.643
258.545
2209.728
6385.285
1385.159
1796.814
3109.840
3234.773
4051.077
695.946
201.085
58.934
3458.248
566.727
1053.989
10.689
319.600
278.538
182.086
7724.480
242.273
1426.054
2353.774
928.170
1328.950
917.425
0.096
2441.484
509.047
5.811
148.053
293.748
701.082
221.807
3920.344
89.085
1678.833
5453.503
1167.266
65.011
137.107
15.895
595.817
4644.314
326.910
628.632
225.433
2589.149
2006.158
332.673
3417.299
364.232
131.596
25.284
17.589
1202.697
670.457
2704.002
6403.456
1356.261
322.219
455.029
1363.282
2.365
3302.755
593.045
174.619
3053.576
816.999
4117.532
2831.489
4953.309
164.634
871.873
304.622
3627.156
3318.326
272.298
73.601
319.660
4590.058
4579.082
482.643
1563.350
1631.822
2123.105
1357.203
623.839
248.924
1375.268
1314.044
1513.104
1263.907
579.438
525.049
73.529
22.991
2575.732
2192.154
457.274
840.629
410.180
1116.899
1070.504
2749.969
98.616
79.024
1019.525
39.455
2093.263
50.552
3511.539
75.591
2228.453
2759.747
922.644
1667.323
1611.743
653.141
771.579
1964.289
1239.666
24.778
4730.902
3423.968
2608.729
1902.958
1.748
80.681
4001.754
2965.557
766.686
19.081
37.487
975.286
1178.085
1977.813
2246.454
426.398
9.042
4539.652
374.261
1073.779
5634.648
149.718
121.888
55.191
528.083
246.209
2.600
803.575
1840.234
1444.949
6942.022
2102.574
460.677
604.022
1046.233
360.227
2122.815
180.946
3533.387
540.751
6016.401
1913.304
478.728
392.094
166.907
1360.227
996.176
1232.431
3123.399
348.745
387.672
2612.123
2152.523
2.127
879.779
58.066
2450.088
4905.913
2025.652
1614.597
294.136
232.429
47.670
308.664
302.961
43.064
9.725
1631.455
2.861
970.803
796.075
1149.977
985.969
63.083
285.435
153.731
167.915
3274.315
1317.769
2692.231
619.952
3210.313
127.438
106.734
5326.032
421.987
230.597
2325.387
985.781
227.322
748.595
346.296
202.090
277.924
939.054
58.788
44.015
2779.358
2196.307
5129.210
828.049
1058.688
752.646
2258.717
187.612
2658.752
30.189
2087.486
4063.304
3657.497
3824.189
3717.691
541.095
3614.919
76.295
751.929
443.644
2660.995
634.277
3287.951
216.141
15.149
1831.788
5580.173
5820.536
177.079
27.229
10.356
1432.127
110.214
1219.880
45.944
615.486
1809.783
6189.054
94.453
41.772
1982.416
4885.608
5062.321
660.808
1081.150
1192.840
3244.619
3488.689
155.403
1.924
802.310
2370.155
3869.005
442.489
216.955
185.078
673.693
155.166
2866.679
584.628
1340.219
1345.219
540.873
1547.876
772.409
2794.175
9.559
663.000
103.233
467.687
50.793
3691.276
51.816
377.022
23.752
1215.947
712.456
576.620
981.565
709.034
1751.337
169.049
882.415
3396.607
310.789
158.789
103.374
1184.729
5891.936
355.172
2082.785
1029.403
2571.947
717.572
51.491
2646.387
2048.806
782.934
2088.257
1204.688
388.273
4087.873
68.264
3271.661
2188.968
2013.516
48.582
11.244
37.449
3085.040
4047.648
826.142
1219.506
317.513
2130.022
732.502
737.741
508.240
4241.460
351.855
174.210
3283.334
230.886
559.670
375.709
47.685
630.789
79.361
214.811
302.407
117.462
128.675
850.909
1067.440
1445.221
182.839
4747.162
1093.040
261.240
75.035
2898.580
38.053
428.295
2192.499
1199.126
2228.979
1528.147
65.929
3248.636
2263.613
74.790
1091.191
7.560
753.167
1435.934
642.036
49.117
1306.990
33.763
5402.735
121.327
1633.834
723.491
552.722
569.460
3121.692
235.835
2957.216
73.481
181.216
1905.494
1208.099
1667.356
3246.735
7.182
60.625
611.392
615.043
1147.134
1017.213
672.685
47.568
1697.767
159.423
324.574
17.473
902.102
511.555
811.955
124.242
329.571
1314.056
553.241
4275.997
67.626
449.876
42.983
150.820
1425.686
157.269
2543.301
3058.113
21.469
3286.424
119.430
146.940
7.761
17.623
135.427
690.925
43.523
124.455
1538.232
1569.285
65.015
59.196
653.148
31.010
31.860
296.564
651.899
13.612
864.688
612.733
1308.654
235.473
16.385
1821.089
2991.168
280.531
390.232
170.593
306.565
1076.823
19.949
4513.004
21.539
45.188
236.929
590.881
905.357
228.313
758.424
562.429
4274.998
1286.660
161.684
137.100
4.480
5199.495
3300.434
53.626
1273.854
1057.774
1054.105
2022.439
534.470
17.250
1490.738
201.344
3297.599
1215.058
24.134
654.243
1208.114
2387.638
1582.980
3201.181
900.872
377.139
1356.459
334.209
212.542
107.047
51.315
63.977
1817.856
2541.036
767.608
26.920
2473.430
68.429
898.210
2572.483
1530.444
933.112
467.165
1262.574
3100.633
1046.830
372.916
648.365
808.453
1124.291
1745.511
5487.999
2054.576
3944.701
1314.614
715.249
3944.218
1061.140
601.345
478.843
1881.579
236.609
381.546
819.631
239.129
1322.528
2009.941
1745.537
1718.690
41.902
4091.196
554.293
220.470
406.563
281.152
803.277
1699.924
30.711
4353.443
130.955
129.408
65.884
1.450
1686.091
797.136
1682.188
2007.905
713.988
3365.696
61.927
507.988
2205.728
132.657
406.352
259.968
217.532
2792.558
1038.061
1532.339
77.053
1500.764
1591.849
240.280
1661.739
5863.416
1427.322
201.934
1545.808
3514.980
120.224
96.671
124.023
166.199
794.740
334.709
1853.981
967.041
600.974
97.171
3393.891
1375.211
4751.915
624.727
4172.625
4813.689
196.590
81.966
117.561
4.136
1151.121
4372.339
2065.870
884.015
0.155
2141.497
89.805
1437.112
336.020
3723.856
1262.053
2393.203
1417.861
2272.850
266.863
158.351
354.590
2165.311
47.981
3784.963
1733.150
566.959
33.054
51.809
425.102
3358.306
155.149
216.843
2892.508
522.156
4888.641
72.467
732.764
941.864
3439.736
940.822
770.464
379.671
371.024
1169.959
56.539
799.136
208.805
13.886
78.569
4774.763
160.192
36.614
341.773
476.031
2865.922
334.190
103.089
3793.361
1032.804
2811.267
738.636
363.166
139.094
1921.741
211.538
864.939
2819.302
1140.442
63.345
609.468
453.857
342.946
380.468
916.796
832.996
136.010
1462.031
354.142
428.001
602.504
3288.630
22.942
15.183
2238.289
3030.904
471.621
604.392
381.303
5836.769
2432.748
1141.761
22.215
9.239
3060.553
209.068
4159.051
2452.565
528.645
49.430
931.399
231.491
18.928
921.318
241.584
4651.632
618.079
3282.482
51.172
783.575
11.600
617.587
701.091
834.026
321.193
729.821
5447.277
1919.355
0.722
66.583
50.217
27.163
54.042
1126.732
1143.810
148.209
956.364
315.878
862.532
1272.801
1526.725
194.933
711.531
1150.999
215.092
775.151
303.382
269.716
512.288
2226.295
105.247
78.458
1143.225
4558.906
491.921
562.455
2132.432
210.591
172.569
2502.928
696.823
188.815
412.921
419.269
469.269
3083.645
360.973
5959.736
5855.409
229.653
604.542
202.280
3575.341
441.104
21.907
113.746
588.043
240.411
182.330
2423.163
536.239
461.338
4048.827
35.743
1755.741
233.312
1241.568
519.735
1231.180
2073.279
343.912
1999.804
1871.012
593.122
48.484
746.203
236.063
518.575
32.666
5672.195
2538.465
296.800
496.301
1007.212
782.319
28.876
40.308
344.187
299.372
537.566
28.285
3488.035
398.748
5058.719
272.465
627.852
1260.524
269.947
374.526
24.149
1881.294
2213.769
771.351
741.647
690.216
996.957
1658.552
1125.576
2981.725
3528.118
103.153
3979.234
15.322
888.690
5340.937
259.857
137.849
599.082
1256.345
491.089
892.311
562.683
220.125
634.288
3763.959
426.124
2168.517
95.417
405.941
893.990
643.770
98.401
29.071
725.936
829.678
1499.165
933.253
1192.408
154.003
695.274
102.400
264.940
59.581
20.417
286.489
155.052
6436.973
672.359
448.286
2090.340
424.233
1646.682
586.089
4432.017
2618.305
8.188
607.619
7029.148
5537.180
2104.983
2037.206
819.828
2483.341
12.954
1299.928
449.018
9.005
190.881
488.366
1183.030
1062.080
1841.436
19.562
3423.779
1392.081
181.642
24.533
664.113
105.282
3207.132
1725.362
850.344
34.510
452.737
23.061
1118.546
208.047
624.414
1626.025
159.397
3762.735
1396.123
1569.227
2892.375
881.101
1712.889
2237.029
920.275
4785.447
1957.613
637.512
3680.957
84.754
231.014
119.125
128.488
155.739
4206.733
36.067
3046.089
22.554
464.531
3188.810
60.031
66.786
169.222
4579.558
1177.700
3050.139
37.776
1607.676
901.885
94.460
3719.838
855.514
340.516
1075.761
5507.326
91.120
3226.139
1055.842
649.993
36.608
4833.045
75.338
1761.765
51.333
753.220
213.663
438.200
2591.292
27.411
3688.553
1545.544
2313.581
198.609
492.879
110.037
1145.599
2540.116
2484.568
231.688
459.712
1490.693
178.763
114.295
201.665
2915.105
264.062
734.710
2020.372
1190.642
2357.618
88.766
330.505
2104.044
437.134
674.609
2971.497
4272.995
4487.520
985.087
72.163
3113.117
976.317
2665.689
178.730
402.309
234.754
2.460
1337.908
574.548
805.347
1665.875
491.238
4760.159
24.949
477.016
1134.520
111.157
344.204
198.637
518.133
2133.787
1460.445
486.310
1804.932
984.972
522.482
52.193
1152.573
102.619
5926.221
1179.146
539.921
737.660
239.252
912.776
2019.991
667.504
2126.980
964.892
669.396
3471.199
722.655
17.878
1663.876
8.955
10.807
947.498
1184.423
8.913
980.705
1369.631
89.986
444.027
35.069
611.316
106.381
10.904
972.631
2484.059
272.425
3170.516
138.457
1056.262
272.025
303.595
1657.589
363.982
3525.655
150.827
2084.681
2854.118
1523.459
4503.655
4532.948
173.447
94.309
1950.582
2011.477
413.687
7.402
368.436
4859.091
235.155
3509.632
1954.135
291.075
949.200
657.377
296.932
1987.087
210.408
22.813
317.492
775.673
991.834
239.385
408.134
146.775
4712.082
1882.959
603.239
207.113
359.525
1048.253
1567.166
47.341
758.649
546.773
65.069
1157.011
1416.547
2439.746
695.814
11.476
1143.040
2156.983
756.408
494.830
65.165
433.984
468.633
32.591
484.907
1446.290
407.354
1764.933
1027.714
736.137
53.535
101.084
3089.122
154.581
6892.413
2338.876
667.294
2802.192
310.800
257.753
89.060
271.674
2856.755
664.282
475.335
28.874
1594.954
3080.511
972.563
2436.639
1824.583
4322.092
1730.916
1849.345
1815.762
1667.072
1843.251
128.216
4723.549
624.922
1506.621
696.677
546.140
694.040
7.513
227.501
4750.051
778.189
394.316
677.821
216.089
52.603
50.949
2231.127
450.370
50.815
1433.671
2995.170
49.233
201.439
18.706
48.402
461.262
1183.221
1113.967
353.333
189.740
1413.005
4639.157
237.089
2610.341
3036.690
18.746
329.338
678.138
1331.957
330.241
3628.082
406.176
129.368
58.308
1157.620
4890.949
36.696
1299.169
38.161
3.074
8829.355
11.878
324.801
13.032
4498.103
982.930
14.878
204.160
166.710
544.206
4430.760
1607.272
25.540
1520.432
813.011
1401.549
168.678
3774.130
13.959
43.128
2321.608
3994.691
1709.790
1688.379
496.950
246.290
235.489
30.708
311.911
2802.999
353.685
78.844
1333.638
5431.544
632.593
4392.835
313.956
287.150
101.666
612.736
563.588
728.541
3878.881
18.447
7.250
63.527
2346.511
813.443
280.085
555.828
2104.582
896.988
394.815
17.992
606.104
3699.748
4926.979
71.190
1402.837
4364.587
962.226
15.865
5364.503
5950.721
6906.880
393.986
839.391
88.286
222.296
269.345
3125.628
2768.194
369.690
404.690
26.930
1296.016
655.795
1244.549
1335.609
521.683
292.666
1521.037
361.936
3077.062
367.270
2836.284
556.651
1363.085
479.331
2692.756
126.071
1011.536
297.341
3868.498
38.908
113.145
340.008
1089.970
1261.446
148.392
245.833
284.970
132.454
167.153
84.983
359.166
408.068
1647.928
5056.031
731.267
44.418
15.738
2923.331
1822.639
1766.556
2883.470
2249.484
4457.135
4111.302
181.782
2343.070
1141.541
105.488
203.331
73.556
3200.940
2857.959
155.347
347.177
762.362
406.098
851.735
3296.001
1410.943
679.592
3464.457
520.761
1930.102
1143.737
3514.530
8.913
2115.495
2746.275
6.153
348.396
576.029
17.432
2332.284
141.800
2398.114
9.255
269.394
206.244
1002.574
1085.529
332.346
63.456
36.704
2479.254
124.627
776.192
441.121
2300.190
2764.681
3777.038
219.893
477.683
124.554
1272.652
727.757
1096.855
2616.560
1478.617
322.614
1133.002
608.519
59.112
3224.266
5350.295
9.992
354.787
3694.661
700.199
97.103
1265.197
516.339
55.012
157.007
359.919
819.440
2886.683
1224.151
4567.176
541.878
529.462
1222.690
1499.863
471.077
370.610
753.695
125.078
388.340
614.653
1074.216
314.193
920.513
68.676
1133.429
365.239
683.761
148.706
4259.330
2850.805
300.556
2610.570
357.402
1259.589
1124.317
662.104
248.882
502.424
115.497
3521.289
1588.447
11.859
1411.220
1445.964
625.027
78.411
541.076
195.161
403.998
3872.965
478.996
2365.207
681.119
221.183
3169.391
1002.848
1505.542
480.653
112.291
835.889
68.337
815.924
4214.732
335.975
388.730
566.383
4703.537
10.077
417.044
150.046
733.401
2399.580
1205.258
3230.113
5545.523
6176.140
3082.279
557.911
47.604
2267.961
229.902
133.610
160.236
91.029
148.851
920.074
999.775
482.824
55.649
38.301
764.435
1.883
164.541
1779.142
2159.710
2402.603
7867.853
2600.731
1263.542
155.358
930.018
1079.544
169.817
159.847
3.511
68.086
333.353
587.060
518.989
1119.922
379.185
3491.729
258.858
2458.024
1999.061
2348.324
176.639
719.885
251.626
31.591
78.057
3570.734
62.165
3119.942
369.587
292.547
1267.468
3589.587
2346.133
982.944
432.174
525.563
154.453
225.907
218.547
2628.608
1006.000
82.225
421.138
39.062
2520.978
231.367
2790.131
2055.575
2118.832
2024.510
213.417
11.190
1647.805
888.143
1881.078
542.862
42.341
8.632
28.939
370.565
825.601
58.005
1315.091
1559.221
504.395
537.393
3375.760
279.805
28.279
49.610
795.175
4173.928
1335.085
1848.699
32.471
415.391
152.129
1966.530
5038.850
26.607
1956.781
278.171
695.486
0.063
948.205
364.274
598.311
2.136
1829.795
255.849
39.084
191.450
2470.034
382.621
585.366
621.713
1244.491
19.910
2543.273
450.974
2067.352
140.681
2158.278
1128.290
2137.242
2038.484
396.433
173.141
1370.035
128.659
11.870
2427.068
8.210
1085.581
1055.650
4205.074
1.413
127.872
1663.135
2071.410
7.685
205.390
335.116
1493.884
1617.380
5849.675
657.445
6461.839
2120.181
2557.640
1349.147
139.715
125.677
1903.993
192.688
1286.489
1181.464
741.527
288.372
537.974
763.763
4810.740
2076.845
912.599
754.308
269.616
358.257
1125.714
215.716
319.190
664.797
4.631
25.745
925.094
3821.306
40.786
382.397
233.975
765.315
474.131
1324.911
6032.538
344.705
2370.449
20.316
562.687
782.858
7.401
36.240
941.700
498.315
11.041
718.274
3584.103
186.445
4415.631
692.753
2362.485
604.473
1364.076
243.974
2911.344
168.557
292.620
6531.075
14.210
2338.255
3823.595
641.247
1184.942
2693.650
255.064
137.482
1671.623
30.212
164.346
907.501
4158.723
1.224
94.735
2504.900
33.851
69.128
2511.721
2772.356
263.060
541.425
376.728
795.662
2231.184
1411.140
486.142
60.802
7.644
1039.607
514.093
144.153
3055.531
7522.585
273.747
935.773
107.442
421.236
605.807
630.432
2448.104
1040.120
1787.355
1836.599
3489.494
442.185
2046.731
587.523
186.259
827.902
809.189
223.302
237.341
1318.043
1089.567
2381.991
1367.031
729.822
314.958
780.535
2582.740
305.874
4472.578
3270.681
25.003
1981.422
34.871
3716.245
1367.117
471.341
81.291
262.224
2849.892
9.762
702.734
1499.138
32.925
402.399
152.999
4802.740
3101.287
1033.620
1214.022
1638.470
328.266
1034.509
1928.636
7053.093
1809.003
1987.914
99.634
1787.297
198.483
2840.002
342.611
1685.044
626.635
1569.312
131.867
774.547
1520.927
4403.693
1841.586
4958.665
1139.563
469.001
53.695
517.750
409.388
36.300
1981.982
6.492
2205.103
285.427
258.772
309.414
3337.739
4290.510
2088.135
502.957
1427.890
887.934
1244.976
562.633
82.235
3368.052
1998.435
2460.604
1108.414
2417.135
2225.066
772.248
832.041
1490.658
147.076
1259.262
2313.453
1439.848
354.808
1505.946
808.868
443.854
17.843
207.425
217.902
5489.666
686.409
2743.163
1831.357
404.719
2445.699
2913.843
4330.663
88.026
149.178
4411.993
1272.926
154.170
588.667
799.105
774.961
863.603
951.380
30.337
1401.394
2314.193
618.880
945.725
5546.189
168.456
2930.381
635.451
1072.359
48.158
197.047
4384.563
710.068
1641.415
2948.329
221.909
1345.030
1889.201
135.933
1193.628
153.370
1413.806
192.114
4887.992
125.384
652.759
370.253
544.426
1052.076
740.779
734.742
139.497
193.118
1544.911
212.175
296.169
111.556
638.103
1183.247
159.656
76.062
1225.217
147.758
398.498
875.134
1514.479
990.131
481.325
450.322
6794.695
2388.583
5274.127
988.266
2788.764
113.926
517.873
1552.480
1591.115
497.534
829.966
13.712
818.937
199.406
447.940
25.583
823.648
372.858
1107.201
1671.689
2056.534
603.391
91.289
113.872
692.135
437.809
4019.556
497.564
215.666
979.382
2.091
3.930
90.374
3413.496
1879.501
116.172
229.306
1336.360
1104.161
724.244
4229.240
305.813
820.402
5.849
2037.058
2458.455
457.053
385.695
43.614
1349.693
904.345
53.974
1212.687
379.834
2125.614
409.431
1037.747
663.441
596.928
183.495
129.861
1809.802
813.608
4399.714
19.278
201.357
306.955
1266.036
369.444
9.736
103.045
1268.808
328.113
4004.160
3010.372
20.408
1195.345
165.186
1551.432
59.665
4369.647
1163.622
2.676
934.298
56.058
5405.888
34.156
842.763
375.076
1656.591
531.852
691.375
1310.877
1304.450
1660.029
51.216
0.054
896.075
1364.790
4024.019
2984.278
1143.138
3465.474
22.578
5287.326
1333.187
2988.460
1770.512
1579.438
1967.714
1646.805
735.645
592.552
56.967
399.888
309.254
742.361
1104.644
1802.899
1233.478
1106.768
45.908
2416.634
725.247
11.004
87.381
1310.865
2857.406
18.660
2457.459
35.693
2645.207
3630.176
8800.463
83.946
3568.195
1092.874
873.036
362.096
4067.423
280.561
6925.391
7468.094
550.105
223.569
336.981
2825.102
403.339
31.854
1792.242
1917.883
1673.994
3253.501
530.436
406.956
74.443
1073.088
1082.497
671.182
988.808
30.348
2747.810
22.363
26.470
1944.827
64.839
1163.874
2982.497
105.375
183.503
58.869
2431.780
239.528
70.452
2723.064
629.731
102.370
176.691
443.207
22.017
4030.258
30.584
3789.796
6.760
3861.674
2934.916
232.336
464.991
732.688
3971.393
10.269
580.357
56.364
868.044
2462.687
5818.701
1335.981
4099.968
3.590
2131.854
1186.866
128.519
595.057
97.483
308.229
332.342
581.111
2163.890
14.410
6038.854
43.023
673.629
1204.434
82.690
824.484
4326.940
4824.998
542.517
87.583
175.525
760.260
18.849
373.946
978.893
217.037
401.483
1381.677
127.807
1128.824
1392.502
546.020
21.153
204.205
4029.662
483.374
3122.633
1107.632
898.321
1722.440
6.515
2218.120
22.502
4197.200
1786.208
1296.269
152.419
4203.969
4451.542
98.591
26.815
1131.250
2849.506
1165.662
436.212
70.601
211.104
1139.036
949.251
2106.101
1729.160
207.997
2414.002
40.997
3394.140
1166.645
67.191
1562.377
14.589
3.272
584.499
68.301
2020.876
8035.962
847.293
669.675
11.785
74.654
1735.063
456.262
384.379
465.324
1978.816
1137.974
137.353
5026.957
2617.798
1332.779
476.227
20.782
943.651
1426.993
1461.953
20.868
417.514
624.767
2.644
2049.862
1460.242
387.716
6784.825
681.276
2961.714
191.004
1031.738
5816.125
2919.744
1711.537
1741.420
272.952
120.858
52.621
42.403
466.319
953.184
25.731
6223.636
506.164
2609.963
244.873
1972.750
116.930
3032.832
1777.078
776.357
1634.326
4866.775
6083.823
626.128
798.045
2040.193
138.581
5632.086
824.230
1165.901
335.857
2209.495
416.662
875.451
1842.583
124.830
242.345
346.499
12.438
3953.782
1020.639
378.430
1613.988
266.998
96.738
49.352
1285.023
95.893
4539.122
415.635
6160.672
18.999
1097.860
41.923
1261.099
1876.430
5004.092
142.192
3162.424
1190.452
138.857
2002.281
7.028
3101.664
775.155
297.024
1864.249
4269.058
889.216
6172.183
1611.239
275.088
1580.275
350.167
2.337
36.425
765.152
1708.401
1444.052
3189.471
391.537
189.001
1548.250
2615.359
264.808
1097.316
0.160
68.000
2265.491
183.892
2156.721
106.178
321.331
4949.354
58.474
913.270
1955.781
99.604
98.552
4548.450
37.977
507.968
