-62897
-54155
84095
-96162
39956
42335
64236
-5134
16117
27576
-79251
-11881
32325
24629
-20438
-81748
-15941
88793
8184
69565
43634
-20427
-78048
15692
-72404
7936
-64767
-98148
32853
61103
-11720
52111
-97420
-44492
-56559
3254
-30455
5416
-92158
18661
39286
-97431
-23982
631
-38175
-11635
-7898
-73702
42703
55638
97051
30693
-49358
-17099
95291
34327
29313
-47758
8019
27997
-58653
67545
-85799
29771
3792
-15802
48716
18929
-91756
78593
-64365
-34217
71742
21598
67740
35779
-25422
61858
-59037
92121
6976
-60653
-31221
9164
26982
51899
-51751
-90151
78508
-82831
44276
59380
-35824
92427
-34950
64305
51867
-27290
-80031
33678
87531
-38820
67151
35567
-64008
-11694
41616
59540
-81012
75889
-74678
-85780
-78030
9676
24200
-67781
89096
-44446
-65538
-34864
-69732
-9558
-35568
-22427
44464
-68511
-46520
58272
-27429
-85885
56330
87604
-58383
37873
-26379
55560
-90927
58302
96710
-47059
4609
-82609
-34816
-12165
30653
-51262
72023
-37583
-4353
-72528
-99581
18798
-8322
-3692
42357
-90080
-26021
44974
-60044
38363
95548
1408
-68471
-36481
-4072
-21545
91152
-61032
-18947
-5218
-5264
23518
72368
-9945
-95998
-59329
50107
76688
79636
-95736
-95366
29462
-58241
15867
-55862
83859
51611
-81448
81642
-32020
25176
77144
-84482
73020
1646
-27108
16423
-30483
34883
42902
39382
-32163
-20431
-24028
92020
-53173
13839
41819
5366
25172
86807
-96314
-90327
-4411
62675
78295
37592
-89982
-62617
53438
58613
-6472
-3165
-26001
-16601
48055
51558
352
-24271
-70349
-79541
-92075
54599
56470
67841
-87468
64618
78110
-77351
25643
64911
46421
-86922
35572
-98131
81427
-83508
90871
-46077
-60823
-99908
-42267
-92837
95790
-72651
40388
7434
61161
84242
84070
-44990
-78620
-25583
-921
98040
-78705
-19251
-74961
64869
33350
87699
38529
35924
16263
-73611
-53646
82185
-57164
-47311
-95004
-7920
-47718
24316
-57475
-36149
97283
82433
-40826
80830
29177
-21785
-20624
85080
19614
-57072
-47859
20315
-44731
64284
74440
-66567
-74679
-39905
-68059
77160
-74981
98958
63757
-82327
98104
-89029
-32709
54242
-80216
-24132
41912
25182
-37954
49934
59441
-96679
81260
-50436
40603
-18619
36913
-34637
84270
10003
-1241
-97908
-59254
-75745
92650
41224
17401
10937
94420
68476
83628
-13533
66300
-42091
54162
48269
60850
-79627
2173
-95033
18937
-72492
-49305
48865
16551
-11606
72216
-36283
43767
12996
-93330
53744
-70751
-16566
98638
97964
57352
46001
52998
-39869
-45418
9975
61699
57931
-46508
-4956
-1758
-53832
-44147
26727
98260
-69771
40156
-21010
32434
-97873
28769
34708
-76592
-84660
78676
-64990
-84501
55169
-40148
-9301
36267
26615
-17017
-16072
-82226
-40812
-62434
98125
49785
76298
-8261
64336
36500
-6830
26669
-47380
-90652
1242
98775
27162
-93263
-10737
-52664
63907
52436
-29799
-5582
36401
-70054
13150
62423
-23201
-68993
-74205
-974
-87299
99891
-93724
-72221
80348
-52638
-99308
-67460
-77316
88012
39724
35797
4514
-41175
-14615
-50167
-12343
-95194
43222
-90053
70798
-67480
83635
84570
76098
76779
19762
43246
-24682
-42169
67688
71436
97126
62085
-34730
-26354
89635
-79531
18189
67447
66685
40252
-5747
-81268
82050
37563
-97694
25451
-33713
9331
64012
-48336
-61277
-70129
-99437
45186
78528
-55426
-17232
43619
-98458
-57092
38588
14224
58458
-59761
56927
-35695
92609
13944
38645
43002
-20529
-12134
53799
70345
-34157
64921
-81275
-14676
-29319
-41187
82296
-52683
55615
-67532
23551
72066
-65953
-79467
-8064
46100
51453
-44822
-19504
57050
55539
-2253
24787
87335
-81900
-83465
33893
31347
-42373
-94933
-79740
64050
-66946
21137
77344
-44533
47481
37457
-67499
-30013
-76313
-34644
-65925
61068
-25129
-69915
6450
14814
-86842
-9597
60485
46228
-10701
69607
-22311
34261
-71240
-56806
71243
-19877
-73261
93108
73603
-63030
-17803
-37588
57032
45267
-84755
60401
88157
70945
-71925
-93671
-22735
-9360
-1021
-48123
-61252
58424
38310
-63736
67831
-54200
-11732
-43605
68515
-80946
-25901
-55413
-19969
66428
85191
51795
94425
76605
42166
-53275
-2620
67962
-7445
51223
42363
71126
90874
-94061
-12347
-77509
77997
-91857
-45135
-24843
-94523
-44890
55443
-21769
-24221
-10468
73628
84525
49738
16652
95117
26987
56927
-5942
97702
-32188
-60526
62838
64982
-97316
-15227
-19115
39129
966
93891
-96772
25303
-80949
-74639
15628
-21160
18993
-17317
24839
67585
2420
37778
-71207
49204
-65376
59525
65363
-66487
-19016
-66119
740
-85267
2433
-5128
-53798
99054
51877
57442
25509
25587
97530
99975
-98436
57171
73656
69035
10930
-30211
-43450
-79186
40826
76427
57704
11824
54058
-20774
79896
-937
-64717
-75391
60917
50996
-80465
29033
-56112
-30684
-32192
78735
84455
84383
86477
-64137
-32649
-38588
73672
46585
-73770
-54080
-72118
98935
84444
-52512
-95866
-54764
28550
78550
8157
52205
-66884
-69742
-9354
11343
76957
-6492
-5343
53555
-83825
-32299
43545
2456
69129
12161
22185
-18361
14609
69820
7887
-59068
26916
93921
-84335
-76407
37160
-56994
-45382
29198
-50540
-92650
-63960
86142
86745
-17184
-17942
73061
53617
-13267
-16456
-78442
78074
70670
-39640
-18287
-36295
38527
-16366
-1892
50225
45037
49960
91361
-59431
-65141
33099
32746
16599
-3298
-12408
-22767
-25649
-68266
-52850
74557
-35166
96422
93662
20463
-51608
-74091
27500
-83054
85393
-17291
-74094
-42409
93004
88170
93157
4742
-17091
93820
63431
16220
-27794
48712
45303
-421
-217
97027
-52379
-44741
-12262
-52386
29978
81267
-8606
-25935
8865
10381
-63734
70044
47995
87097
-32339
-53330
55002
74506
57812
61734
-45049
30696
54090
-29610
69122
78901
46833
9013
-38458
68420
77595
19195
-45571
2997
96341
69039
-35247
71455
86575
-57380
72724
-60570
32509
91433
-40508
31678
-13894
-50227
-50151
84067
38396
-68633
50737
-53621
-27282
-41297
21010
57091
29259
13762
65588
35668
53640
37383
-27742
-45848
24764
11754
-87332
83523
-95475
-90865
56466
-70899
-52822
62345
61665
51569
-93860
5746
3917
-87174
11477
13234
1475
-63399
-37808
63918
24014
-47548
88322
70104
61306
61453
-31468
-3689
-73478
-28239
-97863
13945
-72220
-49255
-68821
-25214
-72594
78683
13858
39993
-61700
-68881
38149
8214
91704
-70891
-95060
-43232
-64518
-28258
-5212
-99461
-25668
82299
-79287
12094
-39810
73429
-63221
75896
51679
32466
41456
-96107
-92806
-47657
39056
23333
-68281
81297
77069
35542
33468
-86995
-1181
15207
96574
79197
-3519
61392
-65930
-4425
-45378
37142
93780
35065
-61169
40984
23818
-52460
-38361
24568
90694
-5074
-40543
-80923
-32704
44653
-35004
-25976
-55104
74875
68654
-84422
-49229
-55599
69624
48628
27848
29266
22613
33308
-56110
-87291
58033
22290
-77274
-9926
96238
-43325
80350
3136
-38103
92545
47232
-49983
81283
15414
-6849
-48660
14416
64672
-62621
42994
-42774
-66820
19386
-1462
-49461
55122
65243
-51368
-29954
-65443
-27499
-37769
91694
21568
-98975
93352
-84914
-98478
-97432
-27852
18905
36796
-73661
-92540
89978
-58963
-53139
-46607
-7555
2625
-53545
-46088
-19934
50149
11500
93307
78365
26306
94372
86539
-67988
76308
3582
80671
-26572
40324
-18671
-11397
62468
98867
96419
4348
-50017
41905
24214
54664
89746
28242
-51454
5375
-45742
-30806
-99028
73731
75578
13737
15567
68081
49193
-92701
60793
89619
-29667
-22922
43769
71451
29674
-50776
-7211
-83890
88067
76449
-2125
-11762
-5469
55676
68112
20050
-24683
-92109
-49015
99738
95974
37887
-44717
-44953
8753
-46196
47064
86108
13724
61958
-38699
-44563
14232
62395
-49922
77651
57530
-43567
-23232
-27013
-90224
40619
-35431
-27560
52477
-1201
-8871
86965
18272
20701
77456
85269
76129
-4346
99446
56728
-93395
-19312
57846
-29722
9273
-69208
-34614
-16117
21529
-69513
94631
67415
-96591
-94366
68576
50522
-57978
-43494
-30464
4899
83860
32800
-81841
96630
-31576
33546
85326
-97401
-5372
-4686
33373
-72437
95723
-7462
-35020
21410
-60654
41550
-5075
-99073
-78063
88902
-49112
19992
23266
27613
-25671
-50741
73272
2470
29702
69581
21875
1250
-93638
19929
-38249
-29116
26135
-41679
-83130
2611
81545
-58685
-92825
-20737
25096
13239
-72370
-79474
50480
-84958
-63837
-6149
-3460
28493
47270
-93337
66340
65491
-9954
8047
-55649
96107
-49546
51845
91958
11442
-59826
-76804
-76049
-32293
56843
-90455
39543
15059
31989
3255
-76569
-77275
23058
98179
-40364
-82233
56936
-60980
89249
-88264
18141
39254
77488
-80070
-75432
37654
-71220
58148
76953
-25032
78204
79871
-34898
-3695
-91634
-80170
20123
58148
28245
-39899
98110
-41454
85371
-43408
-17127
-66223
51630
-70842
-21384
-4096
-80738
24017
57817
51115
-95714
-90196
-87689
86424
-86792
-43330
53414
1989
-81857
-79222
-2689
-96019
-65552
-25257
19183
-78326
-71621
-39065
65439
-82389
56031
-62543
51992
56724
-63767
14195
-99218
65624
98200
40873
-32894
26858
25782
-7705
-34834
-47449
-84579
-58882
-23143
-59956
-86970
-92703
25078
-2660
-48716
-18071
52085
70346
-8990
-24796
-8928
90152
28977
-91360
3531
-50215
-14508
10973
-27067
83295
78916
44919
413
5055
68328
93737
76880
69921
-41123
-83442
-36523
-89362
18801
-13087
63047
-70711
76019
-19337
-12853
-52712
93329
50092
-66716
93976
-43879
2188
25167
-33082
71765
-63093
38681
-65352
-6439
19592
75564
-39463
-83259
47856
-57831
-37993
79135
86904
-77060
-83532
-10858
-8730
-22293
-4254
35821
-44743
59492
55447
-97403
-56702
50182
-95400
6468
-81986
82614
-6728
-66872
76894
80862
-11560
-27691
-46247
-12348
-37255
4736
-1037
-27820
81892
87914
80784
-78231
-3902
-41019
62189
10166
1663
-69260
-54659
24705
-24038
-21882
-8340
-63358
63746
29557
-47703
88871
-68989
-25961
19555
-26317
92127
28986
-51996
30777
44434
-55797
250
-55699
-40663
-20184
27848
-14548
82124
-54945
76550
22348
-26360
16927
24664
-48512
98694
60178
-52026
-73305
-71774
-13042
-52636
-37434
-48898
-26735
-82064
47236
32641
9870
-26445
95669
-39785
-76118
-99395
-73888
-45138
-65886
4863
-22208
-53247
42707
31416
320
62595
43610
-99117
-23286
53651
-46565
-25244
27426
-43817
-86051
80698
-44536
-46171
-98359
50296
-34015
-89332
27547
38953
-18857
-65246
-74946
-44280
50884
38820
-65798
-67232
-87933
53217
25476
2145
-73881
74821
51495
6577
-88842
-90534
-45168
66927
-79097
-45262
-58335
-13407
65181
22554
-79919
-14726
-73892
82342
41178
28808
-63244
7863
94911
47196
70930
-83284
90649
63859
41332
55334
-36667
-34810
76931
-9197
19258
-39525
65779
-87288
70330
95523
-39666
-64115
-83082
-9274
-96338
-33651
-99950
50729
34785
-2031
-75888
52261
9436
2734
-10959
76173
-1353
-38652
71954
28638
-51777
-46006
-63929
-7684
82911
49303
20153
-48510
-97079
87932
12949
-40556
4111
-17131
-65580
14365
1611
-1519
28233
36436
14349
-78815
41288
-75414
-82510
-77157
91433
9470
-6199
-73883
-22490
-13896
24335
-63080
85788
-76765
65995
-79716
-15955
58548
35152
76851
-63874
-40153
-61223
-56280
23047
-47308
99235
-30814
27305
59977
-32981
76412
-53117
-20142
1379
-74700
-85400
85977
-37061
87975
-63702
53540
79298
18413
-10274
-96152
79388
-60030
11180
-90940
-44154
89791
22455
-25019
-84989
-46121
-32758
-29654
15100
-94734
-75054
-67689
35941
-56987
-11334
-85859
-21841
56357
24510
60441
76432
-92321
-40322
-93393
2977
-91687
42032
26672
48236
64980
-76677
-7470
-61828
66165
31998
95891
16570
-13907
30008
72716
34537
2367
79066
-28531
-17919
-48906
97524
34000
-6624
30844
-532
-47111
22600
-97096
-27838
86478
26391
97464
-45935
74428
63732
-75970
276
44290
-18236
-93313
-71527
30974
66313
37079
-64741
47817
97692
3481
-64489
-98166
69664
-4971
-69950
8099
98753
-69473
-49348
89444
-79187
43306
-23427
16988
10462
99439
83119
76458
88373
-86665
24346
-75485
77593
-77373
-5997
-67744
82514
-24531
71587
-39741
52656
12575
-54361
-13226
-47455
51317
-66954
40040
13782
93353
-2200
70761
25934
-7280
-71495
72727
9098
94460
78081
24277
-4012
32776
-70656
45111
-32599
-9751
-91146
-67380
72895
-8960
-36442
69750
50318
21263
75955
6913
-96802
5525
-70622
-24657
-48875
28514
56944
-45826
-5315
-98170
75410
-40768
-69555
-26717
-30268
33224
3313
38604
-20602
-95179
20120
92734
29720
35265
-60236
-72428
97172
-47400
-43208
80307
-22895
-78744
53285
13988
41560
60563
-20453
83822
45193
10218
63715
-62720
-41102
28241
-84266
72883
14804
29096
-81721
-48200
-39247
-35145
-39532
60618
23
-9028
30602
-94307
1552
-89234
25170
4188
-26607
8689
-42835
-31101
-92550
-77267
58774
-51411
-41563
83346
-58980
-11382
89305
-15253
-40004
83802
38589
85357
42600
-80607
-92237
84623
-12450
-50973
64096
-43153
83911
-81717
2413
9399
34167
-14555
13260
-35784
5130
49059
-91678
-51887
4883
37111
-74589
-8994
76081
-19622
27288
-32062
37524
-71880
-32171
69030
-29141
-39103
-45446
47815
-56069
41886
-75769
-49991
2325
-33886
93114
-85441
-75794
24835
-32808
23895
-78892
-83166
10413
23059
10145
-19661
58925
-99080
-21724
43242
59639
78390
52237
97793
-19092
-33062
-98470
23705
29396
-35355
67276
80197
29866
32956
-10868
56486
-31126
29282
-61892
-16242
61986
-7391
-7201
24178
-53246
-67401
-24279
-94825
87846
-38883
59048
31424
79338
55606
-28163
62361
-85563
81046
-74998
8694
34351
6506
4752
-66532
42545
-9957
92141
-35231
-74509
-372
37482
57669
62684
9150
-83910
-82894
88700
-714
-26883
78707
-19403
98224
-40529
72048
-20219
11325
29147
-92074
67967
11089
-71051
-90587
-50713
-1588
-47527
8215
-87613
72500
15639
-52365
-47493
-5648
-10130
21994
-46091
96869
-7539
-20516
41338
15169
-94280
-15005
-15566
67717
-30389
-47487
-10561
37226
12272
30760
93233
-91635
-95634
64450
-64490
-79295
-94335
23380
-36520
-81566
-15716
47512
72754
97527
51030
12459
60668
96305
-88758
-20168
-42065
-17030
-30437
41730
28976
87697
7920
45013
79438
-30289
51151
-21805
-94849
34151
-3612
-96054
-30329
72462
60836
-40471
59295
-5622
-59032
-5789
-22014
-41047
72447
27555
-94069
77266
-97029
83934
28184
-94621
38263
19248
-41961
-25911
56340
-99391
-5925
-49544
-40071
-79123
78798
52750
-1344
-37089
-3027
60460
-47006
47689
88894
-41179
-82712
-57637
52055
60375
30054
51869
-16819
8556
-54389
-1961
29964
-57488
50487
6643
34424
58330
20827
-4171
94560
-5608
68615
-65404
-3844
24497
70503
72559
-58528
-23544
64072
-82688
3820
-71358
-22665
85538
1809
-5376
93789
-44422
-9653
12457
14224
67743
-56518
-85045
-70110
36074
-6442
32466
71848
-59415
47319
68681
-26080
69394
26599
-76632
75079
-868
44360
3415
81197
39448
-65809
-73723
-48126
93701
-75388
-60435
3093
96802
-40141
-16494
58716
-74044
-64818
-39047
-94298
67742
97962
2631
-72759
86046
-91800
92613
-29375
4046
99825
44560
-64883
24314
-66465
-25395
12958
-43402
-93827
34066
-41689
-56313
53838
-50611
-27314
-14045
29792
6168
34852
-86128
76458
-84134
73243
-29675
5722
82638
-8517
80517
-33824
63746
90632
-94190
-54358
-21669
-35594
-44441
-57579
84559
97603
-23056
55982
-89179
-21215
-11677
85016
2527
-74077
50490
-87015
-52672
73018
62857
-19099
-15245
13290
-1942
-13311
21167
-90260
-39790
94745
16079
22912
-77566
85325
-91161
-55232
-83368
-73842
-28019
-5443
-36438
-38263
-40017
-35877
20756
-36392
-58256
-1546
61048
52796
-95012
-6290
20692
25202
-37119
12549
15882
-27730
-95524
-19347
52945
57335
-38991
-25196
-79327
15826
15192
99190
-30950
-40468
30878
-27575
69763
-44535
61261
13997
66374
-83169
73908
-30935
68971
-62762
3712
-79683
31515
-36544
-56317
-83121
97221
70556
24524
-21920
-91017
-41705
58129
-67792
99756
32488
99505
-83577
-38368
19351
-56343
-56161
-4035
-73045
-67969
-63438
-20703
-96278
-3896
25059
-28059
29241
15883
-61356
96828
-12470
78750
-78881
-5192
-53860
-17383
-59164
3026
14058
91702
70962
26472
-46484
93536
42619
69885
2076
92003
-99934
42136
-84894
10753
73937
5704
-98172
-21819
-22916
-68414
16416
-90810
-8060
64821
2347
-79858
-40074
94696
20249
54397
54312
91567
-53259
63621
93376
-77050
90912
-24201
-91367
-21402
-81395
-12565
-85745
33486
25104
-66383
-52740
-20451
-41087
67959
-74418
-64912
-49266
-50367
21805
-77604
5634
-33158
14774
31986
55814
-31763
39941
-89879
-76765
40488
-46947
-34463
-17166
-62610
55757
72698
-97920
62228
-6259
-54952
2184
-6110
-86821
-64274
78362
-76616
-51571
79878
-13310
-93375
83443
-86763
45956
-77673
-15263
52590
-6248
-90478
-97623
-5783
-75676
-74359
-94299
-63994
-21272
93632
84537
99269
32237
-73463
-4813
-29875
38002
-23582
-92423
48701
-83733
91700
-5593
91880
92081
-66513
52531
37883
99010
30198
-11143
-20502
-20799
22663
-38738
-78198
-75146
6466
21317
-6478
83037
-74485
-3871
51443
-95373
79974
94785
-23177
79811
61505
28055
-98667
-34819
-18181
78684
-50800
91643
-1131
-49932
-9105
24074
-9124
1813
30115
-6682
-2151
11561
18858
-45366
-88702
38351
-97526
-79145
16106
26168
81244
18394
-59389
-81682
-31887
58633
58674
-14355
-49873
22309
-38508
-71987
32690
-48681
-82846
-54280
29603
-98844
59122
-90817
-23123
-43378
-54927
-30358
-72829
81737
-43833
38624
-68278
83155
18522
-7793
-97690
86710
-22696
96040
8380
56872
-34281
90378
-12988
38885
-6722
-30235
-3137
86976
-45544
65458
1946
-64864
-14097
-49219
-76746
-12918
-47724
-61179
-1176
89754
37612
34314
85587
-82470
41156
31526
85256
-9959
23273
-88954
-57289
26946
-5346
-56956
-3545
61447
-64970
-29814
7934
-33162
58609
72321
-14344
18341
-31770
71519
8229
85956
50868
32649
-68770
82215
16282
-11046
-48854
-12495
-95635
99819
-96643
-84747
-81388
-73460
-88568
-90890
-55900
80229
-26184
-74027
-11446
966
5896
-39492
3385
-9808
47066
84029
69329
58706
-16142
-22735
83041
-81137
-46042
79496
16783
92401
-21328
-42293
54394
11771
-25180
-45409
-84848
16409
62420
27008
31296
-56742
36996
69086
-62911
74543
-63335
-25785
-39890
-20236
-28588
-46895
18105
57267
-31686
12196
-24500
81374
37914
24665
-90527
49947
79294
52088
9515
-64464
-34549
-98983
75557
-93369
34272
68502
-88051
66611
11314
56547
-82440
29900
35671
98369
-61077
52599
73053
-22036
9197
-13609
13291
40718
85298
54724
51293
-31114
-75213
-59967
60796
-55032
-67404
-53240
-40712
-21053
-58032
83485
-74368
-4590
36066
-60217
95557
-70274
76143
32819
94257
78932
-96049
-79524
-50823
-72447
71745
-69681
-99056
-46690
-32933
23422
-55851
-6887
46784
-22050
57269
58251
7565
37690
-50866
47273
29155
53722
-53990
-9807
70160
-58336
-84007
-67944
-82137
32135
-16580
-46090
-16399
27796
-5031
18290
70521
12121
37075
-33773
-33963
-82901
8510
-95821
97197
21863
-63345
69321
-57329
-29882
22891
58062
17795
75707
12526
-34821
41069
-5736
30482
-45854
91772
-42036
52808
49580
85282
38411
-66800
31775
58161
-63933
-91499
-57568
-10902
72723
-77940
-88770
49867
75976
-91175
-97556
-4713
49229
-65885
-12475
-11468
-77846
-34874
19215
34508
21531
55144
-49328
63133
-884
-7245
-17951
-5345
18916
67634
-78623
-50769
48236
-84609
-46688
21817
89340
-96874
-38394
-73068
-39693
-79319
-85184
87675
99772
31198
8519
78832
-32277
50002
-9447
-94438
42777
-43256
41817
77452
71382
-79477
52810
-28043
27836
18645
-3793
48702
40369
41738
-6219
51876
-32136
-78808
-9872
19875
86899
90309
-81504
49906
179
23252
19072
-39130
45928
73093
27288
-37586
61875
-59613
29334
93613
-32288
32018
16501
-35605
61120
-35972
-86829
40470
-48087
67686
54557
-40328
-62632
-10160
67521
-66527
53658
-45073
37278
-5588
55237
8212
-52428
9713
34202
-85935
-51621
-32333
92577
-36906
71896
5209
73560
-62592
-35316
-78036
-15908
-23872
-46746
-91183
79111
73292
19467
-56624
64556
41781
51292
-34484
7744
54940
-11543
72270
21834
75418
69530
-90135
-18261
-66614
-91659
-54498
-24593
45970
-85239
-62201
27145
42963
1148
-66893
8047
-85111
-76763
-17727
-82083
41200
-73851
-65396
-72806
-40069
8496
-60078
44322
6269
-5120
-37270
-87209
21396
-35959
10059
32419
-39076
19382
-44125
-70365
93880
73360
76399
8060
-84497
-16808
-31730
36579
-93852
57562
-14657
13410
-42002
-80109
40110
40722
19443
46702
24048
62234
74224
-63164
-91288
-1381
-42101
-1353
-817
75963
-97890
70670
-62593
-85805
-31873
67986
-77716
-63909
-75959
3141
-88953
81062
-61185
61713
79907
-47330
-81840
23483
61694
-83313
61166
-53537
-25930
5067
-75142
-56776
45468
35769
-30248
10323
81811
3917
33583
-32746
48561
-47891
63860
82978
-79929
38026
-25801
-76542
-68184
59396
70100
-68326
-29753
-11584
-21910
-51962
-42693
-4845
57387
8186
5820
19716
2914
6034
17478
11607
91058
2152
-83777
-7097
-79876
-98537
47368
-7429
-13530
24874
-41852
33631
-35330
59519
20806
31135
-95114
-42826
-52749
-62612
-47810
72425
30463
-48931
-40210
32109
96875
3626
24904
73881
63929
57078
33259
41453
-24375
24236
-41132
-1903
63913
31013
-92171
38071
84685
70145
-24175
55145
99805
24858
-48564
2249
-42316
28534
70407
23414
-25021
96344
45232
-51838
-89722
-25113
-22324
-34987
77495
-57951
79869
91281
15076
-27580
92717
-92249
66672
-15868
-75747
-19994
9650
-85606
-30350
-37485
75780
83062
-92024
48626
-18188
56520
-39221
-59205
-3963
-56491
46827
34708
16132
-4696
26288
50886
-40390
19014
52911
41754
-47182
-39183
88445
30876
-72441
31993
-45682
29391
42910
-64706
86450
33500
9764
94640
-12111
-65956
-53865
-29392
7833
-92400
-57738
79800
-56533
-19639
-40397
98048
-3943
-8347
-58769
3583
-39531
88842
-2703
-3825
30208
56073
-38456
-73692
66064
-91711
-6492
8293
93375
-68688
-41698
-68963
-92853
47048
51533
23189
47077
-90845
71902
80777
14154
1465
-57330
-95548
53682
-77154
-25300
-98
-80395
2479
-10352
17359
19769
80954
28377
55469
53001
46156
31371
81279
23872
-24447
16672
34572
-61089
83196
54191
-35569
-7849
53619
9037
59318
-14356
-20844
-30468
-39878
88045
-94776
47545
93779
68618
89581
35066
-83018
-25430
90946
19868
-5574
-96995
93532
-49160
28404
-18572
14565
-86607
15376
23777
70354
-84293
45911
-13899
28483
39462
11507
98097
-69299
2862
30948
87863
10456
-38447
1503
39550
53676
18338
-30396
15634
-68562
-10203
-99987
-81607
-24602
49576
80132
-72368
-89684
-67081
-84659
47732
16492
65197
-83534
-18274
-8036
-70933
21840
-86478
44576
22676
38432
1803
-47120
49295
-3273
14489
17282
17500
-61673
59385
-41593
11906
17836
50128
-82041
89385
8546
-37162
91254
30377
-49943
-23944
-49037
-5000
-81718
70711
39443
-59161
-71650
-11173
90536
-44237
78027
77742
-80327
29768
-98618
-41513
-84110
-81453
21887
-40255
47038
71995
-41376
-93476
2064
56948
-3802
-10626
-9387
25394
92319
71654
-33860
90596
60464
-52045
35849
21930
29581
18513
-67883
73056
36398
54518
-80269
96698
50082
-61118
-12538
34946
68985
-49416
-86334
-25459
47724
-68381
60730
8714
-34566
-15324
-37364
-68448
-29451
-49984
-66021
17689
63011
5437
4555
-52597
-57050
20542
-8387
17146
-3414
23798
15567
27262
-89181
22843
-28712
-4985
80352
-66170
-51254
-56811
-55432
-5290
26436
-73769
-92920
80074
-27941
-74333
36736
-17785
-91262
61728
65645
88340
-286
-19382
30813
5066
76104
-46896
-32529
43503
52123
17654
-30974
90753
-33088
2564
1848
85237
-48548
47897
-76506
1231
99285
-88811
52539
-46235
78873
66815
46664
84241
-43125
81387
-95388
46903
-38874
36957
-47139
-34917
54118
-21184
52065
34045
29338
-54871
68346
91361
71656
-12243
-977
-12786
64182
-90283
7250
-98797
53991
76677
54018
78636
68531
34769
89747
-86013
90977
90299
77616
20477
-60194
-38752
94826
-90052
-45375
63424
37127
62865
31364
-34514
-62849
-47077
-457
-30996
-80957
-76746
-43529
43638
-72612
-21217
17084
-742
81444
-13403
70145
30698
-81433
-71826
10472
-46253
29129
-23828
-45339
86888
-87867
-42768
-18643
65732
19258
39562
95543
54733
4618
92761
89312
-89324
-91527
34414
-34934
15850
-92143
-82728
-86879
-78966
98780
-67646
-97141
2718
65292
-60399
53652
97686
-31921
-6668
17725
49631
61138
-52493
39120
65699
-80803
52362
-49285
-90467
72292
34125
48269
-27052
24127
16560
89102
24931
89805
48744
67450
-51683
-73283
99759
14302
52994
30745
-42441
5295
-59569
-92750
-35442
-88303
67375
-98899
3917
65238
29722
73101
-18807
-94589
-67446
20487
45109
86254
87017
-95758
43451
93565
-48065
-37755
38687
-36668
58722
68838
26826
17006
-41120
-31506
39358
66500
-95334
903
61816
31861
35408
1860
17796
65468
-11527
-40188
-66433
-24526
-42011
73963
-78009
34737
-77507
49770
-58359
67449
-79846
51119
-94125
-81949
-27434
-46595
3739
-24545
-44783
-89470
-76258
77319
-74499
45154
73975
-29265
90545
6442
-59856
-20121
27700
-24261
61461
38417
79921
-34716
55349
-35893
4836
55741
47212
31336
-90244
57859
-32613
-60396
43236
-84906
62792
-89417
73448
95512
75870
-98796
-56206
70353
-80861
8448
75054
83159
56796
-40020
-39476
-86657
77327
49530
4164
-7636
-24976
74760
-21261
83802
70101
-52396
-13940
504
26306
53742
-81814
16858
-21736
-70093
-67124
86800
73605
73439
95091
22728
94801
70162
60144
-74609
-76098
42098
-33806
91126
-53273
-93650
-11386
92337
-92090
27853
80958
-69531
39029
24689
73553
29664
33397
-83946
-51943
-16792
55097
11929
-17967
-22546
80036
2979
-28526
2364
-87625
-51436
-8058
-76512
70343
70280
-95594
99287
49210
83968
5458
80096
-31196
53917
-45009
-53513
-57004
-77338
2453
50226
74850
-62914
9328
23477
78872
84289
-4309
31415
82668
-78252
-84690
67511
-90925
42156
42183
60079
-81613
-14314
-6616
-73566
-31853
12029
-39850
73473
-41884
-4637
-56055
-90784
43514
96681
-24326
-27303
55677
-52805
-87995
-54446
43018
89672
96051
-76994
-84020
15866
-14572
-50431
-59958
34539
-18046
19566
67207
-45143
-49094
86089
-20625
-64354
89857
7181
-82312
-22520
37878
6928
35998
-85637
73417
-70182
-52610
17765
-42987
-15911
93917
48744
-16818
-76981
-48211
-76122
-63235
-89022
20348
19527
34835
27728
-98396
52372
-41404
56478
-99071
50230
-90969
38715
-55085
-73005
-26912
-50510
-7755
71687
56803
38210
-80206
-58575
88135
-74340
71153
57924
49541
-36777
90405
-84101
22637
95161
10696
-43296
89338
43402
-29802
26645
41025
810
-4756
86827
73059
-18676
46459
38830
51478
-38787
-24750
-82894
-66140
-75352
-3510
46433
-66194
-64663
-46697
-93124
-63521
9742
35999
39102
40986
95518
-23703
8226
631
88961
6049
-3962
-2934
-41778
48775
-36892
29786
-95782
-15423
-1010
12080
3502
-73097
13063
-7725
67867
1343
-42528
-69659
-69087
99419
98481
-8986
-29767
-82745
22997
-44751
340
-44814
46691
-22641
28817
5006
-39587
26540
79376
-92568
93122
-93484
72398
50399
93990
8984
34738
-74034
-52680
27643
67660
-21418
-84050
-83923
-47870
98602
54849
-60610
-1410
-25445
42037
28017
-73460
-41099
60628
-13331
-95975
-43002
1007
-12734
80157
-82861
-93354
77604
-25002
-56321
-7130
-19361
47534
90305
-23806
-92142
99068
-8043
-39217
-17233
50546
-31893
51776
-14923
37067
-5347
-31826
31801
74086
94792
73463
-18993
-44199
7299
-2056
-60177
-62432
-28375
-85212
-27932
-67238
24223
-6160
27018
-96716
323
20753
-34919
-55763
42110
5226
-96092
624
-17643
-82332
45471
78713
-5455
98198
31735
24502
-5105
-15423
-73439
-51484
-74620
-30060
44904
88824
-44793
-98681
91958
-78592
68189
-26186
-50110
74344
4446
-80056
-96823
34465
40479
90343
2479
-40624
51132
-67587
14747
-50165
62514
24547
-89566
-32050
42297
-43725
76117
96929
-58627
28272
90425
56947
-86632
61376
-48935
10901
-5018
-71586
-3406
-94891
22123
-72108
-26661
-40366
19318
63483
13819
-84241
1075
82882
14205
70655
-65810
50487
-2286
74313
78813
-25599
7570
-10833
-90624
-33679
-98923
44472
-1312
88399
-66471
-59499
-23085
-39537
-96983
87369
72121
-97360
-88669
-38033
-77868
-29933
17723
-75127
24422
49346
-72674
-77822
74875
-83100
-7745
-39478
23478
-13390
-96021
56592
72779
-55342
56295
-41683
1120
-7939
-97649
31013
36818
-61661
8951
51999
1756
42201
93501
1024
93130
-46296
-93263
92324
-64523
61800
-96653
67811
30250
2723
-57211
-82113
81230
-1107
-16317
-73893
-23095
36622
-65758
20822
15616
-90317
77872
94177
-47849
-38326
65343
-48251
98356
-75931
-27709
-80773
-83459
86650
48194
92364
-63953
-16244
88216
-25871
88826
-5520
65955
79963
73376
86859
-48247
19034
-28115
-79358
-78202
-60331
97308
34136
-7517
64885
52174
47482
-12657
-37443
63687
64388
60524
78723
-84247
-4113
-4016
61779
-40847
68219
81447
56236
4788
63040
74973
88046
-74218
8185
25
-78501
90694
-81938
82223
92402
-21027
99858
15028
87923
90579
29579
-4729
-85676
31163
-90867
-89953
83247
34898
35338
63383
10506
-86561
-50855
23369
27378
-91015
70854
91635
89009
55806
69865
45618
-34362
-13503
-8870
26593
-47403
-30255
56783
72345
24003
-87838
-56493
77472
6464
5795
74172
92619
-23337
95110
-57003
31673
-89204
10387
83085
51404
38778
86680
-73391
91521
-53441
39816
63489
98457
-62535
-83619
-1403
22073
-22773
-5082
66948
24535
35278
-60657
-79484
-64410
35266
-49796
58735
71921
-56535
40755
-77033
-88168
-1599
17072
-77538
-37455
-93326
-92481
18109
-23689
-16043
-68555
-1510
-21223
2676
58886
-4126
90265
32586
-27354
74984
76591
14003
-22854
-16697
43064
85119
-47268
-76855
30189
-17723
-17344
76876
-66257
21544
23423
43765
80762
-9529
56156
-37978
-81106
-65899
97857
76255
95379
87162
-68697
85353
52926
599
-34434
-69197
28018
3493
-84979
90191
-95083
-85665
-67641
31974
-66381
-55788
22549
-73494
-48798
-94736
-84515
59475
74602
-28596
25922
-73936
-68669
-22989
-22317
-22321
54045
-32751
36073
-99349
52765
-65079
18535
-54839
5000
82681
-45385
-6696
-48212
78990
86723
41685
22391
94422
-30230
36046
50034
81446
-30414
-32564
-93049
-66952
5668
-21357
44551
21124
6241
-88570
-38546
11664
13981
-53341
41539
-19168
-56755
-33741
-23694
94908
39325
-25102
-49896
-19387
-84739
-17082
93467
-72936
-20530
-66919
-70409
94657
29634
-23776
27431
3846
61068
35760
16166
92956
54324
83176
38250
37054
75364
-90865
71062
-93399
-31818
-36335
-72126
32512
52279
70774
945
15737
99208
-21012
-20161
26445
-62030
-22368
79698
72754
-13103
42719
-52198
-29044
-41497
56593
-53710
-35480
-88242
-71378
13799
33334
-11920
76750
-43660
84619
10456
11232
49080
55352
12429
15554
85664
25441
66814
-89233
73238
-43213
-38208
28592
-36051
15394
1839
-39151
45864
19461
-64624
28855
-38190
-50483
36178
-60954
41910
-18072
-80055
-24829
30333
-90480
-55460
93620
-91065
-88974
-75061
-90960
80831
-8684
6447
-7263
-42277
9972
57776
-13144
-95198
-11233
89522
-432
-80816
66790
-97798
-40812
-83685
51977
52546
-96593
-62940
-90265
-53789
75968
17108
-12992
98691
-6124
-38246
-96409
3521
33221
65401
5321
-30963
75380
19593
-13717
-32403
-852
24777
-6137
31140
-49748
7997
93441
-90176
-42367
77434
48393
-33331
-58258
77854
40597
93527
14024
-76786
60957
-40976
-56569
35048
67201
49956
-73863
34758
-59359
53018
-90324
-5218
52045
57064
79158
-49942
17736
89361
68109
90250
33293
10673
6562
-49378
46894
99514
69432
-48871
-43443
-99645
73884
90965
-64592
-74317
62651
50163
-86917
67545
-18723
77943
99024
95057
-39154
56146
-94166
95686
79896
55867
-70910
85325
76721
95477
-37535
23913
-72029
71262
80227
77486
91161
-90664
-96032
-79952
-75501
-44755
61619
-72414
43409
51466
-6760
-40135
-57816
-47455
-12207
-77750
46585
-28946
3114
48904
-54947
30368
54625
-8014
-63802
79148
16629
-79812
-5528
-74109
-69245
80945
-65495
-35462
13849
85026
59856
37095
-13332
89293
-79715
82988
95742
12839
1045
8892
42055
-64444
-74945
-87937
-32832
-68889
10907
83339
-54685
-70663
-64873
-63229
65208
60189
-55469
88783
-34907
-9125
-9906
-63455
-30759
51658
-58240
-10388
76695
69674
34799
1875
-35921
-47466
19889
-51472
28203
-2221
58321
95668
-10881
95465
-36138
-93339
57969
-84269
-75195
-66762
-4490
-55746
-92493
-51338
-81292
95133
78810
-39911
-60268
-25782
89397
44074
-49705
93381
-28108
81528
38890
-49294
-99178
42245
33581
-55581
17038
-62089
90466
-13765
-82002
-3991
27605
-89748
39058
69633
-19968
14297
33977
-72087
56685
-9608
51016
4047
92041
234
-68912
46784
-25255
-47600
67088
59691
2210
60933
-82236
-87362
-70202
52428
-90911
79514
72306
-33314
-3512
-91185
-43878
62141
93712
-80434
-46332
61226
27810
-1165
-29735
-82773
-23730
-49188
43343
-17240
-2003
-6742
19423
-18576
-6081
-16927
51323
-54803
-962
25264
-98768
-50099
-59493
1121
-32865
234
24395
-13187
-98969
20817
50802
-5789
11648
-35161
-42646
69393
48811
-51590
-67354
97798
-42749
32242
-84099
-12826
35306
-32374
-54636
-35608
-17224
11197
-95167
82391
-94290
24680
23817
-96265
-23818
-761
72221
24045
-74945
46664
-33833
92703
45310
-44917
83043
8402
93523
-41578
-98600
-88355
-67951
-6389
-71908
-51244
20781
-40216
91426
43082
-82554
85214
40865
12264
50534
-32920
-82748
-53084
83175
-49710
-25418
-39760
61142
-2445
-92419
43400
55370
9707
-17726
-72971
-25770
-47330
-19680
40598
-37235
-87640
-21647
-22812
-48576
-88881
53059
-58602
24650
26530
-84087
78906
-33674
38946
-46348
83134
4367
-42134
41034
79990
31552
41950
-65948
15964
95983
90281
49846
28711
-92159
-74345
-19566
75149
-43484
-61966
-39738
-56619
36658
-51450
93712
24245
-79533
21044
33176
44451
45324
-68817
71246
69512
-91484
-90147
-71717
84505
-3196
-58795
-93624
-49128
63725
-94545
22522
52783
90506
-87026
112
-30763
-15417
-62849
59682
42005
-36838
7651
-68801
73163
-5593
-61819
-6550
4722
-75854
61328
-61764
-76307
-64067
-30116
98277
-35356
50829
89353
-53267
-59129
30158
98591
257
19937
44737
14600
-36715
-70360
8465
-80036
42099
-68610
59051
-47859
88937
19261
28615
2670
5299
37887
33055
-16716
-44214
-45048
2195
12297
-41660
47108
66697
-90977
-2697
-88548
-29992
-16339
-17610
-63539
-84422
80597
-19046
45026
17923
58452
39871
68212
-33831
-70819
57490
-62610
85264
82122
61307
27975
-45331
-86480
-31349
55990
-92339
85815
36244
25270
1905
1611
25665
-12235
-39297
-79944
-36734
-95107
7040
42544
55418
-94295
33639
11370
-34319
40093
-30574
69496
-54465
-78051
-88122
86154
-90587
-60270
64113
53337
28088
-1004
-88581
-58405
33120
52706
-73949
-36189
98305
-39024
18413
-15624
18830
-98703
26298
96921
-11929
-94295
23426
31391
34402
-4764
-96017
8274
26730
-16869
-13454
-37022
11609
52409
-35173
-92299
47254
-21620
86068
-96284
40725
33409
-50623
-41270
39134
-72950
-65632
44500
-94829
-2948
-98349
-3846
-36455
62559
-74633
27515
15666
5042
55385
11653
-3177
64843
21333
-14821
90399
-54946
97405
98033
78935
-83834
39602
29033
924
70427
-26799
93922
-2052
-96148
65899
-78634
-92587
57838
79507
-55549
-29096
-78115
-39813
13906
87674
75467
29554
-47104
62447
-48553
-27245
-21380
-91176
-50705
-79513
-2355
-68688
-75839
-11987
34505
15225
-55889
37387
-50553
-16244
-91490
-20543
52121
57434
32533
-72695
59911
-31650
-19800
-12018
10148
43283
32695
-56148
34244
63834
-85201
-790
-31064
5452
68964
-5997
-31090
71581
20631
-13406
-65343
44542
-66572
32314
39498
-66040
-31204
78399
8268
-264
11899
-240
46013
-40083
-36607
29473
-26156
32291
-4731
795
80496
-41159
-25595
8707
-84426
-53978
-66081
73243
11994
-61984
-31830
-50500
26570
35002
7340
-20470
-76052
42761
88394
50422
-87510
57148
-82283
76446
-23935
-92913
97350
-2203
-9969
-5506
34491
24549
43400
-53356
26636
80525
-55216
-65730
-29415
-60289
-93337
-70768
28129
2409
61208
20797
-14295
96273
-49949
2261
-35017
31267
-50648
-87547
94868
55663
-44977
-86615
46261
-76692
-27230
-47099
-86960
26579
-12668
58377
-88571
-62054
50424
1796
5766
-99954
85854
53280
47778
94156
-14158
33823
88533
-44753
42349
54866
-6621
-38590
-74741
20827
-53547
-77856
-57885
72264
70656
18154
-71933
14223
43215
98906
87456
-37131
92848
26488
-66314
-60171
-45286
7838
12442
-42890
43233
-35514
-37041
77765
5634
6795
-53822
-65230
-40147
79697
-15831
67943
-59258
-21088
-8328
15145
-43759
-7365
-98262
-46670
72997
61753
5247
47780
-30367
-24499
67364
-91146
-4080
49834
-62962
6477
95761
-73747
61034
-41377
26287
-66891
-98070
58224
39410
-8048
66135
84674
76347
16510
76808
-44657
-23372
36968
57235
-85306
-72691
-42496
-18509
-27547
-92141
-14736
97371
42427
72512
-80092
86517
7865
45416
-19604
-78585
-84653
-58167
44729
67359
-22303
35103
21363
-27055
7007
-42655
82784
-87552
29027
84783
-54295
-84901
28430
-2097
79127
32802
65708
-48521
-43450
62774
51415
-42754
-85020
75474
-36582
-77465
-29244
-51183
66969
99952
95580
82113
-43085
-99880
49812
13312
16205
96298
7199
41290
17366
25210
-378
-41787
-33830
-25284
-76704
-99858
-8150
59105
1847
-59800
-54905
-25126
6208
94285
-99898
-28190
21241
12617
-66724
69477
-15722
-88080
-12959
22156
-91693
-74892
46920
53770
7384
-70696
-21790
29869
-36515
-72283
-55571
39159
-15071
-71564
34609
99898
68287
-1505
8148
-26373
85775
4571
-55205
74806
-1890
1310
-34512
-91504
69938
-41086
52368
48675
99083
91108
33208
6909
21405
59979
64569
-39520
-33121
53313
-28070
77831
44717
-88280
18311
-28923
-25650
96070
-73495
73800
90167
-84117
96174
-39177
30077
-89175
96159
54320
19613
48377
-11353
-25976
86514
40933
-28095
91488
41411
27045
75644
80514
6406
39651
8742
15254
-15236
91899
-99363
16712
43095
-85784
-43096
-10014
38736
-34533
-37013
97063
-35008
78789
75899
-69915
-72980
-46140
-73521
90591
94370
-53371
7539
-56607
-69808
-87567
-57046
-43018
50991
-62324
31963
94163
-41880
27578
-86237
90018
70225
-21604
-33826
52223
84623
23094
11841
-38578
41347
-10128
-46956
-51388
18602
979
63690
-17984
87187
87788
60469
-48164
-15892
-22584
28261
-27754
32519
-99543
-75214
25548
34285
-71079
-67495
70504
61126
57211
-26666
-76733
59751
-8142
-88207
45605
-48844
18212
32432
88816
67220
95967
72545
13734
-94646
5585
-3145
54799
82524
38764
65147
-37352
-43441
12770
-18461
37360
19098
-3829
-67420
-64144
-42554
95253
55507
-39067
-39113
-13692
-83826
61373
82508
10242
22135
-43389
95252
-56512
49690
-67352
-22062
57549
53634
-69083
24280
41459
-11420
4489
76658
1587
42581
-54117
-25471
-95420
33059
-3938
51268
40389
10769
90757
82317
-85075
62976
63834
-40014
45000
5514
-1488
-42944
66168
-62817
-19099
39089
-56361
-63148
71013
-70853
-12148
2507
46149
97473
8741
58074
93529
32404
60365
-14197
-16798
-5237
-92631
87699
-59516
-46568
75789
-35491
-24795
41092
46698
725
61786
-32139
30717
-47701
-24458
-30581
41021
-95123
29775
27855
-59913
-79212
-2610
-1015
-32999
-31502
-30920
-65254
-24390
-81028
-97234
43771
83944
66829
24312
-15271
63712
22913
84943
43425
-84331
41478
93834
9355
12584
-64287
-36678
-49310
-14287
98011
39775
-95429
-26395
1638
-36634
65631
27377
79392
88142
90038
-47283
12696
93097
-69967
76995
905
42020
91467
34093
-35942
82975
-64503
-29935
52413
52999
38184
-78496
93570
66470
-55808
-77209
83592
87516
-16746
-73535
-49390
29528
-7207
-95030
-16387
-55994
86796
98880
29760
-48994
89467
6021
-69997
47227
11071
-97272
91133
-25843
88881
94825
34228
-46220
5070
39530
43762
76721
-4674
70242
94667
-6997
13236
-50696
-30685
80367
51095
33885
25110
-17879
-79128
-23295
-47758
-30721
91260
-81943
-52335
19931
90760
1349
99606
-87729
-29363
34069
-75052
-51202
30911
-80178
63137
-61355
97405
-31816
88300
-33639
-88369
-8954
-96107
85547
89445
76400
16770
-51133
26776
40787
71713
-94055
-84552
-90754
-38720
-29783
45650
68474
14630
-9065
-94468
-49274
-26219
-35960
74618
-34550
70824
47607
89059
-58377
-89036
-88310
-65717
17555
78342
29190
-98041
-49217
49115
-49527
-65648
50918
91496
20447
-31974
3433
-86939
36752
-56383
25697
-44107
22661
33014
-94590
82812
-76521
-71083
74583
-64366
-4402
1936
-11887
-64897
-92118
24841
67564
72149
63066
46685
-16269
-86428
-98321
59057
30907
-62669
-49820
-84398
-37640
7001
-69489
-41895
-39377
6009
-45304
88582
-81477
18142
92377
82227
30752
-39152
93070
-30666
50775
-23805
-12329
-46683
18558
-37701
-70886
31851
-88293
-25731
33100
42506
92074
-7900
27567
9535
-65055
60181
-68797
-54796
-69582
20069
9898
92495
-14088
27705
-85325
70246
-23525
-86967
11750
79571
23757
-30878
94692
-93437
59776
-17531
33552
-48037
91713
-90356
77618
-41140
-13151
27967
69173
-11955
-63001
21497
-12047
-35483
-14919
42693
14495
-82756
84238
1382
44353
-80339
50374
28161
25811
72737
-46427
16270
98686
51838
-81943
-85478
-31739
39305
18155
39551
-50936
-35076
36711
48564
99605
-82742
38611
44926
58018
37784
-68876
-35604
-44939
-5602
-78429
54133
58166
-43437
87947
46191
83527
-26895
-95010
23768
-33675
-33347
53290
-96996
80708
56220
-53908
75010
16414
-78887
54305
92939
-71809
67633
-38895
48713
-43200
-59322
35346
-20832
-68518
15910
19577
19186
-12090
-42492
89707
55337
-10841
-23195
48174
-4764
34909
-2219
56482
-59102
35124
-81419
-4704
-81335
-15283
-24634
-62373
82393
87789
19409
85281
65238
14088
-32116
6354
11435
31377
-3509
-15504
82728
-21514
73742
-33762
-93658
-64378
1130
-27256
-36225
-16695
78234
72111
14380
-19971
72616
70597
-15692
73192
-47532
26024
-56203
-91251
23880
61282
70580
83648
47645
47154
-61071
-73880
-24641
-64455
-92420
76114
99913
-19712
60864
-83765
-26453
-16018
42735
63130
81344
47804
-82230
26780
-83472
9345
44991
21473
53296
68636
73383
99759
-98444
94782
-69517
-33107
-16442
-67022
50709
8373
-29114
67525
-3890
-52341
-80569
-31548
-41390
-16645
-77269
-74014
47822
86721
-46652
-56569
64621
35457
-52981
51374
-59550
-84109
30827
-28634
-82004
85756
14598
-52298
-35490
-26734
97233
-31485
-94594
17948
47573
87634
-35405
14423
58417
-21940
93360
5947
58598
-35376
-24875
-29280
83306
90985
88309
-87050
82529
-63736
58404
99675
47120
-30295
-68051
38872
87517
2706
31251
88554
88107
77237
-28352
64601
77590
51695
-96137
45679
-68744
-82486
54889
46578
50514
75104
-3213
42966
-31103
-34898
74988
-92613
20438
-49637
97574
-69750
-902
-25981
-36349
75193
88463
2132
98425
73316
14754
-53096
-4381
-93453
-43172
65475
-49683
-15362
-87822
82998
-51358
-83846
21771
77683
-35322
7740
-86413
49418
-70185
24410
84653
89390
-76154
49336
-26924
-78376
23425
1658
-52358
73665
43114
-37148
49058
86910
22915
-38923
74814
-57689
36894
13442
5536
24557
81634
26012
-62657
40368
42995
-33915
-76240
-9194
26948
-8172
-66814
-4252
-63088
-24282
26467
-68365
78943
-93562
-52585
-1710
-42224
20785
-11104
92492
74416
24724
-47577
-89848
-40569
6760
16551
-1574
81198
49293
-87428
31631
-52572
33190
14421
89538
39314
32220
82232
-342
-50853
10196
14591
2435
-9851
-88373
72460
76563
63984
99754
38392
-3249
88149
80438
-99844
-49305
52137
-54704
76847
92485
69563
-5148
-9360
52875
24552
-49408
-96892
75126
-97451
67128
49963
-81525
24678
18774
71878
31340
-5965
77773
56902
97764
-12442
89061
-73781
19437
38649
-59912
20368
12776
-84747
80029
9236
-13403
-31805
-9468
20506
-30974
18128
-16670
-31372
-93712
-6913
-84936
-32094
537
11374
-6042
13476
52467
26828
53846
25258
43891
-10412
-88409
-1968
87156
-51383
-45418
-20971
61970
-39844
-8904
77331
32481
-12211
15444
31231
-70468
53728
87240
34156
-73446
-69780
-61524
-27084
-72205
-88374
70222
-84904
-16449
79117
99045
10410
96345
63444
-88240
84197
-75423
-86337
-83583
-47032
38953
-93508
84503
91151
75197
76492
-60616
-28710
86628
85704
2881
62690
30978
-26941
-77342
-95939
18719
31506
33281
80815
-58407
36033
-97600
5596
-65339
91686
-55500
-15345
414
-63272
28126
-35972
-26382
64883
-54403
57117
-87322
-75938
-79889
-4511
-14614
98741
84251
79427
-28481
-7908
-32734
-65047
74234
-75130
-36154
-49280
32255
-61888
24305
78973
19392
-41675
-83790
61685
30015
48582
9449
92484
94195
47147
-61743
92701
46759
36508
-88075
61911
96060
52886
-70591
25429
-81042
49913
-58183
-78168
63507
50148
-87271
-37366
-54466
61020
37426
-14255
67407
-32935
-47851
52325
9665
32194
9063
-10265
44295
-15907
17011
-2852
-91204
95772
2052
60854
-45806
-26854
-59532
-8303
99896
59495
12010
-42005
-86331
18162
36696
51809
-97568
21690
-70168
22508
92149
-11415
70010
-30467
79868
99017
-36378
-34842
-75878
-72654
42600
-64587
-67260
98176
-68946
-51554
98629
-83530
-54970
33364
-85929
-81543
-5441
6050
6972
3721
-68286
-78407
-41758
-89734
49821
58290
-83521
54927
17142
50983
-17996
-20080
97164
68443
-55680
460
-41014
16605
13431
-79029
-26429
-73490
14526
92576
-92547
-77197
74679
-91618
46760
6874
77365
-20388
23084
-48676
42562
75486
98147
-51291
-98555
76361
-50777
-13233
-2475
46588
55122
93805
-31775
-44901
-60818
-78585
-16757
35819
-12103
82967
-12948
-91127
-49917
91512
39702
34088
-45198
-50729
-88536
-80713
-58477
39738
77069
85149
-81163
8449
-95986
-45327
-56231
49817
7483
16270
-18710
82679
-43891
-94648
-10248
-45674
33065
-37785
89644
25366
-71006
-49017
-62304
94644
-57543
-55575
-59082
-89994
-48176
47080
-6230
32698
52545
-41165
2647
-14311
-60113
63740
24878
32829
-75198
38891
-34348
-51867
-71821
76148
8944
67477
-2777
20363
-4218
-77620
-31262
-62371
73092
-94857
37919
-35979
-59220
-83499
-53819
-85144
27754
46325
61205
2116
90592
91925
-90048
57630
-24565
89228
71618
-69378
-66436
-14707
58784
84997
-69069
-19068
-52537
78611
-82152
80069
-25508
-2431
10020
3853
-66957
88347
-50801
-63937
-43511
-10439
-35403
-7924
83794
95174
-31146
-28272
-22642
2663
-56158
-22499
30869
21655
17235
-36456
-71771
44268
2278
-262
56015
90543
-42581
-93058
57122
-9042
158
27859
-12329
-24938
87752
66380
93578
-56738
82995
34652
-81461
97814
91253
80651
-25961
-31008
-18989
40231
73509
65044
-53178
60342
28094
-70418
19052
25459
-42584
-23136
-27988
44244
-35763
-70307
-61969
25001
6796
-92719
-99725
-22066
-92206
13158
-16211
80190
76373
35574
46510
27291
84026
-91358
-67408
65829
1186
16046
-11518
13656
-5804
-89360
76172
97893
32633
-6705
-90348
-2981
-43723
4927
34268
-38720
10526
2290
-47309
78717
58758
76999
37095
68281
-621
8555
-47246
-1084
-80690
63318
-68292
39378
-3413
99503
-56269
-80845
-82214
-46277
33870
-72607
-31836
72616
56298
-72733
-77869
27078
15033
-9800
-74599
-33243
63702
74980
-50104
-4830
-77102
60692
96843
86875
-31726
56231
12233
57195
53244
-15005
-53124
-84902
-55162
48009
-19185
65599
70537
-65936
31344
84942
90214
-45367
43176
87966
-10874
-10522
-51339
-10699
17190
-58709
67547
25705
-45280
-49083
-58369
-99207
-73693
99759
-50202
-9020
53366
25281
-88744
95517
94860
-28155
-21077
91046
-96782
-67939
30617
-93678
-29755
-94780
19125
-51908
17493
96677
35403
-70651
76902
39865
-28568
-68136
15780
-2859
65861
-60595
10543
-55696
-55996
47285
96277
86914
33035
-86666
7257
-8792
-28263
-12303
72876
99462
-71312
-71424
-47372
-83191
28374
-43142
47498
-11238
2495
-91578
-67544
78967
-75195
86696
-63989
65138
48990
51864
71035
56521
-31135
71763
54727
-64545
28354
27030
81512
-97723
79903
44082
-96028
-69260
-48679
-81622
24433
97492
-39033
-41418
-72588
-3071
83262
6708
54866
-94599
-9821
-32770
-40552
85816
-77731
83992
-26789
95076
-86102
-24505
3671
88673
63153
23239
-60246
-47420
41605
98938
1733
-25567
71625
97678
-12233
5918
-52604
60418
70463
70720
-69516
36813
-90308
98615
-54204
47912
62743
94014
-51338
-50155
82061
55375
-66547
52892
-36765
13210
50472
24612
33700
92174
-32335
30681
-93646
-98501
-35743
14999
65357
71763
16658
-9393
47750
8843
61864
36668
-36233
-10414
87705
38125
96928
-85689
19193
35411
-69978
49999
11792
72097
61902
62123
92437
-87600
2195
73125
4773
-44797
-35051
-45737
-52373
-17541
-31146
-93768
-5794
67799
90889
46558
96557
4625
-30624
-76770
21313
-95605
33967
27259
97820
95332
90978
-45185
-51987
-13537
44756
73905
31383
38691
-30229
-49954
-46066
46152
55486
84248
99218
-72360
85057
78491
-174
44766
-43259
-37211
50117
38288
-11378
16713
81323
-88879
-58004
5168
-92265
51050
-63660
5171
71766
6027
68972
-88570
-11339
6696
57536
84501
95513
-50973
-50201
-95882
55510
-55401
86402
61689
47716
-9720
65994
78932
37488
21508
3002
70821
-80210
-58430
-14820
-19011
62964
56616
-88984
44810
36682
-92945
-38366
45531
-11498
-59930
-40416
-39124
47649
6200
45324
66785
48006
86970
49671
5602
80537
15213
-55007
2172
-82898
-55223
-87448
44723
64713
85490
5193
-28603
-33686
-11286
-81660
-97093
-4001
4220
-8985
-20070
-53347
76889
-63693
-71502
72040
49759
12428
94780
89047
-20997
57280
-81529
-9709
-56029
-55895
516
77826
-66755
25689
12345
78024
-88507
-39981
40161
-59259
-67285
-186
40708
47161
-14832
27608
33779
26144
-34993
11246
-32284
29980
-8375
53988
-33493
86791
-92316
86814
-66186
-1042
-12818
26191
-29061
-62145
89061
-36236
-52558
55825
-63295
-15894
-63752
36509
-99167
-31877
55891
-14492
19982
52806
88615
-48222
-47338
-77528
-23197
-36490
24539
58410
-12303
-16401
97799
67106
6395
-67081
-747
-58777
91073
95392
-7384
-13945
86769
-67612
-46430
12762
25015
19089
14590
-43031
29915
-71310
-91321
53436
87176
-56488
66757
-35484
77997
32293
26551
-82468
-65814
-94218
-42144
34869
80524
21939
53445
90214
14523
-89859
-54778
77284
-73512
60793
-80517
-71904
-69552
37618
62859
-97795
85303
-94144
-63437
61895
-59806
14586
2954
-73239
-15037
19392
-76770
-31856
-47707
2044
53310
18785
27410
-20804
59708
-4260
-64005
-82763
17804
-45927
69958
88833
-51394
22956
-40523
7731
83915
-88097
55785
69618
-34449
21670
-56054
19829
60641
43915
-27220
-20789
-42231
-63827
87156
-54150
56712
-15911
-5840
-80509
91307
95890
98447
24928
22593
-38723
-97335
4221
-99498
-2294
28474
-88910
-18670
-64140
-59239
784
77687
44339
-56152
-34403
-67216
20980
-35295
-53782
-93767
-76413
14611
-2336
3570
-20183
-23920
86684
56326
63978
-50241
17605
-25870
11402
36259
47940
92530
7593
49451
-70452
-54360
19357
-69005
35572
62738
62205
-63132
-93474
-14520
6870
-9000
-74102
-80597
13282
-41966
-44843
-44636
88776
96522
55001
-37812
-26536
-62980
70353
77713
51919
-66658
88686
93521
69606
-74633
40705
77533
50340
-7948
89398
-66908
-57495
-39366
-33167
61823
-71177
-99556
17666
-77200
-20915
-56882
56798
92536
34092
-80985
-63903
37217
50783
22186
81854
-56057
-94941
-79250
-70655
-6299
23783
-98496
76562
-58705
-32124
-13894
-14138
-75269
95148
6339
-39057
72658
99759
-11877
49722
-83616
51471
93598
-99299
-9105
32431
89434
-63327
-29561
-7247
-3758
-66607
58110
83744
-46261
81614
39725
-43789
-16717
-94220
71192
40819
-89439
-98321
51336
66379
77056
-6657
-46621
-55293
-96561
11888
79663
-45099
-40839
699
30731
87846
73888
-41636
-88291
52913
17448
57565
18519
-48434
-90257
-91777
33740
86914
-92312
18633
46367
-56380
-13484
8347
-17957
-55002
-16126
12332
26189
74696
41247
-79147
78216
-34024
35932
90012
33465
31371
94141
33574
58393
-52799
-6842
-92104
-34152
86008
24211
56592
-3500
-17116
38085
89843
97008
18537
71409
-57423
-70581
37854
-40192
-62879
-6177
16592
84038
-13649
84992
90836
63824
-9944
65823
-89915
-62020
75368
-55788
-22556
87353
3230
-59427
-78140
-59111
-28663
-72563
-50320
-87159
56440
27571
-7133
-67294
1217
-21338
-81438
-98017
-80866
39807
48579
-89928
-47466
-11930
14138
-46826
-72675
21807
17706
-53026
-16660
4930
-9761
10951
-93220
20225
-91512
13646
17253
9326
-9852
-30334
71837
-81062
47034
73536
-54549
-63368
-62933
-48820
-36301
-87280
-64927
68760
3367
-23086
75676
-21588
58565
-38862
-3208
72734
63269
-26605
95268
-25008
-60329
-67609
-19464
30447
-19755
-18008
-59038
76550
-97796
-3281
-12243
13767
11109
-77484
99623
90203
64159
99918
18911
22483
14211
43665
-90705
44029
51759
37978
-64665
75011
63191
-27449
39982
-70419
1101
-92489
-60826
-8178
-24460
79610
66374
-98412
15201
-61906
69230
50932
-55846
89119
-56412
-65883
-48875
-50342
-23458
59194
-17071
-66177
-85789
-16586
-35922
-5462
54697
-151
28359
88275
-15696
-71557
-36882
89898
50767
-18764
12866
-62883
27180
-2238
-88304
16158
40954
61748
-87278
-40026
76162
-20375
-88224
-91088
70469
42193
2339
-43768
-96101
80136
84106
-29788
975
-34895
85848
-22620
37445
-55040
-14355
9997
9897
-4357
31837
96265
35358
69112
33241
-69506
85393
-52956
-2461
-98055
-42776
31854
-62880
10684
60352
-85136
74988
26143
-59589
-16235
91701
63077
87409
19086
-89130
83848
-75372
1723
25228
-90742
92899
-85196
83418
21921
-33016
98015
-7545
53430
-53198
42983
-42398
-69591
88556
66353
-26752
-9224
83310
55378
87263
92962
-26962
-91944
-46490
-84198
-45188
-93943
13969
6653
-60826
-36541
23925
-45086
-38091
11249
60677
-48397
59663
-29801
73157
-87077
-15029
30455
92131
-4988
-7432
59243
77366
990
-39273
53482
-76159
-12048
77692
-67419
-22941
-97972
-79255
12393
-16261
59309
44133
43976
78138
14590
23716
-70398
-94401
-17506
15175
-35608
45336
-42290
65565
-2617
-37646
-34763
63071
36214
-86895
-78680
-31642
24521
51665
-10661
88340
-94153
81285
-53198
21336
78435
-29216
-92579
-28670
54710
-84822
85324
-6626
99785
28875
18882
50538
-60750
59133
-53642
59661
49053
-5215
77513
-97799
-20920
67819
-13310
-64504
-58668
-47044
-70628
-44126
-8272
-80235
-64930
85761
30986
-56003
-29906
52477
85080
-22479
54734
-87376
98544
44165
44168
-76145
45291
79435
33045
29262
3551
-90613
66472
-3320
65637
-69162
-76664
89419
-92836
10084
-21516
90523
26462
-88008
-14384
77675
-49333
-98475
56320
56383
-49763
79250
40951
29980
69527
-11768
44079
-32479
-15788
-53233
-90033
-26038
-25151
-15953
-16792
58322
54217
-59036
-92054
-54575
-7852
-80414
45078
-9783
23302
-50202
33955
-57375
-25279
-63174
-5104
22220
30735
-2184
-74984
18269
54851
-81031
-20422
-2869
-17619
-97454
-73575
86384
80614
18479
-33396
-51450
18605
-87608
94471
58330
86980
-31290
72154
4575
92094
-68859
-45024
51339
-84890
38474
-41268
85589
3279
-33224
-43150
88033
-71275
8736
93870
-47521
-44270
28335
-6855
-11473
92608
22549
81385
13293
-97815
-63530
-55239
15210
3085
-366
-51121
-48964
-15761
78749
32198
-55948
-80025
-33613
58552
47010
24111
25839
72431
31743
434
-23305
9582
75611
89175
-72376
-27241
-52357
-33063
-25727
-20873
63368
15356
-77178
15204
-64725
-22955
46940
-61754
75232
-4751
-54938
73416
12666
-53809
-46839
98527
-86734
-97926
90156
61150
-23085
24537
-83928
-33040
-42833
38043
51692
70938
-8247
11672
-25600
19062
-28644
-46437
50757
74967
-7596
27300
-25147
27570
5188
-79030
-48844
38342
-61129
90088
58865
-85875
-78538
-28043
61667
-919
-78523
-54443
-38404
20577
-66068
-67165
87681
43737
-15369
73007
-43383
37553
21346
31236
9000
-23260
41424
-49642
-96434
74059
-71465
-56108
95579
-51284
52702
63491
44361
25409
39483
-96966
54512
47615
-48464
33808
-31288
60783
-3335
-25082
45405
-67589
20886
23786
-67329
-72775
68289
47361
5392
52107
-78103
24570
-92751
-87394
59552
-5040
-81550
31921
-57819
-62717
6361
-73886
-50164
-88314
-72955
-94607
69696
-77281
57008
98982
17803
-80474
-26510
-39710
-90121
36031
-73253
-20224
-12821
62738
-26980
5406
61637
82257
-87812
-20580
3043
-38178
-49334
66277
-33895
70949
7189
-5358
63468
48194
40458
-8298
-12984
-75822
96782
46941
24848
71061
-9831
-23512
-16881
-25402
47170
56415
29640
-64296
-50892
-26282
64532
44185
26275
86389
42885
80900
-22290
-17358
47725
-48924
62434
38639
74351
11656
89946
9327
83544
90546
38533
84510
59277
-59819
-11778
7848
-52192
-74638
39474
-24862
-63772
48591
-61542
-68901
-52924
60246
-19788
8515
-91786
-40928
30517
1213
25370
23629
-40343
7795
64667
36998
70901
86433
-26482
12527
-31657
72212
-5999
-92076
51046
51490
98800
13267
-96478
-10087
35920
17107
65805
58042
-9804
-47191
-92948
25803
-81630
43793
15941
-10320
-94402
-70488
37697
29536
-37896
-81030
-76097
-601
-59322
96202
15518
-55076
53423
-91924
21365
-27239
-63423
-69844
22394
-58848
-64437
13718
83331
47186
69601
-78074
-39026
33218
50804
25195
60780
59232
29259
78034
-66577
-40202
84941
34012
-1732
-62714
-87420
67767
1718
-41388
-8375
84850
97160
-56773
63546
14421
56672
60000
41166
86347
-37561
73188
-80859
-51189
-59403
-74795
38037
39544
-29129
16887
-77733
94618
46021
62555
-57864
69206
-12376
-40591
-19520
5866
9427
6335
-68115
44181
-82254
-13316
-17860
-22525
85040
-32202
21191
44714
91114
12672
64270
-22644
1975
-31460
-13035
72285
27171
-283
65381
-11628
-98403
-42003
14104
-16895
15746
66300
54832
-97763
-10403
-40019
89236
-10734
568
23373
-29961
-21942
-45467
62501
79779
47432
-35633
-68210
-38761
54294
-63483
14730
8111
-12797
-8400
38358
15758
3982
46290
85203
84472
79366
50056
71020
-55658
-89476
83868
-58599
-5613
-59041
33489
45196
-36363
-27624
99322
27662
51568
33772
-10832
-32705
-4328
-68123
-79328
85241
19202
10437
-7962
-42316
12894
75733
-74297
-98034
28320
86999
-89431
-76544
-74667
54189
87375
29105
92444
43658
33083
-49144
89357
24604
-48901
44036
-61810
77936
30056
32223
93715
-33501
43123
-37201
-5692
-47473
-20621
-37645
2360
-47541
-63659
71472
-6530
20863
-49009
-29655
80370
-35195
-33711
-73196
51453
79579
21665
33143
13147
-43662
-62279
43296
57946
11907
34605
-43104
14332
-30746
-64571
-70553
-19250
-35963
12471
64658
9195
59227
-2592
52153
17719
18854
-44141
-99596
94427
-43328
552
2373
-98205
-33557
-69850
-91134
46313
-34139
-68941
-82801
-46784
95620
-38807
75523
-42806
37815
97868
44438
-26672
-58558
-19617
31552
71767
-56529
41471
67033
88968
-16679
2824
16392
-23216
39259
77172
-68224
-26323
-45825
11040
-9490
10808
98772
-18396
-88217
-11963
47394
-53058
12864
-25335
98286
28191
91801
26022
-24408
90001
8997
90225
39005
-75543
-17352
-99266
55005
53952
79840
82268
15882
-78263
-8193
-64790
50141
-80607
-71965
-91744
-95107
-32233
20703
13937
-15163
58649
-87423
-26973
45169
59596
71239
79337
-92354
9538
-89526
6547
-19206
-40817
-39088
25965
-35431
10841
86604
-87641
-53931
12390
-4467
19957
-22134
-77521
-57407
85311
-15189
33230
92214
-77606
29414
-99201
47512
41442
97133
14179
29910
55161
90973
53613
-62014
48801
91899
70702
68296
-1136
-61223
-85029
-93738
23737
-78535
9295
81519
-68933
-26797
-88570
-59633
82306
-94332
6552
-73963
3500
581
18449
46431
55524
72891
-41206
52635
93274
-46960
26636
43702
11450
-73981
60455
-74331
-84806
56596
18766
21411
81224
99250
19429
23399
45312
33289
78749
-75504
19691
-1129
54578
-66168
-78668
13847
-59111
57632
38173
-41440
1386
-30910
11048
-42100
2008
66897
-95336
32452
52053
94500
33921
10578
-56222
-47803
-59604
-86127
10061
84310
-49353
21634
94855
69642
9167
-69702
30705
-35867
69416
-78170
48897
10398
-37566
-70762
-70553
-12449
-7337
51595
-31146
-12943
38126
18946
69181
-61975
-57931
-1710
19698
-38071
9870
-81890
79229
32544
90483
70283
-69064
63908
22984
83911
-82926
-75607
9146
-74153
4872
47583
25563
-97206
-28341
-23818
-642
15973
-41049
-99873
-62157
-78425
57752
2634
75826
99781
24012
-35493
16076
-64834
-82815
53021
79181
73232
34218
-74936
33735
-76027
4656
-86654
61224
-41198
-95263
10263
-10234
-81828
-11695
-85746
-80005
-69092
-34058
-87470
75904
75546
26647
-54565
-84741
41854
-60104
-14523
16833
-61167
4106
83285
-6334
-90409
50558
22691
84587
-25991
33045
63407
-67188
-63230
72798
68136
90664
57109
38541
-60591
34397
-81981
57860
-81652
-73468
-5012
-58166
38528
-85347
-20393
-29709
7782
-16327
-11761
-30814
221
-88920
-50632
41431
44634
-67768
-69558
-13089
-38902
14010
-98172
79502
-13846
43069
98197
-42285
84559
-59470
14724
21368
-5793
50700
46585
-94357
28987
-47292
-73434
96510
-3883
5468
80103
-64037
64674
43362
-75643
-11791
-42741
-73621
-29716
55823
-637
69994
-36638
47560
-86581
92844
-68696
-7444
14845
63762
31114
55981
-46214
2526
93029
3644
68924
-51277
-12084
95648
-55047
-47142
-68124
22749
55616
-6446
-33631
-24866
64016
-7028
-52749
55632
-59876
82672
57228
-29114
4526
2082
33291
83642
-2069
-61747
8496
73317
-14816
-37595
-22539
86104
81620
39896
-29010
90359
-10989
35063
-26390
91986
-14764
73813
-42469
38692
-93442
15494
5185
22135
53602
59766
-87523
-25186
-14481
65147
-1864
91261
38651
5255
-15915
36449
-68596
-85877
-31148
35651
-48845
-38407
58510
73955
-19395
-78991
-80924
-39933
47847
-37625
13309
477
46701
59428
34371
-99265
95084
-44358
90648
66217
94779
-22109
-50268
-77403
26469
-7956
78472
-48605
-62964
64125
-77745
75168
-89033
71779
22486
94710
57388
-79293
-54601
11321
97238
-67848
58807
-71437
38198
82547
88365
14183
23834
-73437
42730
50616
70969
-454
-29679
-83538
95550
66848
-7558
-14751
-50293
-99494
4231
-45994
51194
30273
63294
-55894
10330
95376
72886
4585
-64106
-31031
11292
55643
-85916
-37740
94429
50695
-63927
52359
-72389
-40616
91882
12519
53228
91606
-62704
-81935
-57612
30275
-8
-1966
-9047
50467
-36319
-5894
-52153
68008
14287
63289
-62989
44569
-64874
-94657
62998
-45231
41758
56811
-87262
-91290
-894
-33151
93837
53991
92627
90018
-2514
57160
-81904
48177
-87645
31233
74900
4350
-19856
-75995
-25706
81289
49042
95718
-23398
60088
-15137
-70377
-31492
-93191
25839
43838
35588
49123
17249
75913
-25126
-99736
30885
-65164
-41034
30306
77352
-49995
14215
9833
19923
98820
-39412
22144
37932
12545
-50574
-34476
-47301
-61431
-38339
-88104
45801
68424
2901
-91857
22534
93616
76266
-1987
81584
-27081
-45773
52723
19797
50183
19148
2241
-28673
-48617
-20102
70316
-98862
-18133
-97725
-33173
-20879
84462
61949
-38744
57365
-94461
5092
34365
-37938
31824
-50379
85749
24434
11899
-35359
-42813
-70113
69733
70151
-36271
37799
-91599
-35482
80626
-66127
-90905
25807
-43114
5158
89925
36329
96258
23490
14106
48433
94837
74395
-40818
61044
-3086
35707
-98795
-99402
43067
97919
-95869
-74772
-58111
-71704
-16769
14551
50890
-9400
-38120
19507
-6673
90434
29000
41510
34676
73599
78537
-95690
87776
-16860
42996
-96850
81683
-60229
60604
28950
-80561
-30455
-26489
-32086
59813
16214
63536
-43803
-62580
-92763
-26215
4652
4629
-7598
-57598
-32896
-74089
-85960
-22132
4845
5114
-89225
34093
-70269
-85095
39761
90097
84198
-95905
94483
-28822
47902
-25421
-39815
54258
-65553
75407
76319
32897
80922
90251
56878
99835
90469
-58139
-82431
-71878
-42759
-75491
-91289
30995
28743
-3308
74107
-9808
55138
11144
16087
-2200
-1700
43274
-63502
27387
-47480
-93493
-58667
63464
-81385
-30081
-68330
-21258
55552
-10183
15246
37764
-81033
60275
61834
-16122
39649
-56434
-12065
-55757
72913
-99128
-50909
67487
52110
-94117
-78992
86103
26459
25820
72946
-13322
-18053
4805
-64787
72804
50342
-14711
-67282
33276
-85457
38021
-5424
-64191
-21943
-50334
-96131
-9972
75714
-94006
29549
-47617
98843
61800
72727
43565
-63844
-29682
95422
73490
-93025
-35925
45653
-87853
24383
-57409
65781
10472
49667
48598
58457
1493
-9319
47873
99905
-1715
5518
17548
98542
-49610
-2204
60537
-22470
-27716
-46071
7097
29483
-5440
-24631
46175
78747
-23697
62704
5640
-52208
-15999
90959
-58630
85614
-31140
23396
-60867
43238
74848
34225
-57032
40281
55626
78238
19662
67299
79840
-10976
74474
-44509
-31017
37907
-72729
-96603
30117
-35608
-90410
93096
93031
78152
5119
44579
-6668
79188
-76832
85201
73553
-5285
3262
8750
-72166
48712
5128
71824
-12977
-34900
8952
74868
43710
27359
-82726
95252
17052
-42056
-27365
70655
-91040
-50613
23619
21874
-91041
-83760
67010
-52764
30508
94554
-44167
-72837
-64909
-62760
62910
71112
-66044
-37702
18375
87117
-91639
38901
-24296
12174
-57748
99201
-61493
-53328
92954
43367
-92267
43862
96741
-32813
49363
41126
-98666
-91880
-84732
46816
81439
62499
17439
-47278
-72206
-76675
-57223
74116
-76607
99597
14452
-55929
79714
28679
19125
-8641
-40692
3152
-55400
44175
86044
-51429
-81644
-34954
-53409
-41370
-41645
36729
-34488
-16709
-65953
34286
-63886
60395
-66991
33140
61190
-18325
21034
-18706
-35086
31911
12002
67977
-25810
-41542
67026
-72012
-8131
7948
32819
16784
-76624
61760
20054
-17514
46422
-56317
47104
56875
-88718
47406
29877
-79523
43021
-32404
-13470
24191
4342
54301
-37833
93441
-78792
-45333
-10867
83748
-32731
-90162
46687
-32054
24754
75219
-56780
-61531
77360
-44154
-57329
58497
-21930
71005
99850
-86082
87830
58516
-21810
48781
-8153
-78401
95942
86313
-36972
52445
73844
-66029
93887
48482
-50252
93169
-63663
35856
-85036
-79257
-66953
-42092
-16501
-83636
10951
35848
-54900
-56699
-79916
38758
39474
-79204
11720
47303
-2229
-76273
-54427
-66054
99220
-87871
43126
-93116
96907
37208
-32746
31132
44800
-59332
90607
82724
-70674
-47962
24900
15835
45983
-48992
-56012
-10143
33928
20650
-92026
-46241
99932
-98626
22663
-35699
-24737
-83761
-42645
68719
61233
-49635
-18296
62048
-1208
-69131
-137
84294
5757
-46570
-60434
18951
72480
-2530
52082
-17079
17663
69580
-69830
-75956
69203
-49408
-37953
-19921
45978
30
91260
22372
-28146
85694
21985
-84405
-10386
46051
55249
41756
-97343
-10083
3169
-33581
-8935
4130
-74974
-89399
-11871
-93461
-13499
-40127
-50972
-8098
-5329
2601
41246
21070
42754
81266
32112
69426
82061
-36238
-99573
33589
-44443
-26171
-98156
65471
-83069
69649
6878
-7465
-63361
93112
-57248
-66877
30764
40310
63950
99387
-14405
-72195
5418
55676
61606
-5641
53086
-18923
-91774
16256
77338
69966
-15097
-6499
-82684
26048
20341
-14614
17884
27574
-30956
-49817
-81840
57470
-89379
-67100
-92545
-24563
-40567
22848
60762
-43198
23137
6656
25257
-83702
92510
-63762
82332
-5459
79187
-2635
91231
95055
35109
80954
33982
28068
-91887
35415
45496
-22567
-92012
87719
-77415
-26385
90016
74364
21755
3541
29406
30391
-92094
70664
-34450
40046
-91556
-27839
-21496
7185
-33430
92203
46993
-79977
-14939
-40269
-51437
43758
-40079
20311
-68177
34238
-50662
-42215
-488
28228
53160
83790
26506
70427
3174
-28410
-11412
-67599
746
-28689
-63170
-27588
-74733
-70993
-89023
16839
-80069
-21427
-66750
12781
24729
-63803
-56139
51535
43947
-45616
-54154
32974
39240
-3403
10793
63079
97229
-89502
-81229
-33879
61506
53377
5366
61305
52272
-346
-70703
-68064
-34235
30658
-36881
-97944
30619
-44117
-6010
22218
-19496
-48135
-83265
-90914
-74506
-83031
25596
30544
1099
-46424
-34696
-636
-28183
-12580
-95617
-23427
-80822
81531
49393
16292
-45264
76500
54731
-50610
28539
37794
-32620
83698
-33931
-39408
81489
-71155
-27720
58581
-55299
-47682
2555
22311
-64597
-34672
-98321
-8094
52650
20305
50127
949
-11009
-10352
-95544
33128
63592
6748
99571
99263
-53266
57072
32532
5250
26765
29320
-7020
-82024
-42380
-90519
43060
-41073
-95476
92093
-24917
-553
-15820
-62291
25981
54736
-78866
8268
1233
-518
-12327
-44452
-40608
67412
4532
72238
29686
-14609
-40961
31094
-61431
-88575
-54193
18100
14323
-60727
26082
72937
92584
-39675
17320
-9358
-59469
-27940
-23970
2647
40088
-15784
48826
-36578
-46142
5404
16563
93342
-47849
-13912
38080
-80859
