35139
72940
79179
-99599
-75834
49309
-70271
-66578
11889
-36804
-67481
77478
1133
66265
-85263
9788
27837
77229
41803
-63765
-22931
-3365
-20852
-54333
-52435
77212
-50263
60159
38065
-32826
42807
61449
-13982
-62356
-87159
21826
70004
-24813
-86871
-53552
53098
33281
-89132
-48123
3340
17319
55889
47686
-81289
32309
39471
55552
84070
67977
-40816
74694
69436
9771
89257
-77571
-42052
-25361
-43645
-60372
-13712
-94677
7432
-77387
63448
33354
-49637
-11535
86022
68341
-98365
-89728
37217
79009
48007
37385
84602
-8432
96265
67189
-19053
3051
66714
-23181
86918
43591
-75374
6106
80025
58026
-4310
-21554
83311
79943
-8635
-37465
96669
91266
10126
13530
-70790
98108
85121
-34387
-43008
-61625
23346
-78239
-89820
9275
88295
-94100
96588
3786
71041
-13540
97630
-25206
-61422
89400
-34183
-54041
29469
74002
93801
32079
5326
-29742
66791
80159
32658
-94162
-70157
16732
88670
-59071
-63802
28753
-87764
3300
-77769
-59264
-87424
59139
-15951
-60899
55091
51174
66179
56350
-97232
61438
-28522
29060
-3655
-70983
-72278
-62100
36443
47073
-41650
14491
-88416
47931
574
78219
-35450
-45262
-75303
72506
-5159
16708
-79606
-63396
-35926
-29485
-26901
-30405
13101
-15500
25054
-69382
-74915
92216
-74960
-94755
-42293
72647
-98321
-59578
-81108
-62508
-97824
5645
-1801
-1409
39952
516
-42760
-15850
88642
-53414
-93070
-97376
-20459
55925
-98178
-43423
24264
21111
53636
11985
-66543
-92168
-99004
87493
-37885
29645
-79449
-85601
-22898
-99810
-97039
-32959
28609
72396
3738
-40812
-20991
75813
5663
-65138
76058
86430
-4672
-43676
-77798
-31148
24473
-85660
81609
28822
25214
-12142
-57152
26626
-58510
-13299
12390
-68142
72486
-85054
43880
-1104
289
42702
89149
-36682
93727
55281
-41673
-94355
-37639
98857
86032
-94927
-43077
6555
-32358
-35364
42770
91694
-11681
17486
33607
64045
-64523
-78831
96288
-3492
74155
-94927
86190
-28901
4927
61550
-64057
-58342
34857
32494
-67982
58333
22729
-35947
73274
-39655
-78723
-87551
-54229
-47924
20294
40140
-47025
66852
85495
59559
99995
-98247
-56107
63698
96436
-83262
-45502
-5504
39917
-97043
-84455
61428
-36685
-99709
86511
-46106
-48706
44563
64979
-94992
-1490
82119
-32004
28572
-78871
26244
91481
26754
51390
4955
-4881
-82512
-76477
-14789
-12772
-88689
-47168
-42386
97121
65003
-85010
-34571
58925
-17812
-49723
88664
-3367
-10858
57038
77586
-13951
98053
-23128
67019
-4993
-7638
-12598
-14615
41808
57003
79046
60737
51877
-17701
-4221
64712
-4885
-71517
-45456
-7130
-20107
-35846
46609
-25792
-41323
-43404
22974
29265
-99113
64590
47400
38159
-84696
-42122
-2829
33662
-98032
99698
38058
77412
-80937
-83264
-13905
69883
84741
-31360
21528
-54283
72018
-65989
29833
96940
1282
-88134
-77349
76819
-23320
3128
25403
-34254
-7284
-41893
31350
69067
23141
12508
-29540
97976
-14403
-7287
-80793
59346
-6387
66307
-82100
-59997
-60518
74583
61678
74782
-46097
-51352
-40944
-47755
68828
-8661
40817
67465
-24507
65621
22383
-90077
85834
-23811
-90260
-36608
5160
60576
69051
34623
-102
55928
-47528
26306
-55791
72272
36428
40561
-26065
-36758
-71142
67942
-61787
-26536
-43435
-14163
-39801
-57024
54495
-9455
43581
58409
-63908
-38855
76028
97684
-55702
-36023
89414
-74124
15299
-84398
-36012
22321
72732
21667
-66609
-43630
-64416
84774
36531
-94526
-48365
-62218
89083
-46430
4335
-12898
-37537
-62905
21095
54952
56601
11366
-64327
-40574
-50332
-25452
7502
-87098
40267
-8318
59959
-77409
-74418
-22952
37065
75371
-34125
-73952
38945
80077
9157
-62489
-61817
93909
-6543
-76175
64169
90414
58035
-84097
68163
-99573
-2642
6443
37826
31335
-71927
-92398
96028
-19626
67005
-25912
-11610
-46363
-19918
85887
-81769
67609
89156
74365
-93016
-30361
-59227
51484
74093
54136
25388
-21567
15659
-17687
2826
83468
-29453
27909
-16093
44290
49760
-62533
-27273
97288
-68924
14217
-97922
-32409
-89549
-20460
9957
7750
-82601
21651
-16367
94657
-6927
-53642
97095
-93360
50959
-54099
-55347
-99433
-31537
-71934
-28415
-63031
80488
19332
-6564
-18258
2222
-86970
96996
59346
1268
8008
65505
-32287
-3172
48360
-41889
-9456
28017
60023
85727
49941
91146
-32500
50047
6251
-50664
84829
-96920
74557
6514
50162
58241
-26548
-51227
-65602
-85915
-75804
-79932
81857
-91197
-78705
10828
73871
40530
-49493
-30586
-99687
37568
66420
-21943
41662
-3691
32476
-24095
-24768
76878
-4771
70724
74771
-25811
-50628
-27135
76297
-19686
61529
91103
-347
80044
97088
89625
-74278
43284
-45011
39731
-45200
-88410
93357
-42634
34057
18216
-89685
-37408
-10306
-68099
-60725
10690
19515
38925
30123
-51298
90931
-64484
-78583
-64381
-46352
75949
15886
69478
-12138
-69489
94221
83423
-49478
26484
97138
92385
-50809
-68124
32141
-97286
12910
4962
-12322
11077
78889
-79849
-84764
7940
-9953
-74809
11676
-12458
31887
-94180
-55375
-64178
-36695
-66922
-16180
-41338
42345
-78452
-37288
3943
-43318
-3737
-71651
81752
-36542
1798
-36975
-23326
41056
-28465
-17492
-30633
-16241
-6679
-36349
71942
49529
6859
77530
57480
8702
-26148
87254
-57612
-39478
-94050
-96814
-86532
3212
33531
-20433
61745
-85235
93246
-83904
-48786
-34728
90951
43488
-90632
-7161
21813
70929
59622
2768
26776
-26121
84122
-17521
30478
74765
-150
-68261
49939
67232
43162
-85073
-79800
11786
23292
-36986
-47060
-71091
57158
-53696
97065
95376
51202
-36499
32271
16451
45992
-74206
-68341
95565
-97442
17990
88866
26805
-46923
40647
19566
68093
-7957
42513
-21758
-40676
-42672
-95446
55876
-3555
43687
-2360
-46971
63473
73846
-13367
27346
-70851
20638
-75578
-64097
-91473
-38575
-15098
-62063
36851
73817
73350
-14552
-27294
26566
79098
58677
-12222
89645
28321
16331
49395
-14991
-20129
99164
32265
-99709
-22938
-47770
-60148
-95471
27946
16230
47930
-90918
61009
61939
29230
97335
-44925
68488
-84342
-60880
-45889
84786
-46544
76835
16414
-2115
92841
-51817
-46802
43592
-91430
-17991
-31554
11416
61868
90494
32878
87256
59136
81522
40489
-15471
35566
-36969
-29458
43398
-23972
6218
-66303
56996
-65056
11642
-13650
99977
38516
42597
48844
31352
-34177
3038
8382
20134
-43439
-84605
16563
26836
-83780
70353
81736
-46718
44825
8211
-9628
42697
-15879
-84421
-20467
30109
-49293
1787
94376
-22275
44646
-10930
61950
-31353
58097
85822
97739
-64090
20867
72738
-34190
45606
22416
-32023
10524
85366
37410
-94674
-80371
28788
-4795
-45290
-33301
-8446
58614
-80521
-36702
-76525
50096
92879
43942
-11995
82229
20098
-95767
71562
7803
-62645
16621
-48302
-51770
-69345
62730
20187
-70071
10405
-45726
-32897
54924
-54674
81823
-76486
-85517
21575
-9241
14109
61049
-51914
-7749
