1586.548
1024.206
450.562
1348.682
94.795
115.823
143.016
157.625
1983.758
3339.935
1204.748
259.782
257.987
312.365
489.263
768.364
1708.170
905.410
3067.685
4454.874
2091.041
3134.515
19.110
1325.699
669.217
294.853
1079.968
3664.575
166.375
1837.524
78.804
34.011
2904.584
7.458
470.587
217.522
167.923
837.671
1189.798
847.500
775.017
483.664
1687.213
1513.582
136.525
1296.713
195.448
543.510
2799.486
416.818
24.068
18.889
3294.512
6.764
280.784
1402.737
392.299
68.641
1109.379
1183.379
1695.238
21.691
328.108
3647.713
1275.416
923.433
1514.932
3873.927
9.128
2509.278
3000.638
1717.775
1025.650
1052.194
185.109
4936.266
242.540
211.873
2400.269
469.211
42.330
51.282
439.992
439.704
199.781
21.427
300.229
30.491
23.519
46.225
72.005
470.941
356.687
202.781
3763.484
491.617
2795.933
1221.613
1764.193
69.679
412.750
98.382
1714.495
238.347
3.041
7042.484
286.633
5387.579
234.791
47.364
167.071
379.368
1592.348
267.984
59.448
72.644
4164.265
586.200
631.429
909.090
316.731
155.910
1431.774
340.740
353.522
162.090
5003.452
218.603
2336.556
2985.841
28.129
1166.607
201.701
2073.529
4399.481
51.766
116.924
513.907
139.584
2883.502
4692.849
190.560
1317.609
158.155
678.328
714.109
1933.834
20.789
3157.424
1260.074
1288.003
4083.090
581.462
581.338
154.095
646.564
225.515
445.103
682.770
1927.863
1626.275
1768.517
449.939
3055.905
288.308
747.594
625.556
4678.152
3753.901
2001.140
87.450
2179.183
1314.259
100.668
238.445
39.282
412.731
257.828
466.273
930.821
2134.047
1069.573
388.548
78.502
738.425
3878.166
1876.769
1253.260
305.671
34.642
1.161
718.139
2644.632
406.427
2579.024
450.330
382.185
354.353
3440.278
690.096
1696.005
3778.213
1758.605
959.774
166.337
5153.805
6.792
207.795
4527.711
1739.730
1623.830
2932.860
1757.709
97.399
2524.612
2443.003
13.104
1679.612
4308.089
2379.432
2068.071
67.885
9.292
302.438
40.764
511.344
985.206
25.964
6711.134
257.309
775.586
6.016
2218.883
12.982
441.233
3276.905
1340.343
4531.067
1774.209
1412.502
532.643
2486.569
925.482
1646.828
425.093
4358.978
1985.773
138.670
1673.009
403.530
53.247
18.498
4595.813
728.199
409.890
178.601
2402.871
925.655
785.727
1957.511
279.908
494.482
30.765
74.761
4364.733
75.064
1436.833
526.811
663.526
148.206
2317.111
5.518
1715.837
941.921
2291.593
156.530
5556.576
809.235
81.520
159.923
1083.557
1378.369
2911.020
529.830
5695.947
989.865
3121.114
1225.724
8544.148
122.522
59.936
58.924
57.155
30.262
2788.427
71.957
648.133
5994.152
353.904
63.916
3211.525
92.371
729.018
726.335
532.349
1469.137
108.712
637.227
686.950
17.386
48.657
2155.102
334.170
2731.523
3163.699
58.070
4599.611
284.370
1112.094
118.203
180.152
201.178
683.654
699.368
3970.410
1476.542
1412.280
22.867
489.241
1105.995
709.393
253.411
34.287
369.112
713.405
116.740
215.126
1794.461
127.945
2755.325
906.088
789.514
820.178
336.737
28.541
180.498
1542.556
174.486
2868.746
1499.219
4089.838
3982.604
683.088
1402.815
3179.974
13.714
351.099
1840.419
296.008
1658.467
6042.275
3015.324
1780.367
98.442
584.230
3151.922
608.666
252.776
1420.949
3325.418
9.924
494.646
3037.610
54.670
1890.704
2668.691
2204.412
590.027
378.007
3185.257
1313.949
1350.316
402.216
153.409
2679.663
55.605
57.368
1124.266
151.714
369.342
222.060
131.090
689.161
3757.333
298.611
2059.746
739.889
1627.120
26.682
4.735
87.397
1656.660
819.808
3027.766
685.513
823.556
2173.241
85.515
1672.407
3859.237
14.073
388.639
1492.299
1677.990
2228.670
505.247
1564.161
3148.692
4141.402
1597.727
24.434
62.997
220.027
6.503
1406.107
5600.077
342.226
5767.093
99.205
1718.883
368.760
707.292
84.809
1696.123
1729.388
14.109
1049.127
1006.129
68.763
788.726
2719.861
1698.155
1845.458
346.081
38.313
3339.443
67.235
220.951
191.735
5387.619
1228.478
838.411
859.387
309.375
350.407
1586.897
516.125
4914.116
718.526
31.470
914.579
199.520
5240.480
1474.428
414.789
112.203
388.643
15.619
141.133
795.654
6150.926
628.486
639.549
223.488
1741.003
890.418
408.909
283.580
353.431
114.784
962.009
182.500
751.232
767.033
7897.672
1405.952
186.848
90.624
671.324
2237.628
176.983
1103.459
911.044
380.695
7.398
44.978
124.370
4174.563
1397.967
534.794
170.370
20.751
263.522
44.088
1956.918
2260.492
394.043
232.245
3446.723
1274.532
363.347
30.211
511.021
1056.532
2207.819
1864.907
843.248
1352.143
591.669
1950.903
265.398
85.400
875.191
202.192
1382.902
214.109
2494.074
921.208
736.561
3359.163
281.055
1180.485
3578.921
1279.901
298.283
3166.361
4269.357
4020.096
1830.273
228.908
1140.440
886.396
1159.006
2689.924
1949.872
1990.088
478.407
13.855
1635.525
17.128
474.753
45.505
1688.852
1079.251
334.083
159.666
800.210
1593.392
42.121
1267.488
2362.902
2030.038
86.358
2057.176
525.570
1160.318
125.613
686.050
112.375
372.295
2201.243
205.642
1459.418
198.558
220.633
789.550
946.864
2150.593
342.931
1336.515
239.947
1178.667
1709.203
2232.990
1539.420
154.979
20.074
275.644
88.908
2445.326
91.699
1115.903
3011.881
211.006
171.552
2115.370
1070.177
1186.087
2318.709
4.255
1145.224
1483.031
134.328
135.997
2306.283
318.735
1785.073
66.794
3301.573
1525.982
1340.993
982.056
2931.317
4132.073
997.510
2580.789
1750.952
2161.658
144.638
13.278
4172.929
204.396
1264.286
294.757
336.739
206.013
306.512
1076.917
302.315
2055.023
1053.069
11.027
1453.022
22.022
1421.515
6466.551
1762.163
341.713
271.615
1587.106
4088.443
3577.161
757.483
2551.989
1637.771
1797.603
165.658
1108.114
526.554
61.156
1290.978
773.541
1638.453
16.524
1974.493
2119.224
738.646
521.822
18.426
39.998
142.977
281.362
1.567
58.350
1246.213
498.869
3663.813
276.418
122.610
76.374
1292.176
292.962
1334.472
527.631
2443.874
2435.612
1206.173
1391.423
1199.739
1357.100
3107.077
3853.787
661.410
562.692
977.096
3269.762
3964.550
379.972
673.094
6657.453
439.901
635.641
2018.526
1444.457
99.727
373.205
671.367
240.634
4054.058
238.668
2081.106
1162.045
4937.764
84.367
2217.713
8.151
464.403
2179.894
140.841
9.628
1407.518
3682.241
3271.377
1998.728
749.476
122.715
653.625
1357.050
118.100
318.540
3785.576
2357.451
1232.434
3183.717
1993.290
5003.305
16.043
112.768
120.453
364.191
2865.997
1242.683
620.573
142.840
733.801
181.987
33.860
3179.923
1723.703
166.032
697.377
942.205
21.382
77.280
2616.985
78.181
489.623
640.300
326.515
1439.671
594.635
4462.517
128.296
59.337
336.491
1930.270
54.969
790.172
2294.349
711.653
910.077
1372.609
1416.494
15.060
279.140
908.041
887.074
122.395
1124.052
250.682
1707.875
1531.491
23.936
2629.242
646.849
145.160
8.550
2013.801
908.633
1666.241
2070.150
5754.549
335.959
214.915
3481.076
309.067
404.829
131.186
10.136
1106.356
2132.243
274.177
301.374
2596.430
3266.283
803.961
2036.285
314.677
87.625
5.692
2212.628
1507.538
2196.868
63.755
1905.914
2.783
70.433
186.134
4363.707
320.617
1118.645
1288.686
28.023
2334.576
4898.328
3468.061
49.725
2423.963
3186.368
971.787
2285.273
2407.306
2838.722
543.538
201.881
116.227
124.216
418.983
499.974
324.152
1409.111
1808.956
270.336
3904.661
1236.352
3766.377
2418.323
1567.798
103.977
531.430
587.221
181.288
3220.812
320.474
125.183
4253.462
4379.735
140.030
3.363
3982.631
115.221
478.084
576.341
1106.505
1994.334
390.378
274.185
1022.846
1985.910
6292.080
1219.875
165.576
3938.788
42.148
69.881
150.865
71.974
3164.210
4.975
1327.146
1117.690
2311.159
31.863
154.269
5501.801
103.768
3229.893
42.662
111.406
156.605
192.422
1038.562
1781.649
61.012
128.627
2559.729
2353.490
386.132
769.140
1725.299
385.561
2064.788
103.890
1292.760
451.693
115.327
5427.292
932.608
791.190
114.776
1111.019
1237.190
453.946
711.755
2119.495
564.904
657.648
204.651
640.164
584.417
1692.871
915.849
1435.430
500.738
1732.093
414.127
2022.584
40.974
354.832
1486.636
89.241
4155.750
2481.770
2965.987
2664.342
203.134
3135.330
94.532
234.263
628.547
1112.423
864.666
72.843
7.041
394.168
4718.111
75.249
3.064
2684.367
1.498
261.044
367.390
1761.550
4122.733
564.568
1229.830
3899.106
226.231
23.059
167.651
277.782
1948.197
2121.885
2559.031
2162.583
145.353
86.745
814.275
1079.104
179.235
158.581
2461.129
1248.714
559.731
6199.785
345.432
141.734
286.275
2062.877
5.521
88.582
253.738
814.471
160.252
3448.159
561.837
982.092
16.632
2017.106
310.703
66.649
92.189
2558.796
93.020
46.761
515.311
118.358
927.179
3275.913
3426.346
947.337
5551.451
1445.095
256.556
50.534
1132.777
155.815
2280.819
1577.230
2363.540
