3
4
5
3
4
3
5
10
11
7
9
10
11
11
17
18
18
19
18
20
22
21
23
25
23
26
24
30
29
29
33
31
31
33
35
35
37
36
38
41
38
43
43
43
42
46
46
46
48
49
49
49
51
52
55
56
59
60
59
58
63
60
63
63
67
64
69
67
70
67
69
70
73
76
76
77
77
80
80
82
79
83
83
83
84
86
84
88
90
87
92
92
95
91
94
95
98
97
98
97
99
99
103
102
102
105
104
106
108
111
108
110
114
115
115
118
116
120
121
117
120
123
123
126
125
127
128
127
131
128
130
130
135
134
133
136
134
138
141
141
141
142
145
145
143
146
149
148
149
151
151
152
151
151
156
156
159
155
156
158
159
164
165
165
166
166
166
166
169
170
171
172
175
172
176
175
179
177
180
178
183
181
183
183
183
188
187
187
188
191
189
189
190
195
193
196
194
196
196
197
198
202
204
202
207
203
204
205
206
211
209
214
215
213
212
215
215
220
216
218
223
224
222
223
227
224
229
229
228
231
229
230
232
235
234
235
237
240
236
237
239
239
243
242
247
247
247
246
250
249
250
249
251
253
254
253
254
258
260
260
258
259
263
265
266
263
267
265
270
270
268
270
274
275
277
277
276
276
277
280
282
279
281
284
286
287
289
290
290
292
290
292
293
293
293
293
297
295
301
297
299
303
301
301
302
307
305
310
309
311
313
313
314
312
315
313
315
319
318
322
322
323
321
322
322
325
326
327
331
329
333
329
332
333
332
334
339
335
341
340
343
343
345
342
346
345
345
347
349
351
353
352
354
353
356
358
355
357
360
362
361
362
363
364
366
363
368
370
368
370
370
371
374
376
376
378
378
377
378
378
378
379
383
382
382
386
385
389
389
389
392
392
393
392
394
396
395
399
396
397
403
402
401
402
407
407
405
406
407
410
408
412
411
416
417
418
419
417
416
420
420
424
421
426
423
426
424
430
430
429
428
431
430
433
432
435
435
435
436
439
442
439
442
444
446
447
445
446
449
448
448
454
452
452
456
453
455
456
456
460
463
462
461
464
462
468
465
470
470
472
470
470
471
472
473
476
474
475
481
477
483
479
480
481
482
487
485
489
487
487
490
490
493
491
494
494
495
500
497
500
499
504
504
503
507
504
505
507
510
507
508
514
511
511
516
518
517
520
521
521
519
524
523
525
527
528
524
529
526
529
531
529
535
533
537
538
539
537
540
539
539
541
542
545
544
547
547
546
548
548
552
551
550
554
556
556
554
560
559
557
558
559
562
561
565
567
568
565
571
569
571
574
570
576
572
576
576
576
577
577
579
582
582
586
585
583
587
586
586
588
589
594
590
596
596
594
595
600
598
598
598
600
600
606
607
604
607
610
609
611
608
614
612
611
617
614
616
618
621
620
620
621
623
621
622
626
627
626
630
630
632
631
632
634
637
636
636
640
637
640
639
643
641
646
647
647
648
647
647
650
650
652
653
655
655
655
656
657
656
661
662
662
662
661
663
668
668
667
666
671
671
672
670
675
677
673
678
680
679
677
682
680
685
683
686
688
687
689
689
692
693
692
690
694
693
694
697
699
700
700
701
700
701
704
703
703
707
709
710
711
711
714
710
714
714
717
717
717
719
719
723
720
722
725
723
723
727
729
729
727
731
730
731
735
733
735
739
739
736
737
740
741
743
745
747
743
748
747
750
747
751
753
750
752
752
754
756
759
760
758
761
764
760
763
767
765
768
767
769
767
770
772
770
772
773
776
777
778
780
778
781
781
780
781
785
788
787
789
789
790
789
790
791
793
796
793
799
796
796
802
803
801
800
805
803
803
809
806
808
809
813
812
810
812
815
816
819
818
821
818
821
820
823
825
827
827
826
826
826
830
833
829
833
831
835
836
835
840
839
840
839
840
845
846
844
843
846
848
850
848
851
852
855
853
856
853
857
856
860
862
858
862
862
865
865
867
868
866
867
872
869
874
870
873
875
876
876
879
880
878
880
880
880
883
884
887
885
890
888
889
893
892
894
893
894
895
894
896
901
902
899
900
904
901
903
907
905
908
907
910
910
911
914
913
915
915
917
916
918
918
920
921
921
925
925
924
929
930
929
929
928
930
935
936
935
933
935
935
940
938
941
943
941
942
942
947
947
947
951
951
951
954
953
951
953
957
957
959
959
957
961
960
963
965
962
963
968
969
966
970
973
970
974
974
974
975
974
978
981
979
982
982
982
981
987
988
985
989
986
990
990
989
990
992
997
994
999
996
1001
1001
