3
0
3
2
4
7
9
7
8
7
9
12
10
16
16
18
18
18
20
20
20
24
20
26
22
26
24
29
26
32
30
33
32
32
36
38
37
36
38
38
40
41
43
43
44
47
47
48
48
51
53
49
50
51
56
55
55
58
56
61
63
60
60
66
66
67
69
65
71
68
68
73
70
73
74
77
74
75
80
80
79
84
85
81
85
86
88
85
90
89
92
89
94
92
92
96
94
100
99
97
100
103
105
102
104
108
107
110
110
112
109
110
113
114
114
117
117
118
118
121
122
119
125
125
124
126
124
130
130
128
130
130
134
135
133
134
136
135
136
139
138
141
145
142
146
146
145
146
151
147
148
151
154
156
155
157
155
155
156
158
160
159
165
164
166
163
165
169
166
167
173
174
171
171
176
178
176
180
181
181
181
182
181
182
183
186
184
187
190
190
192
193
190
196
193
194
198
200
196
200
199
199
203
201
207
204
205
208
209
208
209
210
215
214
212
214
216
215
219
217
219
222
223
221
226
227
229
228
230
228
229
229
230
231
234
235
236
239
240
240
241
244
243
244
243
243
249
245
250
250
249
250
250
255
255
258
256
258
257
258
259
261
263
261
265
265
265
265
266
271
268
273
275
274
276
273
277
278
278
282
279
280
282
286
283
286
286
287
286
291
289
294
295
294
292
295
298
295
301
299
303
303
305
301
304
306
305
310
308
312
309
313
315
315
313
317
318
316
316
320
321
324
320
322
322
325
328
327
328
328
329
334
333
335
336
334
336
339
336
339
340
344
344
345
345
347
349
347
346
351
353
351
353
351
356
354
359
359
358
362
358
359
360
364
363
368
364
365
371
369
368
372
372
371
374
377
379
375
381
382
378
379
385
386
384
388
389
388
390
391
390
390
395
396
395
393
397
395
399
400
398
402
402
404
406
405
407
407
408
410
408
410
412
414
414
416
415
418
421
421
422
421
425
426
426
428
427
428
429
427
430
429
435
433
433
435
439
439
437
440
442
444
443
442
443
447
447
450
448
450
451
449
453
453
457
457
458
456
459
459
463
460
463
462
466
464
465
466
468
470
470
473
472
473
475
478
478
475
477
479
483
480
481
483
486
483
488
489
491
487
493
491
490
493
496
496
499
499
499
502
502
499
502
505
503
503
508
508
510
508
511
511
514
513
517
513
514
519
520
521
523
520
523
524
523
526
527
526
531
527
530
533
533
534
536
534
535
539
540
537
539
543
541
544
545
548
547
548
551
549
550
549
552
555
553
556
559
560
557
558
562
562
564
564
564
567
565
567
566
571
569
569
571
576
572
574
578
578
577
577
578
584
584
581
585
586
589
586
589
592
591
592
590
596
592
598
598
595
599
599
599
603
600
601
603
608
609
606
606
607
608
613
612
616
617
613
615
619
621
619
620
621
625
625
624
625
624
630
628
631
632
632
633
634
637
634
638
637
638
638
641
641
641
646
644
645
647
648
646
650
650
651
650
651
652
657
658
657
656
662
659
661
662
664
663
664
669
669
669
669
668
672
671
676
672
674
679
679
680
678
679
679
682
682
683
684
686
686
686
691
691
689
693
693
693
695
698
695
700
700
703
702
701
703
707
704
706
710
710
711
708
712
715
714
712
718
717
716
719
718
722
722
722
721
724
726
729
725
728
731
728
733
730
731
732
736
738
737
739
740
738
742
743
744
743
744
747
749
750
747
748
753
752
753
756
754
756
757
758
758
760
762
763
762
767
764
767
769
767
770
770
774
774
774
777
775
779
776
779
777
783
784
784
782
782
788
784
789
790
791
792
791
793
795
795
793
795
800
797
799
800
802
800
806
805
804
807
807
806
810
813
813
810
813
813
818
814
817
821
822
819
819
824
822
824
827
829
829
829
830
830
834
834
831
835
835
838
837
840
840
839
839
844
843
847
848
845
848
846
848
849
851
854
855
853
857
857
857
860
859
858
862
865
862
865
866
864
865
866
868
871
873
872
875
872
877
874
877
881
882
883
882
883
883
887
888
885
885
890
892
890
889
895
891
896
897
898
898
901
897
903
903
903
904
904
904
907
910
906
909
912
913
914
916
914
914
919
916
921
919
923
919
925
926
924
923
929
926
928
932
933
932
935
931
935
935
939
937
938
938
942
942
943
941
945
945
947
945
946
947
950
951
951
955
956
957
958
956
957
959
961
961
963
962
962
966
965
966
970
972
973
973
974
976
975
975
974
976
980
977
982
981
981
981
985
987
986
987
987
992
992
993
992
992
993
993
997
1000
997
998
998
1001
1003
1002
1005
1006
1009
1007
1006
1012
1013
1009
1015
1012
1017
1016
1017
1020
1016
1018
1021
1024
1023
1021
1025
1025
1028
1028
1031
1030
1029
1031
1032
1032
1035
1037
1038
1036
1037
1041
1040
1041
1042
1041
1047
1048
1047
1047
1050
1048
1050
1054
1053
1051
1052
1054
1056
1055
1058
1062
1061
1061
1061
1061
1063
1064
1067
1069
1069
1071
1073
1069
1071
1075
1077
1075
1078
1076
1077
1079
1080
1081
1084
1083
1087
1088
1085
1090
1089
1089
1093
1093
1090
1092
1094
1097
1097
1099
1100
1101
1100
1102
1104
1106
1105
1108
1106
1109
1111
1111
1110
1109
1114
1115
1116
1116
1119
1120
1116
1117
1120
1121
1120
1124
1126
1126
1124
1125
1130
1127
1133
1134
1134
1134
1133
1138
1135
1136
1141
1142
1138
1143
1140
1141
1146
1144
1145
1147
1146
1149
1153
1153
1155
1154
1157
1153
1159
1156
1161
1160
1160
1159
1163
1166
1162
1167
1169
1166
1171
1168
1169
1170
1170
1174
1172
1175
1174
1176
1177
1179
1178
1183
1182
1184
1187
1188
1184
1188
1186
1191
1188
1190
1193
1194
1192
1197
1197
1195
1197
1201
1201
1199
1202
1206
1202
1205
1207
1210
1207
1209
1213
1211
1214
1214
1212
1218
1218
1220
1219
1218
1220
1221
1224
1222
1225
1225
1225
1230
1226
1230
1231
1229
1232
1236
1232
1237
1239
1236
1241
1238
1238
1241
1243
1241
1243
1246
1244
1245
1246
1252
1250
1250
1253
1254
1256
1254
1257
1259
1260
1259
1260
1262
1262
1265
1262
1265
1265
1270
1266
1268
1273
1272
1271
1272
1273
1275
1275
1278
1281
1279
1278
1282
1282
1284
1284
1284
1288
1288
1289
1292
1291
1294
1290
1292
1292
1296
1296
1300
1301
1301
1299
1300
1300
1302
1304
1304
1304
1310
1310
1311
1311
1312
1311
1315
1313
1315
1315
1318
1317
1322
1320
1321
1320
1323
1325
1328
1327
1327
1327
1329
1329
1331
1331
1331
1337
1338
1339
1339
1338
1340
1343
1340
1342
1344
1347
1343
1348
1349
1349
1347
1348
1349
1350
1351
1357
1358
1356
1360
1357
1357
1358
1360
1361
1365
1364
1368
1368
1369
1367
1368
1368
1372
1374
1373
1376
1375
1374
1379
1380
1377
1381
1382
1384
1386
1382
1388
1389
1387
1390
1390
1392
1389
1395
1391
1395
1395
1397
1399
1398
1402
1400
1399
1404
1406
1404
1407
1406
1408
1410
1409
1410
1411
1411
1413
1412
1413
1417
1418
1417
1418
1422
1423
1424
1424
1424
1427
1427
1430
1428
1427
1429
1430
1430
1435
1437
1437
1438
1435
1437
1441
1441
1441
1441
1441
1445
1448
1448
1450
1449
1449
1451
1450
1455
1452
1456
1454
1457
1460
1456
1462
1461
1461
1463
1465
1462
1468
1468
1469
1466
1470
1470
1474
1471
1475
1472
1473
1474
1476
1481
1479
1479
1479
1482
1481
1482
1487
1486
1488
1488
1488
1492
1492
1490
1491
1493
1493
1496
1498
1501
1499
1503
1501
1504
1501
1506
1503
1507
1508
1507
1507
1508
1510
1510
1515
1514
1514
1519
1516
1518
1522
1522
1523
1524
1526
1527
1527
1525
1529
1529
1532
1529
1533
1534
1535
1532
1538
1534
1539
1539
1541
1541
1543
1542
1542
1544
1543
1548
1547
1548
1548
1549
1549
1550
1554
1554
1557
1556
1555
1559
1562
1561
1560
1561
1561
1565
1564
1568
1569
1567
1570
1569
1570
1571
1575
1576
1578
1578
1578
1578
1580
1582
1584
1585
1585
1584
1583
1586
1590
1590
1588
1591
1589
1593
1596
1593
1598
1594
1598
1599
1601
1601
1602
1600
1602
1602
1605
1604
1606
1607
1607
1612
1611
1610
1613
1615
1613
1614
1619
1616
1621
1621
1622
1620
1621
1627
1626
1629
1630
1627
1629
1632
1630
1630
1631
1635
1633
1634
1640
1636
1637
1638
1644
1640
1646
1645
1647
1645
1649
1649
1652
1651
1654
1652
1653
1654
1658
1658
1658
1660
1659
1659
1659
1665
1662
1665
1667
1665
1666
1666
1671
1669
1670
1672
1671
1677
1678
1677
1675
1678
1678
1683
1684
1683
1685
1684
1683
1688
1689
1691
1688
1690
1690
1694
1696
1695
1693
1697
1696
1699
1702
1699
1700
1700
1703
1704
1703
1705
1708
1708
1710
1713
1709
1715
1713
1716
1713
1717
1720
1716
1722
1722
1719
1725
1725
1727
1725
1728
1729
1728
1731
1733
1733
1730
1732
1734
1736
1734
1735
1741
1741
1741
1741
1741
1744
1747
1743
1749
1749
1749
1747
1748
1754
1754
1751
1756
1754
1757
1755
1756
1762
1759
1763
1760
1762
1763
1763
1769
1769
1770
1772
1770
1773
1772
1773
1773
1778
1776
1776
1780
1778
1782
1781
1785
1783
1784
1785
1788
1790
1786
1787
1792
1794
1793
1793
1792
1796
1794
1799
1798
1799
1803
1799
1803
1802
1804
1807
1809
1805
1808
1807
1810
1812
1811
1814
1815
1814
1814
1816
1818
1821
1819
1822
1825
1824
1823
1824
1828
1828
1831
1830
1832
1831
1832
1832
1837
1833
1839
1840
1836
1842
1841
1839
1840
1845
1846
1848
1846
1850
1848
1847
1848
1849
1854
1853
1854
1853
1855
1855
1860
1860
1861
1863
1860
1866
1866
1863
1865
1867
1870
1870
1873
1873
1871
1876
1872
1876
1874
1877
1877
1879
1881
1880
1882
1883
1886
1883
1888
1887
1886
1890
1892
1891
1895
1893
1894
1896
1895
1897
1898
1899
1898
1903
1904
1903
1902
1908
1904
1909
1911
1909
1910
1911
1910
1914
1913
1918
1917
1915
1920
1919
1918
1923
1923
1925
1925
1927
1924
1927
1930
1927
1930
1929
1933
1934
1933
1933
1938
1936
1939
1938
1939
1939
1941
1941
1945
1946
1949
1948
1947
1947
1953
1951
1952
1956
1953
1953
1956
1956
1961
1958
1961
1963
1965
1962
1964
1967
1967
1965
1968
1969
1968
1972
1972
1976
1976
1974
1979
1976
1979
1978
1983
1980
1983
1981
1982
1983
1984
1987
1989
1989
1991
1994
1994
1995
1997
1997
1997
1999
1996
1999
1998
2004
2000
2005
2004
2004
2004
2010
2011
2010
2010
2009
2012
2011
2012
2015
2018
2016
2016
2022
2019
2020
2023
2021
2027
2025
2025
2027
2026
2031
2028
2033
2030
2031
2032
2035
2036
2038
2041
2042
2039
2039
2040
2044
2045
2045
2049
2048
2051
2051
2050
2052
2050
2053
2052
2057
2055
2055
2060
2062
2059
2059
2061
2061
2062
2067
2068
2065
2068
2069
2073
2073
2074
2072
2074
2077
2078
2077
2078
2079
2078
2081
2084
2085
2083
2085
2088
2088
2088
2088
2089
2093
2091
2093
2097
2095
2099
2098
2098
2099
2098
2104
2103
2101
2107
2104
2109
2105
2109
2112
2109
2110
2111
2116
2113
2117
2118
2118
2117
2122
2118
2120
2125
2126
2123
2125
2124
2129
2126
2129
2132
2133
2134
2131
2136
2138
2137
2136
2139
2141
2138
2139
2142
2146
2144
2148
2148
2145
2148
2148
2152
2154
2150
2152
2153
2155
2156
2159
2157
2157
2162
2161
2164
2164
2162
2166
2167
2166
2168
2168
2172
2169
2175
2174
2173
2174
2179
2178
2181
2178
2180
2179
2180
2184
2185
2188
2185
2188
2187
2189
2189
2191
2190
2194
2195
2195
2194
2197
2196
2202
2202
2201
2205
2203
2206
2205
2205
2205
2210
2211
2210
2214
2215
2211
2212
2213
2214
2219
2217
2219
2221
2223
2220
2223
2222
2227
2225
2228
2226
2228
2233
2233
2234
2232
2235
2234
2236
2237
2240
2241
2241
2243
2240
2245
2244
2243
2247
2245
2247
2249
2248
2254
2255
2253
2257
2254
2254
2255
2256
2257
2262
2263
2260
2262
2266
2264
2266
2270
2266
2272
2270
2272
2272
2274
2274
2277
2277
2275
2278
2278
2282
2281
2285
2283
2286
2288
2286
2285
2286
2292
2293
2294
2294
2294
2297
2296
2295
2300
2300
2298
2302
2304
2302
2306
2303
2306
2305
2307
2311
2310
2311
2311
2315
2316
2313
2318
2314
2315
2317
2317
2321
2320
2321
2323
2327
2327
2329
2326
2327
2327
2331
2334
2332
2336
2336
2336
2336
2339
2336
2342
2339
2339
2341
2341
2345
2347
2346
2350
2348
2350
2348
2350
2351
2356
2357
2353
2357
2360
2357
2362
2359
2364
2363
2363
2364
2364
2367
2370
2369
2372
2368
2374
2375
2372
2373
2376
2375
2376
2378
2380
2383
2384
2381
2382
2385
2388
2386
2386
2389
2389
2391
2394
2395
2391
2395
2396
2398
2395
2400
2399
2400
2403
2401
2405
2404
2403
2407
2408
2406
2410
2411
2414
2410
2414
2413
2416
2416
2420
2419
2420
2419
2421
2422
2421
2422
2425
2426
2428
2431
2430
2428
2432
2433
2436
2432
2436
2435
2435
2437
2442
2441
2443
2444
2443
2442
2446
2449
2450
2446
2448
2450
2449
2455
2451
2456
2454
2454
2455
2456
2459
2462
2463
2460
2466
2464
2464
2467
2470
2469
2467
2473
2470
2470
2476
2473
2474
2476
2476
2478
2477
2480
2484
2482
2484
2485
2485
2486
2490
2491
2488
2490
2491
2495
2495
2496
2493
2499
2496
2500
2498
2500
2504
2502
2506
2503
2507
2509
2507
2510
2510
2510
2514
2511
2513
2512
2513
2515
2518
2518
2522
2522
2519
2525
2523
2522
2526
2524
2526
2527
2532
2532
2529
2535
2534
2537
2535
2535
2536
2541
2538
2538
2541
2544
2541
2542
2544
2547
2548
2550
2548
2550
2554
2550
2554
2556
2555
2556
2557
2559
2559
2559
2562
2565
2566
2564
2566
2567
2567
2568
2570
2568
2574
2572
2575
2572
2575
2579
2577
2578
2581
2582
2579
2585
2586
2586
2587
2587
2589
2588
2591
2591
2594
2591
2594
2592
2597
2594
2599
2598
2602
2598
2602
2602
2605
2607
2604
2607
2605
2609
2607
2609
2613
2612
2614
2615
2614
2619
2618
2617
2619
2618
2622
2625
2624
2624
2623
2625
2626
2628
2628
2630
2633
2635
2635
2636
2636
2637
2635
2639
2637
2638
2643
2640
2641
2646
2643
2644
2648
2649
2651
2649
2652
2650
2656
2652
2657
2656
2655
2661
2657
2660
2661
2660
2663
2665
2666
2664
2667
2670
2667
2670
2670
2671
2672
2677
2673
2674
2677
2676
2681
2681
2680
2682
2682
2686
2684
2687
2687
2689
2692
2688
2694
2690
2691
2696
2698
2696
2695
2697
2701
2698
2703
2703
2706
2706
2708
2708
2705
2711
2708
2708
2713
2712
2712
2712
2718
2714
2717
2721
2717
2721
2724
2722
2723
2727
2728
2727
2725
2731
2728
2731
2732
2735
2736
2735
2738
2739
2739
2738
2740
2739
2744
2742
2743
2746
2746
2744
2747
2749
2752
2752
2754
2752
2755
2753
2754
2755
2756
2756
2759
2763
2760
2764
2763
2763
2763
2765
2767
2770
2770
2773
2769
2775
2773
2777
2774
2777
2776
2781
2782
2778
2782
2785
2782
2785
2787
2785
2788
2786
2787
2790
2793
2793
2792
2795
2793
2799
2800
2798
2798
2798
2801
2803
2806
2805
2806
2807
2809
2808
2809
2811
2814
2811
2814
2813
2818
2814
2820
2820
2821
2822
2824
2825
2824
2823
2828
2829
2829
2826
2831
2830
2829
2832
2834
2837
2837
2839
2839
2836
2842
2842
2839
2844
2844
2845
2843
2849
2849
2849
2852
2853
2854
2851
2852
2856
2858
2856
2856
2858
2860
2863
2860
2865
2864
2867
2864
2868
2869
2867
2870
2868
2869
2872
2872
2876
2874
2878
2877
2876
2879
2882
2882
2881
2883
2885
2884
2886
2886
2887
2887
2888
2891
2895
2894
2897
2893
2897
2897
2898
2898
2900
2900
2902
2903
2902
2907
2909
2910
2910
2907
2911
2914
2912
2914
2913
2915
2917
2915
2917
2917
2923
2922
2922
2925
2922
2925
2924
2925
2929
2928
2928
2929
2935
2931
2936
2933
2936
2938
2939
2940
2942
2940
2942
2945
2946
2946
2948
2945
2949
2951
2953
2949
2954
2953
2956
2954
2955
2960
2956
2961
2962
2961
2963
2963
2964
2964
2968
2967
2971
2967
2973
2969
2973
2971
2973
2975
2976
2977
2979
2979
2982
2980
2980
2986
2982
2985
2985
2989
2991
2987
2991
2991
2994
2994
2992
2995
2994
2999
2996
3001
3002
3004
3002
3002
3005
3003
3004
3010
3009
3009
3012
3013
3011
3016
3013
3013
3017
3020
3017
3020
3023
3019
3023
3025
3023
3028
3028
3027
3027
3028
3030
3029
3034
3034
3032
3034
3038
3036
3040
3040
3043
3043
3045
3045
3047
3046
3045
3046
3046
3047
3050
3052
3053
3051
3056
3055
3055
3056
3057
3060
3060
3064
3062
3064
3063
3065
3065
3067
3071
3071
3068
3072
3070
3071
3077
3077
3078
3079
3078
3077
3083
3084
3085
3083
3085
3088
3085
3085
3087
3088
3090
3094
3092
3094
3097
3098
3097
3096
3096
3097
3101
3102
3100
3104
3104
3104
3106
3108
3110
3108
3112
3114
3113
3112
3112
3116
3118
3120
3121
3121
3118
3120
3122
3124
3124
3125
3127
3130
3130
3131
3133
3134
3132
3132
3132
3138
3139
3137
3138
3138
3138
3141
3141
3146
3144
3144
3148
3150
3148
3148
3153
3151
3155
3154
3155
3155
3155
3155
3157
3159
3158
3163
3161
3164
3166
3166
3164
3170
3168
3167
3170
3174
3170
3172
3174
3177
3178
3177
3176
3181
3181
3181
3184
3185
3187
3186
3189
3190
3186
3189
3190
3191
3193
3192
3194
3195
3198
3200
3197
3202
3203
3201
3202
3204
3207
3207
3207
3206
3209
3208
3209
3211
3215
3215
3214
3218
3216
3220
3220
3220
3222
3220
3222
3224
3222
3226
3229
3226
3228
3232
3230
3233
3231
3235
3233
3235
3238
3237
3236
3241
3239
3244
3243
3245
3245
3248
3247
3248
3247
3249
3252
3251
3253
3256
3253
3255
3256
3259
3256
3259
3262
3263
3262
3265
3262
3264
3269
3268
3271
3268
3271
3274
3271
3275
3273
3275
3274
3279
3281
3278
3280
3282
3281
3286
3284
3285
3284
3288
3286
3290
3292
3293
3292
3291
3296
3296
3298
3300
3301
3300
3303
3300
3305
3303
3305
3307
3306
3306
3307
3312
3311
3310
3313
3312
3315
3314
3318
3319
3316
3322
3319
3319
3322
3321
3327
3325
3324
3328
3327
3327
3331
3329
3330
3333
3337
3337
3339
3340
3340
3340
3343
3341
3340
3345
3342
3345
3344
3349
3349
3348
3350
3350
3355
3354
3354
3358
3355
3357
3357
3360
3358
3364
3363
3365
3366
3363
3369
3366
3369
3372
3373
3373
3371
3371
3374
3378
3376
3379
3378
3379
3378
3380
3380
3386
3382
3384
3388
3389
3391
3391
3391
3389
3391
3391
3396
3397
3394
3396
3397
3398
3401
3403
3400
3406
3403
3403
3405
3409
3410
3412
3412
3410
3410
3413
3417
3414
3417
3420
3417
3421
3421
3423
3421
3424
3426
3427
3426
3425
3430
3431
3431
3430
3434
3435
3432
3437
3435
3437
3437
3439
3442
3440
3440
3443
3442
3448
3445
3448
3447
3449
3450
3453
3451
3455
3452
3456
3458
3460
3456
3460
3463
3460
3463
3464
3465
3467
3468
3470
3468
3471
3472
3470
3470
3472
3473
3473
3474
3476
3479
3479
3482
3480
3484
3483
3487
3485
3489
3485
3491
3491
3493
3494
3494
3494
3493
3495
3499
3500
3501
3499
3503
3500
3501
3501
3503
3508
3505
3505
3507
3508
3511
3513
3512
3512
3512
3516
3515
3518
3519
3518
3521
3523
3522
3522
3523
3528
3524
3530
3528
3528
3530
3530
3531
3533
3536
3536
3535
3538
3538
3541
3542
3542
3544
3544
3546
3548
3546
3545
3551
3549
3550
3550
3553
3553
3555
3558
3555
3555
3557
3557
3561
3563
3560
3562
3564
3566
3569
3566
3571
3572
3572
3572
3572
3571
3575
3576
3579
3576
3576
3578
3578
3583
3584
3583
3583
3587
3589
3586
3586
3589
3591
3592
3591
3595
3592
3595
3596
3595
3597
3597
3599
3599
3605
3606
3602
3605
3607
3605
3607
3607
3608
3613
3610
3611
3614
3615
3614
3620
3617
3621
3618
3624
3625
3623
3625
3628
3629
3626
3626
3631
3630
3631
3630
3632
3635
3636
3638
3637
3637
3642
3638
3643
3642
3644
3643
3644
3649
3647
3647
3648
3653
3649
3655
3654
3654
3653
3659
3655
3657
3659
3662
3664
3663
3666
3663
3668
3668
3669
3667
3669
3671
3669
3670
3675
3677
3674
3675
3676
3678
3682
3682
3680
3683
3683
3682
3687
3686
3687
3687
3692
3692
3690
3694
3694
3695
3694
3696
3698
3700
3698
3701
3703
3704
3703
3702
3704
3705
3710
3711
3711
3713
3712
3715
3714
3712
3714
3714
3718
3717
3718
3720
3722
3723
3721
3724
3726
3728
3726
3731
3732
3730
3731
3733
3733
3734
3736
3737
3740
3741
3739
3743
3740
3740
3741
3744
3746
3747
3750
3749
3750
3749
3754
3750
3755
3753
3754
3759
3760
3759
3761
3760
3764
3763
3764
3763
3768
3765
3768
3770
3768
3771
3771
3772
3771
3775
3774
3774
3780
3780
3779
3778
3783
3783
3782
3785
3786
3784
3787
3786
3791
3790
3791
3793
3791
3796
3794
3796
3798
3797
3800
3800
3800
3804
3803
3803
3804
3807
3806
3810
3810
3812
3811
3812
3814
3814
3815
3817
3818
3820
3818
3820
3824
3820
3826
3825
3824
3826
3830
3829
3830
3829
3832
3831
3831
3832
3834
3839
3835
3839
3840
3842
3839
3843
3843
3845
3846
3848
3845
3847
3852
3849
3850
3854
3854
3855
3854
3858
3858
3858
3858
3860
3859
3860
3864
3862
3864
3868
3866
3866
3872
3869
3872
3871
3874
3876
3878
3875
3879
3877
3879
3879
3883
3880
3882
3883
3884
3884
3886
3887
3891
3892
3893
3895
3891
3894
3893
3897
3899
3900
3901
3903
3901
3901
3903
3904
3907
3906
3909
3906
3907
3909
3910
3915
3914
3912
3917
3918
3917
3920
3922
3918
3921
3922
3925
3927
3927
3929
3929
3929
3927
3932
3929
3931
3932
3936
3933
3938
3937
3941
3937
3939
3941
3942
3941
3945
3943
3944
3948
3948
3951
3952
3953
3950
3953
3954
3956
3959
3958
3961
3957
3962
3961
3961
3965
3964
3968
3968
3967
3970
3967
3970
3969
3971
3971
3975
3977
3977
3980
3981
3981
3979
3980
3983
3981
3982
3988
3986
3990
3989
3988
3991
3991
3994
3992
3997
3996
3996
3995
3997
3997
3998
4003
4005
4005
4006
4005
4008
4008
4008
4012
4009
4014
4011
4011
4017
4017
4014
4020
4016
4021
4020
4022
4020
4022
4023
4026
4028
4029
4027
4028
4029
4030
4031
4034
4035
4033
4037
4036
4039
4040
4043
4041
4042
4046
4042
4043
4045
4047
4050
4052
4051
4051
4051
4052
4057
4058
4056
4058
4056
4061
4063
4060
4061
4062
4062
4067
4066
4068
4069
4069
4071
4070
4074
4072
4076
4073
4079
4078
4076
4078
4083
4082
4085
4084
4082
4084
4089
4089
4087
4087
4088
4092
4095
4095
4097
4098
4095
4099
4097
4100
4099
4103
4100
4102
4104
4104
4107
4109
4109
4108
4113
4111
4113
4114
4115
4117
4119
4119
4121
4122
4120
4124
4124
4125
4127
4124
4127
4129
4131
4130
4131
4133
4135
4136
4135
4133
4139
4139
4140
4137
4139
4143
4141
4146
4146
4144
4145
4149
4148
4147
4150
4151
4155
4156
4155
4156
4154
4155
4160
4159
4161
4161
4164
4162
4165
4166
4167
4170
4170
4172
4171
4169
4170
4172
4175
4175
4174
4178
4179
4182
4183
4184
4181
4181
4185
4186
4189
4186
4190
4187
4192
4193
4192
4192
4193
4197
4197
4195
4198
4197
4198
4202
4202
4204
4207
4207
4207
4205
4206
4210
4211
4213
4214
4213
4212
4218
4215
4219
4219
4218
4222
4221
4220
4226
4227
4227
4226
4228
4226
4231
4233
4230
4231
4233
4236
4235
4234
4240
4240
4238
4242
4243
4240
4246
4246
4246
4244
4250
4250
4252
4248
4254
4251
4251
4257
4254
4258
4255
4256
4261
4261
4259
4265
4263
4265
4266
4269
4268
4266
4270
4269
4273
4272
4276
4272
4278
4278
4280
4276
4278
4278
4279
4281
4281
4285
4285
4285
4287
4287
4288
4289
4289
4292
4295
4294
4296
4295
4297
4299
4297
4302
4300
4301
4305
4303
4308
4309
4310
4309
4312
4313
4312
4311
4313
4313
4315
4315
4318
4318
4322
4318
4323
4321
4326
4322
4324
4325
4328
4329
4329
4333
4334
4330
4334
4335
4335
4337
4335
4338
4342
4339
4340
4345
4342
4347
4347
4347
4346
4349
4347
4351
4349
4353
4353
4352
4357
4359
4360
4356
4361
4360
4363
4362
4363
4364
4363
4368
4370
4366
4367
4372
4371
4371
4372
4377
4376
4375
4379
4380
4380
4380
4384
4385
4384
4382
4383
4386
4390
4391
4387
4391
4394
4390
4391
4392
4396
4394
4396
4396
4401
4400
4400
4403
4406
4405
4405
4409
4410
4410
4407
4410
4410
4413
4412
4412
4417
4416
4420
4418
4418
4421
4420
4424
4423
4423
4428
4424
4430
4429
4431
4432
4429
4435
4435
4434
4437
4437
4438
4436
4440
4440
4444
4440
4445
4442
4448
4448
4445
4447
4451
4449
4454
4451
4453
4457
4456
4457
4460
4457
4458
4463
4461
4464
4464
4467
4466
4468
4469
4469
4467
4471
4474
4470
4476
4474
4474
4477
4479
4481
4480
4478
4479
4485
4486
4485
4488
4489
4486
4489
4487
4491
4491
4492
4494
4492
4494
4497
4495
4497
4498
4503
4504
4501
4503
4506
4506
4509
4509
4508
4511
4511
4513
4513
4513
4514
4518
4515
4515
4519
4517
4522
4522
4523
4524
4525
4526
4529
4527
4528
4529
4532
4530
4530
4536
4535
4538
4539
4537
4541
4539
4539
4542
4544
4545
4542
4544
4546
4546
4546
4550
4549
4549
4551
4551
4552
4556
4554
4560
4560
4558
4562
4563
4562
4566
4565
4564
4568
4569
4568
4571
4571
4574
4573
4571
4575
4573
4576
4575
4580
4577
4583
4583
4585
4581
4583
4584
4589
4586
4587
4591
4588
4590
4591
4594
4596
4598
4598
4595
4599
4599
4602
4602
4601
4604
4607
4607
4605
4607
4610
4608
4610
4612
4612
4614
4616
4615
4616
4619
4618
4620
4618
4620
4625
4622
4623
4628
4627
4629
4631
4630
4633
4632
4635
4631
4637
4637
4636
4636
4639
4637
4641
4643
4642
4642
4645
4643
4648
4648
4647
4651
4651
4651
4653
4654
4653
4653
4658
4655
4656
4661
4659
4662
4665
4666
4664
4664
4668
4668
4668
4668
4670
4673
4670
4671
4675
4674
4678
4675
4681
4682
4680
4681
4681
4684
4685
4685
4689
4688
4686
4690
4692
4690
4692
4694
4695
4698
4696
4699
4701
4700
4698
4704
4703
4703
4704
4707
4709
4705
4711
4707
4711
4712
4715
4711
4714
4716
4718
4720
4721
4717
4723
4723
4721
4721
4726
4725
4728
4729
4730
4732
4728
4734
4731
4734
4735
4735
4735
4737
4738
4742
4741
4741
4740
4744
4744
4743
4745
4750
4747
4752
4753
4752
4750
4754
4752
4756
4758
4755
4760
4757
4761
4764
4764
4765
4764
4766
4765
4769
4769
4771
4769
4772
4773
4775
4772
4775
4778
4779
4780
4782
4781
4780
4783
4783
4784
4788
4788
4788
4786
4792
4789
4789
4791
4796
4797
4795
4794
4800
4800
4799
4800
4800
4802
4803
4807
4806
4806
4805
4806
4809
4810
4814
4812
4813
4814
4817
4814
4817
4817
4817
4821
4819
4825
4821
4825
4824
4824
4826
4830
4828
4833
4832
4832
4831
4836
4835
4837
4837
4841
4839
4840
4839
4845
4841
4844
4847
4849
4845
4848
4847
4848
4853
4850
4852
4852
4856
4856
4859
4858
4862
4862
4861
4860
4861
4862
4868
4868
4865
4870
4868
4871
4873
4871
4875
4876
4874
4875
4878
4877
4879
4882
4881
4885
4885
4883
4888
4884
4885
4889
4891
4888
4894
4893
4891
4894
4893
4897
4900
4898
4897
4903
4899
4904
4905
4902
4903
4908
4906
4906
4909
4913
4913
4910
4916
4917
4917
4917
4915
4919
4918
4923
4919
4921
4925
4924
4924
4926
4928
4928
4927
4929
4933
4931
4933
4935
4934
4934
4936
4940
4941
4939
4942
4940
4946
4945
4947
4945
4948
4949
4952
4948
4950
4952
4956
4954
4954
4954
4956
4961
4958
4958
4963
4964
4961
4965
4968
4969
4968
4968
4968
4968
4972
4971
4976
4975
4978
4978
4977
4978
4978
4979
4984
4982
4984
4986
4985
4989
4988
4986
4989
4991
4990
4995
4991
4993
4998
4999
4999
5000
5002
4998
5002
5003
5005
5005
5003
5004
5007
5006
5007
5009
5014
5010
5011
5014
5017
5014
5018
5020
5022
5023
5021
5025
5021
5025
5025
5029
5028
5031
5030
5028
5031
5030
5032
5033
5033
5034
5037
5038
5042
5041
5041
5041
5043
5043
5045
5046
5048
5049
5049
5052
5054
5054
5054
5057
5054
5055
5059
5058
5058
5062
5059
5060
5062
5067
5066
5068
5067
5068
5067
5071
5074
5073
5072
5072
5077
5079
5075
5077
5079
5082
5083
5083
5081
5082
5088
5088
5090
5091
5088
5089
5092
5093
5096
5095
5096
5099
5099
5099
5098
5102
5104
5105
5105
5106
5105
5106
5110
5110
5111
5112
5110
5111
5111
5114
5116
5116
5118
5118
5121
5120
5120
5124
5122
5126
5123
5124
5127
5127
5129
5129
5131
5134
5136
5136
5137
5138
5136
5138
5139
5140
5142
5144
5146
5142
5144
5149
5147
5150
5151
5149
5153
5150
5152
5153
5153
5158
5160
5159
5161
5160
5162
5162
5163
5167
5165
5165
5166
5166
5172
5168
5171
5174
5175
5177
5177
5175
5176
5179
5178
5183
5180
5180
5184
5184
5185
5189
5189
5191
5192
5193
5191
5190
5195
5192
5196
5198
5196
5197
5197
5200
5202
5205
5201
5205
5203
5206
5208
5210
5212
5213
5211
5212
5216
5215
5218
5215
5215
5217
5218
5219
5220
5224
5222
5223
5225
5228
5229
5230
5229
5232
5232
5230
5232
5237
5235
5234
5236
5240
5239
5243
5243
5241
5243
5243
5246
5248
5248
5248
5250
5251
5253
5250
5254
5252
5253
5255
5259
5261
5260
5258
5260
5260
5261
5266
5265
5264
5270
5266
5267
5272
5274
5272
5274
5274
5278
5276
5276
5281
5282
5280
5283
5281
5284
5282
5288
5286
5290
5287
5290
5293
5290
5295
5291
5293
5293
5298
5297
5301
5298
5303
5300
5304
5301
5304
5303
5309
5308
5309
5312
5313
5314
5315
5315
5313
5313
5319
5320
5320
5317
5320
5320
5324
5326
5327
5326
5328
5326
5327
5327
5332
5329
5335
5335
5335
5336
5336
5335
5336
5341
5340
5342
5345
5342
5343
5345
5344
5347
5351
5350
5352
5350
5351
5351
5357
5354
5355
5360
5359
5361
5361
5360
5361
5362
5367
5366
5369
5368
5371
5368
5371
5373
5372
5375
5374
5373
5379
5379
5380
5382
5383
5379
5380
5384
5387
5383
5386
5387
5390
5392
5388
5393
5390
5391
5395
5395
5399
5396
5398
5397
5401
5402
5402
5403
5402
5407
5407
5410
5410
5410
5411
5411
5412
5414
5416
5415
5414
5419
5417
5417
5423
5420
5423
5424
5423
5427
5426
5427
5431
5429
5429
5430
5435
5432
5436
5438
5436
5439
5441
5441
5439
5440
5443
5443
5446
5444
5446
5445
5448
5448
5453
5451
5454
5456
5455
5454
5456
5459
5460
5460
5463
5463
5462
5462
5462
5467
5466
5468
5471
5469
5473
5469
5472
5472
5476
5478
5476
5479
5479
5481
5480
5482
5483
5483
5486
5488
5485
5485
5490
5487
5493
5489
5492
5492
5493
5498
5496
5500
5501
5498
5503
5503
5503
5503
5503
5503
5507
5506
5507
5511
5512
5509
5513
5514
5516
5516
5516
5517
5521
5521
5520
5519
5524
5526
5527
5527
5528
5528
5529
5529
5529
5533
5530
5531
5532
5534
5534
5536
5536
5539
5543
5541
5545
5543
5543
5545
5545
5548
5547
5548
5548
5552
5554
5555
5553
5556
5556
5557
5559
5562
5561
5560
5561
5565
5563
5565
5567
5570
5569
5568
5570
5572
5572
5575
5577
5577
5578
5578
5578
5579
5579
5584
5584
5582
5584
5588
5587
5590
5586
5587
5590
5592
5592
5595
5597
5593
5597
5596
5599
5601
5602
5604
5604
5606
5602
5606
5606
5609
5611
5611
5613
5614
5615
5614
5617
5616
5617
5618
5617
5619
5618
5620
5624
5622
5624
5623
5629
5628
5626
5628
5633
5630
5635
5631
5636
5635
5638
5639
5637
5638
5639
5640
5645
5643
5644
5646
5644
5645
5646
5648
5649
5652
5652
5652
5653
5658
5655
5659
5659
5659
5660
5661
5662
5663
5664
5667
5665
5670
5671
5669
5669
5670
5670
5671
5676
5673
5678
5679
5679
5678
5683
5682
5681
5684
5682
5683
5685
5689
5689
5690
5690
5690
5694
5695
5693
5698
5694
5699
5698
5701
5698
5702
5701
5703
5706
5703
5706
5706
5706
5710
5712
5712
5713
5714
5713
5715
5717
5717
5718
5720
5721
5719
5724
5721
5724
5723
5725
5727
5730
5728
5729
5730
5730
5731
5734
5734
5734
5737
5738
5738
5738
5741
5743
5746
5744
5746
5744
5745
5746
5747
5750
5754
5750
5753
5752
5758
5755
5759
5756
5760
5761
5764
5763
5766
5765
5765
5766
5769
5768
5770
5771
5770
5774
5776
5775
5775
5777
5776
5779
5781
5782
5782
5784
5781
5783
5783
5785
5788
5790
5788
5792
5789
5790
5793
5796
5798
5794
5800
5798
5798
5798
5799
5802
5801
5806
5803
5804
5809
5809
5807
5808
5811
5812
5814
5817
5815
5817
5816
5821
5822
5820
5822
5822
5825
5826
5823
5826
5825
5829
5828
5833
5832
5833
5832
5835
5833
5834
5835
5837
5841
5839
5840
5841
5845
5847
5847
5847
5846
5850
5849
5848
5854
5851
5853
5852
5853
5859
5860
5859
5858
5860
5862
5861
5866
5866
5866
5867
5865
5870
5871
5870
5873
5870
5874
5874
5874
5874
5878
5877
5879
5880
5883
5881
5884
5884
5884
5889
5885
5886
5889
5888
5894
5891
5892
5893
5896
5898
5895
5900
5899
5901
5900
5903
5905
5907
5903
5906
5906
5908
5909
5909
5911
5912
5912
5916
5913
5914
5917
5918
5917
5919
5921
5923
5923
5923
5925
5926
5925
5929
5930
5933
5934
5930
5933
5932
5934
5939
5937
5936
5942
5942
5944
5942
5945
5945
5947
5947
5948
5949
5948
5949
5949
5952
5954
5954
5954
5957
5956
5959
5961
5963
5961
5964
5962
5966
5965
5966
5967
5971
5967
5969
5969
5972
5974
5973
5975
5979
5977
5978
5977
5983
5984
5981
5982
5982
5984
5985
5989
5987
5988
5989
5993
5995
5996
5995
5996
5994
5998
6000
5997
6002
6002
6004
6003
6005
6005
6006
6007
6008
6007
6011
6012
6015
6015
6014
6013
6016
6019
6017
6018
6021
6020
6023
6026
6025
6025
6026
6030
6029
6029
6030
6031
6032
6036
6037
6034
6038
6039
6041
6038
6041
6039
6040
6045
6042
6043
6044
6048
6046
6050
6049
6051
6053
6053
6053
6056
6055
6056
6060
6061
6058
6064
6064
6064
6063
6068
6068
6069
6068
6067
6072
6074
6070
6072
6075
6076
6079
6079
6076
6077
6078
6080
6085
6085
6087
6085
6084
6087
6091
6087
6088
6089
6095
6096
6094
6093
6094
6100
6097
6098
6102
6099
6101
6106
6102
6108
6109
6107
6107
6112
6111
6111
6111
6116
6113
6115
6119
6120
6119
6121
6122
6122
6121
6125
6126
6125
6128
6128
6130
6128
6132
6133
6130
6131
6135
6137
6137
6138
6138
6142
6138
6142
6144
6146
6144
6144
6147
6147
6148
6151
6149
6152
6153
6155
6155
6153
6156
6158
6161
6162
6161
6162
6162
6161
6164
6165
6166
6166
6171
6170
6169
6174
6172
6175
6175
6177
6175
6180
6177
6181
6181
6179
6184
6183
6184
6186
6185
6188
6189
6191
6193
6194
6192
6194
6197
6193
6195
6196
6199
6199
6203
6203
6205
6201
6202
6207
6207
6206
6208
6207
6208
6211
6215
6212
6213
6214
6214
6220
6216
6220
6222
6224
6224
6223
6224
6226
6227
6229
6229
6229
6229
6231
6234
6231
6233
6233
6235
6239
6240
6238
6241
6241
6245
6246
6246
6246
6245
6248
6247
6247
6252
6249
6253
6253
6255
6254
6258
6255
6258
6261
6262
6262
6260
6265
6267
6264
6267
6265
6268
6270
6271
6269
6275
6275
6275
6273
6275
6278
6278
6282
6280
6281
6284
6284
6283
6284
6284
6290
6286
6287
6288
6290
6294
6296
6296
6294
6298
6300
6301
6297
6299
6301
6300
6306
6302
6307
6305
6310
6307
6307
6310
6314
6311
6316
6313
6314
6314
6320
6316
6317
6321
6319
6325
6323
6323
6325
6325
6326
6330
6329
6329
6330
6334
6335
6337
6335
6334
6340
6341
6341
6341
6344
6343
6344
6344
6345
6349
6347
6349
6347
6349
6354
6354
6351
6353
6354
6355
6356
6356
6360
6363
6359
6361
6363
6366
6363
6365
6365
6366
6372
6370
6373
6370
6372
6377
6376
6379
6375
6379
6379
6378
6383
6383
6381
6385
6388
6388
6389
6388
6392
6391
6391
6390
6393
6393
6396
6397
6398
6401
6400
6402
6402
6405
6405
6405
6403
6409
6410
6408
6409
6408
6410
6415
6412
6414
6417
6417
6415
6418
6417
6421
6423
6425
6423
6423
6427
6427
6426
6430
6432
6431
6433
6434
6431
6435
6436
6437
6440
6441
6437
6443
6441
6445
6444
6447
6448
6447
6448
6449
6449
6452
6449
6455
6454
6456
6456
6457
6455
6461
6462
6463
6462
6465
6465
6467
6468
6464
6469
6467
6468
6468
6469
6473
6471
6473
6474
6474
6477
6476
6478
6483
6481
6482
6483
6486
6483
6485
6489
6491
6490
6492
6491
6492
6495
6495
6494
6494
6498
6498
6497
6503
6504
6505
6506
6504
6504
6504
6506
6507
6510
6508
6510
6513
6515
6513
6515
6515
6520
6519
6519
6523
6519
6522
6521
6522
6528
6524
6530
6531
6529
6532
6532
6533
6532
6532
6536
6537
6537
6540
6540
6539
6541
6542
6542
6545
6545
6544
6549
6546
6548
6549
6553
6554
6552
6552
6556
6559
6559
6558
6560
6562
6561
6561
6563
6565
6564
6567
6565
6567
6568
6571
6571
6574
6571
6576
6578
6577
6578
6580
6579
6582
6579
6580
6585
6582
6587
6584
6587
6588
6590
6593
6590
6591
6594
6595
6595
6599
6597
6599
6601
6603
6600
6600
6606
6605
6607
6607
6605
6608
6610
6609
6612
6612
6613
6616
6613
6617
6618
6617
6622
6621
6624
6624
6626
6627
6624
6626
6625
6627
6632
6628
6633
6632
6633
6636
6636
6636
6635
6638
6639
6643
6643
6642
6644
6645
6648
6646
6646
6649
6649
6653
6652
6655
6653
6655
6655
6654
6657
6660
6658
6663
6659
6660
6663
6665
6663
6664
6667
6666
6669
6670
6669
6672
6673
6673
6677
6676
6680
6681
6678
6680
6684
6682
6681
6685
6684
6687
6688
6691
6692
6689
6693
6691
6695
6695
6693
6694
6699
6699
6702
6698
6703
6703
6705
6706
6704
6704
6710
6709
6707
6713
6709
6712
6713
6715
6715
6714
6716
6721
6717
6723
6719
6720
6725
6725
6723
6727
6728
6728
6732
6731
6734
6731
6733
6732
6735
6736
6736
6741
6740
6738
6741
6744
6745
6744
6746
6747
6746
6746
6750
6753
6749
6755
6751
6755
6758
6757
6757
6757
6762
6759
6762
6761
6762
6762
6763
6765
6767
6766
6772
6772
6772
6775
6775
6774
6776
6774
6776
6777
6778
6779
6780
6781
6783
6787
6788
6788
6789
6788
6789
6792
6792
6793
6793
6793
6794
6796
6798
6801
6797
6803
6803
6801
6806
6804
6808
6805
6806
6810
6812
6808
6810
6811
6812
6814
6814
6814
6815
6816
6822
6821
6822
6820
6826
6823
6828
6828
6827
6829
6829
6833
6831
6833
6831
6834
6833
6836
6835
6839
6837
6838
6844
6845
6844
6842
6848
6846
6850
6850
6852
6848
6850
6854
6856
6857
6853
6859
6859
6859
6859
6862
6862
6860
6866
6866
6865
6867
6868
6870
6869
6873
6870
6870
6875
6874
6873
6875
6877
6877
6877
6881
6883
6884
6881
6884
6886
6885
6890
6887
6888
6889
6892
6892
6892
6897
6893
6899
6896
6898
6901
6898
6904
6901
6901
6906
6908
6908
6909
6911
6911
6911
6913
6911
6916
6916
6918
6916
6917
6919
6918
6920
6923
6920
6923
6926
6928
6926
6927
6926
6930
6930
6931
6930
6932
6932
6937
6937
6938
6939
6939
6943
6942
6941
6941
6943
6947
6944
6948
6950
6952
6952
6950
6951
6953
6953
6954
6958
6960
6957
6962
6960
6960
6963
6965
6966
6968
6968
6965
6968
6971
6969
6972
6973
6973
6972
6977
6978
6978
6981
6977
6978
6979
6981
6983
6984
6986
6985
6986
6986
6990
6988
6993
6991
6995
6997
6996
6997
6998
6996
7001
6999
6999
7001
7002
7002
7004
7004
7006
7007
7010
7008
7010
7015
7014
7015
7018
7018
7016
7020
7021
7018
7021
7021
7026
7025
7028
7029
7030
7030
7028
7031
7031
7033
7033
7032
7036
7035
7035
7036
7040
7038
7040
7043
7045
7044
7048
7044
7048
7048
7047
7048
7052
7050
7056
7052
7058
7057
7055
7059
7059
7063
7063
7064
7066
7067
7067
7064
7068
7070
7068
7071
7074
7072
7072
7073
7078
7074
7077
7078
7079
7079
7083
7080
7083
7082
7085
7089
7090
7090
7087
7090
7091
7090
7095
7097
7098
7097
7100
7100
7098
7101
7100
7105
7104
7106
7105
7109
7108
7110
7111
7111
7109
7111
7111
7112
7113
7117
7119
7119
7120
7123
7124
7122
7125
7127
7128
7124
7125
7129
7129
7130
7130
7134
7133
7132
7136
7135
7137
7140
7137
7143
7139
7140
7144
7142
7146
7145
7147
7149
7147
7152
7153
7150
7153
7155
7158
7159
7160
7158
7159
7162
7160
7163
7162
7163
7166
7164
7165
7166
7171
7171
7171
7171
7172
7175
7175
7175
7177
7179
7181
7182
7183
7181
7183
7184
7185
7188
7190
7186
7192
7188
7189
7191
7193
7193
7193
7195
7199
7200
7202
7201
7202
7202
7204
7202
7203
7205
7207
7211
7211
7209
7214
7214
7216
7215
7218
7219
7219
7219
7222
7219
7222
7220
7224
7227
7228
7229
7228
7226
7228
7231
7231
7233
7234
7237
7237
7238
7238
7237
7240
7241
7240
7245
7242
7243
7247
7247
7248
7249
7249
7251
7251
7251
7255
7256
7256
7259
7259
7259
7257
7258
7259
7261
7265
7266
7267
7268
7269
7266
7271
7270
7272
7270
7275
7272
7273
7278
7280
7279
7282
7280
7281
7285
7284
7285
7286
7289
7289
7286
7292
7290
7289
7292
7292
7296
7297
7295
7300
7299
7302
7301
7299
7302
7302
7302
7304
7306
7306
7310
7312
7311
7311
7312
7312
7317
7318
7317
7320
7321
7317
7319
7324
7320
7322
7327
7325
7327
7326
7330
7330
7328
7330
7334
7334
7334
7337
7335
7339
7338
7340
7339
7340
7340
7345
7343
7345
7348
7346
7347
7349
7348
7352
7352
7355
7357
7355
7354
7360
7358
7357
7360
7362
7363
7366
7364
7364
7365
7368
7366
7372
7370
7371
7374
7373
7374
7373
7375
7375
7381
7378
7380
7380
7381
7386
7386
7386
7384
7386
7388
7388
7391
7389
7394
7391
7394
7397
7394
7400
7397
7400
7399
7402
7400
7406
7404
7405
7407
7408
7406
7409
7412
7413
7415
7414
7412
7418
7414
7416
7416
7420
7418
7420
7423
7426
7425
7424
7429
7427
7430
7428
7431
7434
7431
7434
7437
7436
7434
7438
7436
7439
7440
7444
7440
7441
7446
7443
7448
7447
7449
7450
7452
7450
7451
7455
7455
7458
7454
7455
7458
7461
7459
7461
7463
7466
7463
7463
7469
7465
7468
7471
7469
7473
7472
7473
7472
7473
7479
7475
7478
7478
7481
7481
7485
7484
7484
7483
7486
7488
7488
7487
7493
7493
7491
7493
7496
7498
7494
7500
7500
7502
7498
7504
7501
7505
7502
7508
7505
7509
7506
7509
7509
7509
7513
7511
7516
7516
7519
7516
7516
7519
7518
7524
7524
7523
7522
7528
7529
7527
7531
7532
7531
7532
7531
7531
7535
7534
7534
7535
7540
7540
7540
7544
7540
7543
7545
7548
7549
7546
7548
7549
7551
7550
7551
7555
7552
7554
7555
7560
7556
7557
7562
7564
7564
7562
7566
7565
7567
7568
7568
7571
7570
7572
7575
7573
7572
7574
7579
7580
7579
7579
7582
7582
7584
7581
7587
7587
7587
7587
7586
7592
7589
7594
7595
7592
7596
7596
7594
7599
7600
7601
7602
7604
7605
7603
7603
7606
7607
7605
7609
7607
7608
7613
7611
7611
7616
7616
7616
7618
7618
7622
7620
7619
7621
7621
7625
7623
7628
7628
7626
7627
7633
7631
7633
7634
7632
7634
7635
7638
7636
7640
7641
7643
7642
7644
7642
7643
7649
7645
7648
7651
7651
7652
7654
7654
7656
7654
7654
7659
7656
7660
7659
7664
7662
7665
7667
7667
7667
7668
7666
7667
7669
7669
7674
7675
7675
7673
7677
7677
7680
7678
7683
7681
7680
7682
7687
7687
7686
7685
7691
7692
7689
7691
7694
7696
7692
7697
7697
7699
7700
7701
7700
7703
7701
7706
7702
7703
7708
7707
7710
7711
7712
7714
7711
7713
7716
7716
7719
7717
7718
7719
7720
7721
7722
7725
7724
7724
7727
7729
7729
7728
7729
7733
7730
7735
7735
7737
7739
7736
7740
7739
7742
7744
7745
7744
7742
7748
7745
7746
7751
7750
7751
7751
7754
7752
7756
7753
7759
7757
7761
7758
7761
7764
7764
7762
7762
7763
7767
7767
7768
7768
7770
7770
7771
7771
7777
7773
7774
7777
7778
7778
7778
7780
7782
7784
7783
7784
7787
7788
7789
7792
7793
7790
7790
7791
7792
7796
7795
7796
7798
7802
7799
7802
7804
7806
7807
7804
7804
7806
7810
7808
7810
7809
7814
7814
7814
7814
7816
7820
7816
7818
7818
7820
7821
7822
7827
7824
7826
7827
7829
7829
7829
7834
7832
7831
7837
7836
7837
7835
7838
7839
7842
7840
7841
7843
7843
7844
7848
7850
7846
7847
7849
7849
7855
7856
7856
7853
7857
7856
7858
7858
7858
7861
7862
7863
7864
7867
7866
7866
7867
7872
7868
7872
7873
7872
7872
7876
7877
7876
7879
7882
7883
7880
7884
7883
7885
7885
7885
7885
7890
7888
7890
7892
7891
7895
7893
7894
7895
7899
7897
7902
7903
7902
7904
7903
7904
7908
7908
7910
7911
7908
7911
7909
7915
7912
7917
7917
7916
7920
7917
7919
7919
7920
7923
7923
7922
7924
7928
7926
7926
7930
7929
7929
7934
7934
7935
7934
7938
7937
7941
7940
7938
7939
7940
7944
7942
7947
7949
7948
7947
7948
7951
7953
7955
7953
7952
7957
7956
7959
7959
7962
7960
7960
7960
7965
7966
7965
7964
7970
7967
7970
7969
7972
7971
7974
7977
7976
7979
7979
7981
7977
7983
7982
7983
7985
7984
7986
7986
7987
7991
7988
7991
7994
7990
7991
7997
7995
7995
7995
7998
7999
8001
8000
8000
8002
8002
8006
8006
8009
8011
8007
8008
8012
8010
8015
8014
8014
8017
8018
8018
8019
8019
8024
8021
8023
8026
8025
8026
8029
8028
8028
8028
8033
8032
8033
8037
8038
8039
8036
8041
8039
8041
8040
8042
8043
8043
8048
8048
8048
8051
8048
8051
8054
8053
8054
8053
8058
8058
8059
8057
8057
8063
8063
8064
8064
8065
8063
8064
8066
8070
8067
8073
8074
8073
8071
8073
8074
8074
8075
8077
8081
8083
8081
8083
8083
8087
8087
8087
8087
8087
8091
8092
8094
8092
8096
8097
8097
8098
8095
8099
8102
8098
8101
8102
8104
8104
8104
8108
8108
8108
8107
8109
8112
8113
8116
8116
8116
8116
8116
8120
8120
8119
8122
8124
8121
8125
8128
8129
8129
8128
8127
8132
8132
8135
8135
8134
8135
8137
8139
8136
8137
8138
8144
8145
8143
8147
8144
8145
8149
8151
8148
8151
8150
8154
8153
8153
8154
8155
8155
8156
8160
8163
8164
8161
8161
8166
8165
8165
8170
8170
8171
8173
8174
8174
8175
8172
8176
8174
8178
8177
8178
8183
8183
8180
8186
8187
8187
8189
8188
8187
8190
8188
8189
8194
8196
8192
8198
8195
8195
8198
8198
8199
8200
8204
8204
8207
8204
8209
8206
8210
8209
8210
8213
8215
8214
8217
8214
8216
8215
8221
8222
8222
8223
8223
8222
8222
8226
8227
8225
8230
8231
8231
8232
8230
8231
8235
8238
8235
8237
8241
8242
8243
8242
8242
8243
8245
8247
8244
8245
8247
8250
8250
8254
8254
8256
8257
8255
8258
8257
8258
8257
8262
8259
8262
8265
8262
8263
8266
8265
8267
8268
8273
8269
8272
8274
8274
8273
8277
8278
8281
8282
8282
8284
8284
8282
8286
8287
8289
8286
8286
8290
8290
8289
8295
8293
8295
8298
8299
8298
8296
8301
8303
8301
8305
8305
8304
8305
8309
8309
8308
8311
8313
8314
8314
8312
8314
8315
8318
8320
8319
8320
8322
8319
8324
8322
8326
8323
8328
8328
8329
8332
8328
8330
8332
8336
8333
8335
8335
8337
8336
8341
8343
8344
8344
8345
8347
8345
8349
8350
8349
8352
8350
8353
8354
8355
8357
8356
8357
8355
8358
8358
8358
8363
8365
8363
8367
8365
8367
8367
8371
8369
8372
8369
8374
8373
8376
8377
8374
8377
8380
8380
8379
8383
8382
8386
8385
8385
8385
8388
8390
8391
8390
8392
8393
8393
8397
8395
8396
8398
8401
8397
8403
8404
8402
8404
8405
8407
8407
8405
8407
8408
8412
8413
8414
8411
8412
8417
8418
8417
8418
8418
8418
8423
8421
8426
8423
8426
8429
8430
8430
8430
8430
8431
8432
8434
8437
8437
8438
8435
8439
8442
8442
8440
8441
8445
8446
8448
8445
8449
8447
8451
8449
8449
8454
8455
8455
8454
8458
8457
8460
8459
8460
8462
8463
8463
8462
8465
8465
8466
8468
8472
8470
8473
8475
8473
8474
8475
8474
8479
8479
8482
8480
8481
8483
8484
8486
8485
8484
8490
8491
8490
8492
8489
8492
8495
8493
8494
8498
8499
8496
8497
8501
8504
8501
8501
8506
8508
8505
8508
8511
8508
8513
8514
8512
8516
8514
8516
8515
8517
8521
8519
8522
8523
8522
8523
8525
8524
8526
8529
8528
8530
8531
8534
8531
8536
8535
8535
8538
8540
8536
8540
8543
8540
8544
8545
8545
8548
8544
8550
8550
8551
8548
8553
8552
8553
8553
8556
8556
8560
8557
8562
8562
8559
8560
8566
8562
8568
8564
8566
8570
8570
8569
8571
8571
8575
8572
8576
8575
8578
8577
8578
8581
8581
8580
8582
8584
8584
8586
8586
8586
8592
8592
8593
8591
8594
8594
8595
8597
8596
8597
8599
8601
8603
8604
8605
8602
8608
8605
8605
8611
8612
8613
8613
8614
8615
8612
8616
8617
8619
8618
8619
8619
8624
8622
8625
8625
8628
8626
8629
8631
8627
8628
8633
8632
8633
8632
8633
8636
8635
8637
8638
8638
8643
8642
8641
8645
8648
8647
8649
8650
8650
8652
8649
8652
8656
8653
8658
8658
8660
8660
8657
8662
8661
8664
8666
8666
8664
8667
8668
8669
8668
8669
8671
8674
8672
8676
8673
8679
8679
8678
8680
8678
8684
8682
8681
8682
8687
8687
8688
8688
8688
8692
8690
8695
8695
8695
8694
8699
8698
8696
8697
8703
8702
8705
8702
8707
8707
8708
8709
8707
8710
8713
8712
8715
8711
8716
8716
8715
8720
8721
8718
8719
8720
8721
8721
8726
8727
8727
8727
8731
8730
8733
8731
8730
8736
8734
8734
8739
8740
8738
8738
8743
8741
8744
8743
8747
8748
8745
8745
8750
8750
8752
8750
8752
8751
8753
8755
8757
8757
8756
8762
8759
8761
8763
8763
8765
8763
8764
8769
8768
8771
8772
8774
8771
8774
8775
8776
8775
8778
8781
8779
8780
8784
8781
8785
8785
8786
8789
8790
8791
8792
8790
8792
8791
8796
8792
8796
8794
8800
8800
8797
8802
8802
8803
8802
8803
8803
8809
8805
8809
8811
8808
8813
8811
8814
8816
8814
8815
8816
8818
8822
8818
8819
8825
8821
8825
8825
8828
8825
8830
8830
8832
8829
8833
8832
8833
8835
8834
8836
8838
8837
8838
8840
8841
8846
8842
8847
8845
8848
8847
8848
8850
8850
8855
8853
8856
8856
8859
8859
8861
8857
8859
8864
8865
8863
8864
8864
8865
8866
8869
8871
8870
8869
8870
8873
8875
8876
8879
8877
8880
8878
8881
8882
8880
8882
8883
8885
8884
8890
8889
8888
8892
8891
8893
8893
8897
8893
8895
8898
8896
8899
8901
8904
8900
8902
8903
8906
8905
8908
8907
8909
8908
8909
8915
8911
8912
8915
8916
8916
8919
8917
8923
8920
8924
8923
8923
8923
8924
8925
8926
8927
8931
8934
8933
8931
8936
8937
8934
8938
8941
8937
8941
8944
8942
8942
8945
8943
8947
8948
8947
8952
8949
8952
8955
8955
8953
8954
8954
8955
8959
8960
8963
8959
8963
8963
8964
8966
8965
8968
8967
8968
8968
8969
8974
8971
8976
8973
8974
8975
8981
8977
8983
8980
8982
8982
8984
8985
8985
8987
8990
8991
8988
8993
8991
8992
8993
8997
8997
8995
9001
9000
9002
9004
9003
9001
9002
9006
9008
9007
9006
9010
9012
9012
9012
9014
9014
9017
9014
9019
9016
9020
9018
9024
9024
9025
9024
9028
9028
9028
9030
9032
9033
9034
9033
9034
9037
9037
9039
9040
9036
9041
9041
9043
9043
9042
9045
9048
9048
9048
9049
9049
9053
9050
9051
9053
9057
9057
9058
9060
9057
9058
9060
9059
9065
9062
9064
9064
9065
9068
9066
9069
9072
9074
9074
9072
9077
9078
9077
9077
9077
9080
9082
9082
9085
9086
9082
9088
9087
9090
9089
9087
9092
9093
9092
9094
9094
9097
9097
9100
9097
9097
9102
9099
9101
9102
9103
9104
9107
9106
9108
9112
9111
9114
9111
9112
9115
9113
9117
9115
9121
9118
9121
9119
9125
9123
9125
9128
9129
9127
9127
9132
9131
9133
9133
9136
9133
9135
9135
9135
9138
9137
9138
9144
9142
9144
9145
9143
9149
9146
9148
9151
9148
9152
9153
9152
9157
9156
9154
9157
9159
9159
9162
9162
9161
9162
9163
9163
9164
9165
9167
9171
9168
9169
9175
9172
9176
9174
9174
9179
9176
9178
9181
9184
9182
9182
9186
9185
9184
9189
9191
9187
9189
9189
9192
9196
9195
9196
9198
9197
9199
9197
9200
9203
9205
9204
9205
9204
9207
9210
9207
9208
9209
9210
9210
9212
9213
9214
9219
9219
9218
9220
9222
9224
9220
9221
9225
9223
9228
9229
9228
9232
9228
9234
9235
9235
9237
9236
9238
9235
9239
9240
9238
9243
9244
9245
9243
9244
9244
9245
9246
9250
9249
9254
9253
9256
9253
9255
9259
9256
9257
9261
9262
9262
9264
9263
9263
9265
9267
9267
9269
9272
9272
9273
9275
9273
9274
9274
9276
9277
9277
9281
9283
9282
9285
9284
9283
9285
9284
9289
9291
9288
9292
9294
9290
9294
9294
9298
9294
9296
9296
9297
9302
9299
9304
9304
9307
9308
9305
9309
9308
9307
9312
9311
9311
9316
9314
9316
9314
9317
9319
9320
9323
9322
9324
9326
9325
9323
9328
9327
9326
9327
9332
9329
9332
9335
9334
9333
9334
9336
9341
9338
9339
9343
9343
9346
9342
9345
9348
9346
9350
9347
9350
9349
9355
9351
9357
9356
9355
9355
9357
9357
9358
9362
9363
9362
9367
9368
9368
9366
9371
9371
9369
9373
9372
9372
9377
9377
9374
9377
9380
9380
9379
9379
9384
9386
9382
9384
9389
9390
9390
9388
9388
9390
9395
9396
9395
9396
9399
9395
9398
9399
9402
9400
9402
9404
9402
9408
9404
9410
9406
9408
9408
9413
9413
9415
9413
9417
9416
9418
9419
9417
9421
9421
9421
9425
9422
9426
9424
9426
9426
9428
9433
9431
9434
9434
9433
9433
9436
9438
9438
9442
9442
9439
9440
9446
9445
9447
9449
9446
9446
9452
9453
9451
9455
9455
9452
9454
9458
9455
9460
9460
9459
9464
9462
9465
9464
9463
9467
9469
9471
9468
9473
9470
9473
9474
9473
9478
9479
9478
9481
9480
9480
9480
9484
9481
9487
9483
9485
9490
9490
9490
9490
9493
9495
9494
9493
9498
9499
9498
9497
9502
9500
9500
9501
9502
9504
9504
9505
9508
9507
9512
9508
9513
9513
9514
9512
9513
9518
9515
9518
9517
9519
9519
9524
9521
9522
9527
9526
9528
9527
9529
9532
9530
9531
9533
9536
9538
9538
9539
9537
9537
9542
9543
9544
9544
9544
9546
9544
9550
9550
9547
9550
9554
9554
9555
9552
9558
9555
9557
9556
9557
9563
9562
9560
9564
9562
9568
9565
9568
9566
9567
9570
9573
9575
9574
9573
9573
9575
9580
9578
9577
9582
9580
9585
9586
9586
9586
9584
9589
9586
9591
9593
9590
9593
9596
9594
9594
9596
9596
9600
9597
9602
9600
9603
9606
9602
9606
9607
9607
9606
9608
9609
9614
9612
9614
9615
9617
9619
9620
9619
9619
9621
9622
9622
9622
9627
9625
9629
9630
9628
9631
9631
9632
9634
9636
9635
9637
9634
9636
9639
9638
9643
9640
9642
9646
9645
9644
9644
9650
9650
9649
9649
9650
9653
9654
9656
9657
9658
9657
9659
9662
9659
9661
9660
9662
9664
9666
9667
9670
9671
9671
9668
9673
9671
9672
9674
9674
9679
9677
9676
9678
9679
9684
9680
9684
9687
9687
9687
9690
9689
9691
9692
9694
9690
9694
9692
9695
9698
9696
9701
9700
9702
9700
9702
9704
9703
9705
9704
9708
9709
9712
9710
9710
9715
9714
9717
9717
9716
9720
9717
9722
9722
9723
9724
9722
9726
9724
9727
9727
9727
9730
9730
9731
9735
9736
9736
9735
9738
9735
9741
9742
9739
9743
9745
9743
9745
9748
9745
9749
9750
9750
9748
9754
9755
9756
9752
9756
9757
9756
9758
9757
9758
9760
9761
9761
9765
9766
9766
9765
9770
9770
9773
9769
9774
9773
9774
9776
9778
9779
9779
9778
9780
9784
9785
9783
9786
9783
9788
9787
9788
9790
9792
9789
9793
9795
9793
9793
9798
9799
9798
9802
9802
9801
9801
9806
9802
9805
9804
9808
9807
9809
9809
9809
9810
9815
9816
9813
9815
9819
9816
9817
9822
9819
9822
9821
9822
9826
9827
9830
9828
9830
9829
9834
9831
9836
9833
9836
9838
9839
9838
9838
9841
9839
9843
9846
9844
9847
9847
9850
9846
9849
9848
9852
9851
9853
9855
9854
9858
9855
9858
9857
9862
9864
9863
9863
9864
9867
9864
9866
9870
9868
9870
9869
9872
9873
9875
9878
9875
9879
9878
9879
9881
9882
9883
9886
9886
9886
9888
9887
9890
9888
9890
9892
9890
9892
9893
9896
9899
9898
9896
9897
9901
9901
9905
9905
9903
9905
9904
9905
9910
9908
9911
9913
9913
9913
9917
9913
9915
9915
9918
9918
9920
9921
9924
9925
9927
9923
9927
9928
9931
9928
9928
9929
9933
9931
9936
9937
9936
9935
9937
9941
9938
9944
9942
9941
9943
9946
9946
9950
9946
9948
9949
9952
9954
9952
9954
9956
9958
9959
9960
9960
9959
9961
9963
9961
9966
9968
9964
9968
9967
9969
9973
9969
9973
9975
9973
9974
9978
9980
9977
9980
9983
9984
9980
9982
9985
9984
9987
9990
9988
9987
9991
9989
9994
9994
9993
9995
9997
9996
9999
10002
