37500
-35609
-68397
-49764
-20835
-41800
-20504
-18246
-64429
-84534
52434
67379
55216
20913
-83712
-99059
-79783
-43047
-50856
53457
67512
-43499
68253
-63713
74967
53292
-88600
-83856
95207
86931
84600
63842
-2571
85593
9123
-76983
-34120
79675
5926
-75008
-73865
-52833
-20262
-16451
-13736
-43532
-5333
76103
-46709
-86370
-42976
-53120
94587
95108
71576
-17286
-22457
73211
34913
41030
26319
80050
-64204
-74363
-82819
26104
-80444
-54901
-84331
-32173
-89096
21969
10777
96318
-82133
65780
88010
57133
93520
-45602
-84197
7571
37490
28183
-48128
-40888
40022
31661
-30217
-19778
-86883
79955
-53937
33686
-24636
-21049
24711
64224
39603
10266
