0
1
2
3
4
5
6
7
8
9
10
11
12
13
14
15
16
17
18
19
20
21
22
23
24
25
26
27
28
29
30
31
32
33
34
35
36
37
38
39
40
41
42
43
44
45
46
47
48
49
-13860.808579277535
-7428.510636389269
1726.8852741912629
-13350.40585342717
-4783.935439703182
-42986.981043003245
-10136.55522127611
-18504.343976436332
-13113.77142826375
-11899.3123953507
-20629.817150328614
-3941.8502924416684
-18529.086893126172
-45553.08301752627
-44678.9711270115
-38899.86125482221
-33323.21162747624
-54560.06908735178
-91315.25553474211
-16942.391813173843
-6226.549621561743
-24962.0506744795
-23985.73588942483
-74274.88324741085
-42041.88651826819
-62725.11106545814
-35311.11597952658
-1337.6272079989153
-61303.14650702627
-17555.66161761253
-6168.997130395287
-31019.896722729187
-14738.785076920069
-7601.01735421181
-6440.002861313497
-57597.783809170796
-69417.36913449907
-7990.004610975831
-52797.383241523676
-26992.94387391087
-1326.312820918396
-14371.33754539501
-7588.659809861156
-19592.494968507926
-41787.97441407316
-71205.4309325428
-5827.420989944783
-6013.832346367436
-65426.52012750522
-11321.149952722128
