1263.876
144.512
30.997
968.697
86.170
2025.292
998.989
911.678
368.527
13.675
1221.939
2964.855
2905.888
557.267
154.057
126.267
643.631
347.290
23.340
400.205
618.798
1297.973
3904.088
2646.446
347.394
1513.117
1328.654
1055.415
315.128
2595.078
19.894
2185.612
1115.877
433.244
2172.303
37.130
134.813
3070.963
460.912
5121.205
5707.119
6698.464
68.753
15.514
683.311
3399.622
558.328
421.280
966.081
1818.487
1277.863
524.101
1523.080
396.530
1028.558
2893.943
3403.897
1491.154
1685.799
804.708
27.914
1050.352
425.185
2369.270
2199.433
462.699
982.396
386.194
527.570
1677.660
173.756
7.525
9.209
96.800
1966.009
1155.605
182.754
497.397
3758.910
27.758
381.715
247.592
313.203
182.677
2333.798
669.099
962.547
596.901
118.746
3936.512
3529.178
5469.619
344.710
598.682
264.707
163.724
518.388
44.162
404.854
5890.531
