21824
-39545
-94071
-89840
-4311
98182
-13461
53898
-151
-89429
-18784
75321
-66810
-34755
13715
13200
25827
97280
-43272
-90901
22381
-44475
-77513
-11531
44209
-45107
-81204
-46897
-13052
60993
-18123
-43800
-26308
-20563
74281
-14691
-54424
23027
28781
-28187
176
-69348
67235
-83333
-98936
-6992
51383
62429
-38653
19999
8431
-44260
96847
-48315
-26069
83188
81275
33711
14289
18137
3887
-51681
88945
-43501
-32550
7653
-74546
60390
69969
-26308
19672
-67767
-52569
-82446
-2021
-24932
-73014
8438
36322
-37485
68567
41983
47907
49243
6816
-69164
-50004
40133
19131
6759
-38787
23808
33159
63597
-22462
84491
80997
93551
9596
-5749
5322
62550
89422
-75769
26318
-42459
91754
88655
-73578
26651
71608
-68987
54440
-80636
-93393
64057
-61795
26066
54186
-3907
-34248
95821
87104
-40944
-41010
7962
-29665
-39848
-79728
21773
-47441
-87962
-78659
85813
-39374
14304
-30351
66108
52004
7046
-48359
28182
48698
-92926
66155
-76901
-79200
-97755
-73669
-61056
-21318
-55395
56646
-18706
80883
-84660
-63886
-14846
6774
19742
-11030
-88628
-80354
-2884
32185
-66502
97872
24411
-5139
-35983
-86470
-44707
-15693
87654
-6743
46471
-47454
39428
50214
45753
27122
5013
-13157
37922
44112
-52611
-96127
-94877
-43641
55807
59017
42607
-37766
76620
10833
53674
16290
62271
-98662
49573
61162
28020
70327
27264
97057
-34205
-70104
-70631
88648
-66896
44472
-66930
31099
70583
-92141
98063
13326
24478
-19644
50205
-40987
-86350
-64533
-68314
63348
58343
68618
-98858
98324
-50212
-84806
-32569
44459
58965
-30904
-41573
-91081
-44144
-3292
-36553
-6742
99575
74364
-48733
-75647
-56537
-14883
77416
-15169
60763
-40970
-12874
-29929
-42973
-39122
-67318
80405
63162
-22553
27734
-31818
-80319
-50874
31890
37553
18748
62966
-11351
-16429
-10486
15576
-4056
-64821
-37317
-91543
-86006
-48427
31013
-80316
-77264
-93919
-45771
1954
94101
-9038
-72063
-54371
-97360
-88968
7931
4688
9826
25645
35286
35720
58984
-98784
16697
-3897
-41859
-5941
-7873
-57467
-64704
-80148
17415
70570
1594
-14835
70755
3395
-26786
-70322
-37115
46023
-25911
28747
-85445
-99486
-72687
-7717
5739
32085
62080
82513
27036
32649
-24515
57422
-99947
33842
-2044
-51630
70204
2442
45192
-88136
55663
-43982
-92138
-72951
-1489
41142
-67468
85400
-71906
9433
-79253
-89865
9474
-59624
-59935
-54789
-9226
-38033
-88639
64279
-40548
71617
39240
39022
78899
58269
46649
-55859
-76784
27281
60592
56361
-67546
67868
-89726
-32356
-23170
89273
30528
87149
52924
-87303
85681
40555
-7307
-24131
78224
-95850
98783
-25426
-45493
81659
-69392
-83702
-94564
34210
-89637
61117
-39016
95101
-64766
36020
-58930
7582
67034
-26538
23138
-65268
-45893
48609
-76640
-8738
31667
-40950
90736
-52543
-35324
-88307
26252
21996
-21457
68551
-33183
-49301
-54113
-72940
-71899
-11181
75308
25064
-45755
1161
87364
44850
-56849
94487
-85742
-7041
-56769
-23014
94782
10597
43021
89087
12014
-51666
32442
33155
-58340
11622
79214
-38446
-73389
-68090
50265
30051
72828
72624
-60421
53729
83776
7485
45007
49278
85922
-50054
-4921
36234
4395
-5794
-20949
86128
2866
93686
-58317
-2321
85656
-70736
-1848
-49627
-38781
-69495
3279
-94426
-54646
3036
58288
73410
15535
12323
-45665
-71822
-83415
76834
-2469
-37279
61088
-59320
-92240
-59414
-66655
78043
-8950
-78081
99817
-65431
-29039
-30875
96824
17025
87563
61512
-54205
-80932
-41004
-49368
9828
-59724
-98190
1324
-35576
-26305
-11170
40142
-53614
-4596
3124
33163
-81401
-16824
-95297
-59406
82387
-52089
-95951
-74792
-42156
-65146
12749
-50177
-33079
-24604
-51693
-97827
22710
88692
-42312
-3696
-20390
-78240
-80826
40231
-47209
-7911
-91182
55309
-87219
-32615
38434
5837
43558
-92057
-83367
-99347
-23538
-43234
66188
-67971
-18221
92802
-77278
-52326
10811
56111
-11939
-16700
56499
-91924
71854
86762
26061
-64528
-7230
12407
-85734
33804
42108
-751
-77628
8059
24107
-30392
-30108
76422
59875
-96599
5446
-65697
26973
64539
23517
-98693
-57900
53722
89318
-45300
98142
65965
-26095
-60459
-86463
-47198
-42990
71608
67139
10261
-99308
-90443
-97953
-34898
38542
-41561
9410
89205
-83814
23294
69994
66076
-82381
-75595
-59672
84258
68317
-98004
43863
-85075
44345
26381
11534
62662
14872
52637
-74139
-7136
-28532
-6551
-99190
93350
3637
57240
61638
25114
-23722
96808
91735
-93299
80732
-43841
-99052
38907
17956
-70044
33237
7679
50323
67828
-45792
-32923
-32020
47175
-12985
55699
-1220
1330
-81803
-43162
-7159
19510
30522
-70266
78257
80367
-91827
37128
-56722
82735
78327
88308
-8579
26944
6513
-69342
-4552
-80817
27274
-70460
17808
22314
-76016
-63694
45587
48026
-69236
38369
16872
26376
-32502
-34970
62856
-95873
-97253
-75697
-45436
57879
-1839
6973
77471
-38804
10422
82929
79286
-96511
21263
-39727
78889
-50946
5126
95327
82506
42648
44683
92871
-49748
83493
-52859
-31170
50728
81574
-15236
73271
75054
85457
-42395
-58537
43985
-39504
85665
21061
-13385
-57922
95063
7368
75488
47922
-53973
59811
-28003
53202
79637
-92167
-40622
-23079
23918
16397
-50741
75212
86976
30617
84869
19804
62089
79757
-98576
24679
39215
81874
-3145
53320
8369
55813
-93397
93724
84289
71307
-57122
-42959
-43033
-25664
97316
73753
-99489
27052
-42214
78992
73273
33027
-47891
65763
219
-5597
74027
-3692
58979
-20543
-81792
-4701
18399
-599
13309
-70011
-25585
-92552
-5129
-10407
55395
-14644
53102
-5705
-10234
36703
-4019
2169
70754
23888
-70856
72856
-3905
-793
86352
-96619
-5269
-95876
-18973
-78737
-22245
87492
-34390
-88598
-26219
-67955
29666
23477
72120
-80658
54324
91325
-32297
4747
71524
50425
88382
-16906
33433
-7673
-66934
67224
-678
81005
68233
-86611
33528
-82857
26187
79943
-64800
58292
-34150
21582
-36830
89826
88102
28932
-32182
-68704
-126
-64991
9704
45725
19399
-53420
-72894
-13887
23162
-28993
14993
-39188
-28890
-11862
-79954
-16428
65587
81907
34364
80490
-90756
30533
-49560
-28782
-79745
-74647
52628
-6412
7296
-84907
54602
26215
-23645
-12435
-93559
82064
-37934
59831
97696
-2859
-53353
-56274
81933
-51481
83793
49675
-32896
83469
-93526
28767
-79150
66594
-78400
6342
-66475
19985
-3315
-36035
63362
-94023
-77188
40251
-42830
-72876
-31911
-23290
-64490
-57474
-32086
54243
74640
-14576
-54289
54909
-69388
79384
83250
-80355
47955
-72054
2222
-83275
79807
-34832
27586
6487
24893
65322
-77997
-46676
-89253
45056
-17386
-16595
43055
90080
11712
47825
-21815
-2927
71985
24954
41180
-47567
-29787
73941
-18349
80558
35971
-22400
-94022
-92948
61205
77872
13980
25224
-73000
-39499
-77244
12914
-28395
3383
52308
90885
98646
-5200
92461
-86127
-18228
90660
-65033
88987
22881
73280
59141
-14236
53938
48376
-70236
26272
65756
-15252
-97142
22472
-60182
54013
-82191
48859
-20220
88845
-99290
65673
-79232
-40176
-8858
-18595
43650
-14831
-43860
89624
42511
-81490
-4952
-81488
-69257
43312
-58773
40486
60545
-44049
34813
-8835
66540
22319
77707
-31330
90632
-98066
-27765
19906
-77885
85913
36746
26860
11551
-48101
-67027
96726
9238
15645
-26824
-3860
-75389
-95177
29740
-56692
-2742
75371
-85622
-8073
4855
-70151
-3146
-24127
70714
1041
40776
-5252
-49251
67949
42953
40253
39317
-28797
-83046
15592
-97163
-62817
61158
-44840
3206
-85506
71590
-18747
19862
93685
68914
-16841
-5845
-20582
81508
53589
37483
-11534
-43706
80679
9103
67056
-1334
81799
-69677
37993
36523
-11424
94889
73780
-81414
2492
10773
-5488
-80165
56706
16316
77690
52920
-79120
2095
-34846
48262
-25022
5959
-68586
-54649
-6237
-80393
-41608
24520
-3748
21505
31733
-47006
-38588
-44184
33145
73559
-33479
-242
19323
-75785
23945
60873
89429
23868
43793
-25239
13237
-42301
-31442
-59533
-59851
67169
70446
52498
20841
-85440
39914
-60594
54649
-17465
-19644
12632
-48112
56877
29194
-87979
-97851
-60215
-57682
-7459
88545
17514
-64854
-48231
-57922
89532
55089
-55306
-72148
-70236
82220
95771
-2462
-72516
79102
-41129
16070
-12482
-79777
36321
-64672
-78858
53283
-30325
99490
72538
48248
-26948
71764
74088
827
54430
-26043
-93231
-39349
81962
67375
-99767
-91209
84427
69764
-94249
93770
45665
53970
-80599
-8748
-9200
-47800
58966
13103
70953
-9997
68103
65683
31752
-69164
-49372
-39897
-11092
12054
70712
49228
-96793
47088
75749
-94266
-72053
39136
26497
74725
95927
4786
-68877
70596
-48393
79350
95381
-98669
-99924
34575
79088
-31823
54751
27521
20382
-56545
-59378
-1250
-61426
40741
13731
-20024
77705
-59361
41616
-65784
82133
-15423
57343
81094
-22570
-40761
59044
52807
-67164
-6304
-66685
-87572
-78459
28829
52872
63266
-47132
-46272
-14478
-37216
-58946
-39849
65849
68514
32355
-38599
88481
-58824
-77336
-91351
97829
12860
38957
-86199
29683
-93545
-81049
-43606
-47323
-7519
6911
-40276
28813
88168
63365
-77643
-53440
-72318
15999
-74579
-12948
-11640
8659
-63595
-12718
-65876
80042
24282
51938
-1721
41872
-27312
-39713
-3165
99466
-11671
20102
-81538
-65768
23317
-32787
-72968
49953
-42101
-32760
61504
38606
96916
-92312
-5867
-36889
-24957
-92854
-56699
-84788
12531
-89274
-10304
75653
25150
-10073
-17366
60966
84195
88407
48453
-1932
33272
-93387
-22650
4195
-56187
-80455
-53849
-46354
-70986
-27103
18262
62232
7047
86131
46145
-11989
-16269
82912
-61045
95073
-26225
72188
-20538
-31027
-3501
-49030
23955
45202
-58718
-61033
58515
61310
-59851
46933
-50306
36342
28208
34137
27906
15083
82165
-81302
-48250
4635
7361
22569
-58931
45853
87932
28590
-95211
83500
18067
-87701
68570
14369
10662
31917
-82578
-57187
88632
-57443
50028
-88493
-31304
-31324
19107
64784
34232
40470
84675
55679
65221
-94990
-51446
-38908
-35524
-1495
-2295
15536
-3933
-61985
82690
84332
2367
77879
65268
3165
18889
7017
-26469
-10419
-63766
26150
18105
-16344
96140
-29670
-79275
92582
4117
-99297
-87190
96103
-9196
18662
46216
2641
58863
27266
77969
-97497
-28012
32609
-96252
23263
-26783
65687
68353
-80558
-30150
-96044
20978
58864
-24474
-37445
-71079
-69925
-34572
63703
34994
57302
-75605
23938
-59715
-49091
-62233
-72806
-43690
66855
66164
99528
76436
23151
-5646
93609
16566
87198
-67216
7596
-14122
-42557
84581
28625
88058
77931
-8887
-2253
28640
-37228
-63293
-97339
12170
-75317
20186
-89606
6619
-7973
-50637
-11668
57081
-18006
-18091
65524
78941
63341
56707
14371
22636
61363
-87186
17013
-10834
53801
94991
87906
-99057
-78577
3724
-90423
-97403
-70140
44235
-66899
-6603
-18898
56810
-58329
6671
-50523
89139
84289
-37060
-37121
-25045
85883
58250
79152
13517
-13989
25420
97899
53510
-89892
14223
-37381
-66349
28842
87722
-69172
81691
-62090
-35574
-95457
42193
-99492
-86260
1691
60027
17594
-18607
39148
-66442
-59809
-60151
595
15545
-44592
83243
39795
3363
40748
-49220
-55001
54635
-56209
-76787
-45544
39163
83973
93149
69438
39413
-4839
-85356
-94003
70061
42065
-62080
24279
76839
27938
-93293
57750
-12153
56475
94130
6268
-18837
-62129
-74324
-76766
432
78900
55974
-10589
-22312
27737
-51183
49553
12768
82155
-66261
93817
68055
-30480
-3490
-82269
28315
-24876
-61734
-38990
-98825
76380
-34834
1588
4061
92447
-96302
98900
3916
-44532
5792
-74549
55014
-77757
66656
78343
-38859
63921
-34197
-69322
76191
80239
-17360
-67115
20135
-56632
17681
4427
64153
99380
-44611
49272
24735
-91314
91373
31983
29842
-16769
-49931
-78214
61472
31283
24027
-51242
-91143
63100
10865
-69480
586
-53562
77043
-16381
17616
95476
42251
-15106
-51385
-10496
94489
-34399
79364
62666
-11959
-7229
-61919
17418
-87109
33868
46737
93108
-82139
-34451
-96739
-64584
-61950
-61864
-65969
28863
4860
-24681
-72894
-35918
54146
40803
-29699
93934
97873
-65793
-60956
-44148
-60630
31289
-24843
65705
-4505
-21304
18463
35850
84054
-85604
-71037
76408
94558
-80890
27933
61190
93223
96481
-37166
-93971
-93813
-70688
-17371
82887
-97749
2396
-2000
-51441
35885
71782
13492
-91974
3982
-36569
-77643
-93544
71870
76318
-8924
17599
74698
-62020
16747
-96146
40582
11999
-44216
24132
9646
81333
-78322
41163
95909
-10875
-56452
-31613
46054
54095
-96502
84503
1132
4305
6926
71627
49570
-94267
-77979
98260
79019
-83108
79412
-39954
69310
39737
55274
-7028
-51835
78599
-57153
-17523
16979
12854
-54178
-43851
-27017
-9411
1933
73988
-56809
83475
-2908
76670
18329
-45898
-50441
-95049
-10218
67001
-74405
-94564
-26877
-19481
-10917
20135
-56647
-93870
29400
66644
-52209
-70972
46708
51201
-63468
-34436
-43328
-56462
-69914
-98786
83344
62629
16559
-50919
33215
7949
-41197
92170
43998
77034
-35103
99213
-69150
29738
-31488
39734
-95552
-34253
-78230
42622
-35999
-14310
50656
-41748
54356
59083
-1893
57670
4254
-10074
-28416
-93507
41362
-83946
66428
50343
-42505
-7206
-33584
16467
-16329
13875
76054
24198
18190
78101
-10667
22189
-89261
-71048
25495
-83547
-3513
-58961
36064
-41251
34319
20041
-91182
-90031
8635
-37506
67592
-13131
-92817
-71722
-60649
-4220
91837
20619
-62730
-34993
-58679
-22187
-65629
30034
39977
-77907
46131
-72446
81598
51970
13576
69014
-3858
-43429
-83907
-404
-21691
-77880
55629
98505
-22226
-60928
-88989
-83030
-85656
-28915
-42608
-46808
-26989
-23259
17766
-28734
27494
37434
-96776
-17305
-2338
2510
-32433
15388
-57641
30287
25390
51385
-85314
-25086
-69254
-12140
33422
87991
-49822
-30425
-91274
40326
-30618
64245
-18195
90059
46675
16555
-53339
-91123
72420
49868
81918
37443
85637
86541
-43331
-89340
52117
-85507
-32289
-58814
98577
33108
21954
-64058
40465
-22506
-77091
-68665
3768
-10137
61519
11005
-90243
30447
28336
-93307
-94914
-92300
-65443
69497
57908
65186
-1561
13452
-29584
-60393
33263
-25335
30466
60479
-35209
-36659
96542
-30133
82192
-87791
-8246
-8813
-80486
94433
25535
-48224
-90610
-30588
-40091
-75025
97055
-34418
34395
27804
-34659
-26125
45804
51790
2000
78708
54195
47519
-4614
22932
-60738
69363
-9409
-43178
-55654
1302
71282
-14377
-48304
-33715
87073
48962
-8608
97693
-61930
-52479
54290
-8764
-50682
12267
80696
-45701
84935
93613
97250
-71064
-26776
-11175
12749
-85827
37316
-9212
40170
-39350
-70623
-83448
27970
-85591
1633
78183
-33836
-29610
15319
23279
-43892
3264
-80900
75536
-71283
-34061
80556
40998
64198
8739
73796
90170
61736
-88070
16992
91501
11242
-97337
27134
35048
79424
68334
-81509
-91610
-63251
45714
-48087
-31501
-38925
48401
70895
1972
24172
-6494
-50992
-90550
-95813
-97135
7954
-99496
92209
-38884
30036
14996
-22634
-29660
80391
85328
-93576
-71799
19704
37078
63404
-38447
-69317
9609
-26481
79242
-3591
-52990
55247
10466
10863
-17155
21069
-33320
13802
69653
-89947
31816
13546
-91088
72107
12561
-69641
46370
4188
-14886
64114
42808
59869
-10059
-19793
-52805
-82234
58541
-6626
-72429
-24524
42205
-9811
-81132
-59075
-52424
11650
-82690
9677
57503
-62286
-66159
-10274
-2769
-65538
-59225
79922
61441
-98887
-99938
-27313
43315
98686
-3163
-75193
34940
34680
4586
-18590
36892
-68286
37427
58434
58037
41067
-8603
82342
4042
-85942
13423
-98466
76303
97135
25363
37207
22565
65776
-90154
49615
85457
58546
-48696
28175
-84124
81701
-63695
73086
-48562
16483
58595
-25437
24869
4895
19430
57801
-54624
-3450
28363
-47679
-83607
-5001
-25806
62801
-99472
-34260
52363
-49478
79204
-19363
47799
-73512
4167
14753
-72700
41909
-42029
-21305
-8207
-84249
68072
-3434
-90601
27123
-11924
-4255
53418
-79215
-78033
-93593
-16712
33777
-53802
21043
44177
-62350
-97399
71717
41047
57461
-62706
43210
-52241
76839
-64742
37786
41282
-78052
56867
-95037
58169
-45058
50917
-14950
-81834
58096
65936
19687
54549
9154
-3233
-7026
-96098
49985
62651
-42063
59331
2622
-56170
50692
-25715
23035
34865
30361
-34823
71919
-79966
2238
-49942
2823
97014
-10597
54870
5576
-90521
-10187
-74257
20902
9809
62006
1085
3692
11843
-37792
24403
-16522
31427
15232
17070
-68936
-6112
98727
14534
2222
-22010
62835
-68223
-15381
-12516
63030
-14723
-97226
92025
83099
23028
87835
25717
-75610
43041
-85911
-66230
-97633
-17027
37309
-30049
-34928
-81716
49975
-46012
82769
-8284
-18985
68936
-45305
-45856
-7083
-65647
-64150
-37051
-10868
-92486
-9224
91995
9346
61152
-27758
-64652
-32689
13987
-58301
-94414
-49862
-45312
-9340
39903
-25484
88864
-19806
-96388
20849
-55248
-34322
-35530
78758
59244
73587
47084
-13971
-69989
-1846
61951
57432
28854
-26833
50211
-40346
75994
-93712
-73944
58268
76536
-55968
67595
-35960
-90470
45140
-44710
31455
-72834
-28889
3693
-91964
-94536
-74670
-65560
38557
-59631
-48467
-96692
32690
19600
11064
87669
61518
-88466
-646
-82767
-95945
-55614
-80280
-9144
-29616
68024
-38569
35888
93838
30772
-31624
37665
-55327
-26750
91601
92726
26808
-82395
-75976
-35401
-70642
82828
-67866
-85418
61478
-16376
85077
1474
36289
33210
-98372
90856
23011
87201
57988
-59561
-57424
-34291
24609
11801
-56559
37274
-42799
2743
-65819
66576
52448
-56235
32866
9710
-93688
99567
42054
-72741
-36513
55473
-67275
-2602
-82668
-6113
32759
58572
-91056
-79802
55604
-62238
-75184
-37192
-69656
-74872
-99694
-38119
-22766
17313
46924
49814
-60767
69072
81431
95400
-2764
61974
3644
71936
85064
-31782
54353
20068
-76665
69673
54800
-21783
40719
-34489
77251
-32092
44852
86909
27932
2338
-19656
63649
-32711
37689
90487
-30430
86213
-82521
7762
20654
27484
-38963
-64603
1986
-47902
-80957
-29699
58120
3070
-42598
-12574
39450
41864
80198
69640
-8102
15185
44684
-25584
54278
96770
4176
-14408
58915
55214
91973
32071
16194
-43167
-47738
80446
-12161
60991
51493
-80933
48313
91110
-47892
-70294
-77742
-23128
33658
7557
76833
53706
-50968
2877
16085
2366
69277
-17804
88644
-86833
-42894
-44824
-21097
51641
95823
-46897
-1428
-1160
93496
-72885
46741
-78255
95612
-91057
-85491
-58236
-31093
73880
4199
20969
-83299
-73135
-361
-36407
86385
31266
-20001
58455
-29991
-95898
-85979
51888
3810
-14376
39296
58392
-44007
22110
76020
-34620
27945
1569
-58770
-37934
65681
-12578
-90188
-48667
77314
78113
-59110
-8517
22338
26748
-14270
62791
92384
56746
55513
84270
4041
-86684
-33310
3200
-51883
80332
37671
11511
90665
42752
-92757
20371
-90615
78235
-46907
5626
-1023
-45196
-8760
4791
-24126
62007
43276
23195
25660
-75872
-46843
-90650
-63666
-79213
-19461
59794
-39441
-54551
-43581
19400
24326
69558
41364
87500
49439
-48081
87689
-82733
3124
-15795
38726
55706
14899
53559
-79107
-75836
-43608
-15314
-42465
-8907
-40096
-33800
-87911
57802
-91443
-21267
-26358
-35112
-91818
8144
-86769
-95251
-288
39812
-51719
-80618
-4821
8408
34209
-17708
81097
-1635
-53965
-9952
-3010
4373
18881
3962
-22527
72472
-81424
48266
-81788
-78973
-47397
59608
-59864
97017
73855
-37068
-7627
-81214
-83534
45286
-62445
-99799
-27101
70716
-90459
60268
-11091
20418
27414
-68428
4022
98743
59242
-25420
7408
-75596
47131
68562
90530
-5454
-85535
-60221
82577
93797
-75245
-54382
56641
-93066
-17936
41169
-85402
-46382
98178
-52415
10635
-85904
-47478
-53717
-10699
48199
79720
11906
3030
80457
-46413
890
61417
42689
-19039
-60726
-69829
-25839
30959
-70789
2828
-20085
57642
58344
-40068
-36400
-17235
26096
83957
-34946
-84966
6265
-89400
-34604
9519
52067
45949
-26754
50683
30073
37028
83993
42494
-46972
-18189
79871
-51000
62183
98991
-60393
-15362
87000
7219
56621
-27602
97491
-96696
-45832
-9653
80152
-1830
-30699
62736
11898
31619
-75587
-13791
-49151
83477
96216
23146
39692
-87264
99614
3435
17256
78053
-78689
10662
75468
-83692
-4932
98781
98903
-4144
-54454
85930
3777
35137
80637
1985
70108
47389
64453
70032
13084
40440
25931
50622
49131
18515
-72092
-64909
64763
-88876
82828
54964
-38451
13935
42987
-27363
69456
91078
-81464
33462
-41098
-21305
-1725
20564
-98254
-60142
-8137
91356
11100
-47425
-6182
85797
-68503
17337
-52233
95615
16954
55602
17809
62478
-56826
-15428
69755
-6819
84995
81627
6553
79235
-75218
-53434
-12136
-54285
-34616
-66204
-75611
-17972
-95531
-810
-37036
-12770
