-2
1
0
3
6
3
4
8
10
7
8
10
13
14
15
15
18
16
18
22
21
22
23
22
22
28
27
25
29
28
33
33
31
31
37
37
38
35
40
39
42
39
40
42
42
43
48
48
51
47
53
49
50
54
56
57
58
59
57
58
60
59
63
63
67
64
67
66
68
67
70
71
73
76
76
77
75
78
79
77
83
83
82
85
85
84
86
85
91
89
89
94
94
95
97
94
97
97
99
101
99
102
100
105
104
107
108
108
108
108
111
113
115
115
116
114
118
116
121
121
119
123
122
125
123
127
124
125
128
127
130
133
135
134
133
133
135
140
136
141
139
139
142
141
147
146
146
149
147
148
148
152
155
152
157
156
157
155
157
161
163
161
162
164
166
164
168
169
168
170
171
171
170
174
173
178
177
177
176
178
182
184
180
182
186
185
187
185
188
188
193
194
191
196
194
195
196
197
197
202
202
203
205
206
204
204
207
208
209
212
211
213
210
216
215
214
217
220
221
217
219
222
222
222
225
225
227
226
228
228
229
233
232
233
237
235
239
238
236
238
239
239
240
245
244
243
247
246
251
252
253
250
252
252
253
253
256
258
260
259
259
264
263
262
262
267
269
268
266
268
272
274
271
276
277
273
279
277
277
282
279
281
285
281
286
284
286
285
289
292
293
289
291
293
297
297
295
295
300
301
299
302
302
304
304
308
308
307
307
308
313
309
315
312
316
315
317
317
317
318
318
321
325
324
325
326
328
325
328
332
329
332
331
332
333
333
338
335
336
338
342
342
345
343
342
346
348
346
347
352
349
350
350
351
352
357
358
358
359
359
358
364
363
363
366
364
364
370
366
369
373
371
375
375
373
374
379
378
381
379
379
383
381
383
387
386
385
390
387
392
393
389
395
392
397
395
398
396
397
400
401
403
401
403
404
406
405
406
407
408
410
414
412
411
417
414
418
419
420
420
421
422
423
426
427
428
429
426
428
431
432
431
433
436
437
433
439
435
439
439
442
444
442
445
444
448
449
448
448
447
449
453
455
452
456
458
459
460
456
461
462
462
461
462
463
463
467
465
467
470
471
470
470
475
477
474
477
477
480
481
482
481
483
483
486
487
486
489
486
489
490
490
490
491
493
498
497
499
501
502
503
500
504
503
505
503
509
510
507
512
511
513
515
515
517
515
519
515
516
521
522
519
524
521
523
525
524
529
526
527
533
533
532
533
536
536
538
538
539
542
542
541
542
543
542
544
546
550
549
550
550
550
555
551
554
558
559
560
558
560
559
562
562
564
565
564
564
570
569
569
573
571
570
573
574
576
579
577
576
579
578
582
584
585
587
585
589
585
586
591
589
593
594
596
593
593
598
600
598
600
601
599
601
605
607
605
606
607
606
608
609
613
610
611
615
617
617
617
616
618
618
622
622
625
625
627
627
625
627
632
633
631
630
636
632
633
634
637
641
639
641
641
641
645
646
643
644
650
646
649
650
654
652
651
656
654
655
660
660
657
663
660
662
661
666
668
669
666
669
672
669
673
670
674
672
674
675
676
679
681
678
684
682
684
687
686
687
685
689
690
693
690
693
692
693
694
697
698
700
697
701
699
702
706
707
704
708
707
706
711
710
712
714
715
712
713
718
720
716
722
722
722
723
726
724
724
729
727
729
730
731
732
731
734
737
738
736
739
738
737
742
743
740
746
746
743
746
748
747
747
752
752
753
751
754
758
759
756
758
762
763
764
764
765
762
767
766
770
769
768
773
772
775
774
773
777
778
778
780
782
780
779
781
784
786
787
786
786
786
789
793
791
794
792
796
793
797
795
796
799
800
801
804
802
803
804
806
810
808
809
810
809
813
812
815
814
818
815
818
817
823
819
822
825
825
825
827
825
829
829
833
834
832
834
835
833
834
840
838
838
842
839
840
841
845
846
849
845
849
852
852
853
853
853
854
855
858
858
857
857
862
864
865
863
866
863
867
866
870
870
869
869
870
875
876
878
875
880
877
881
880
883
884
882
883
887
886
890
890
889
891
889
894
896
897
897
897
899
901
902
899
903
904
906
904
906
908
906
909
909
913
910
915
915
912
917
914
916
920
918
920
922
921
922
927
924
926
925
929
927
933
933
931
933
933
936
938
940
936
941
938
939
942
946
942
945
949
945
946
949
951
954
951
956
954
953
958
956
959
958
959
964
965
964
967
963
968
968
969
968
968
971
974
974
976
975
976
976
980
977
978
982
985
986
983
983
987
987
989
991
991
992
991
993
995
997
994
997
999
1002
998
1002
1002
1002
1003
1008
1004
1008
1007
1009
1011
1009
1011
1011
1013
1013
1017
1020
1020
1021
1020
1019
1020
1021
1022
1026
1026
1030
1031
1027
1030
1029
1030
1035
1036
1038
1038
1039
1036
1040
1038
1044
1044
1043
1047
1043
1045
1046
1050
1048
1053
1052
1054
1054
1055
1056
1055
1059
1061
1062
1058
1063
1064
1062
1067
1064
1065
1068
1066
1072
1068
1071
1074
1072
1074
1073
1074
1080
1077
1077
1082
1084
1080
1082
1087
1086
1088
1086
1086
1091
1092
1092
1094
1095
1096
1094
1094
1100
1100
1099
1102
1099
1101
1101
1102
1106
1107
1109
1111
1109
1110
1109
1114
1116
1112
1115
1114
1117
1116
1117
1123
1123
1124
1124
1125
1126
1128
1125
1126
1132
1128
1129
1133
1134
1132
1137
1139
1135
1140
1137
1139
1141
1140
1141
1142
1143
1149
1147
1147
1150
1148
1154
1150
1155
1156
1157
1155
1157
1160
1160
1158
1161
1163
1165
1165
1165
1169
1169
1166
1172
1172
1174
1174
1173
1176
1176
1175
1180
1176
1179
1182
1183
1183
1185
1182
1184
1184
1189
1189
1188
1189
1194
1191
1196
1196
1198
1195
1200
1198
1199
1203
1199
1203
1204
1203
1205
1206
1205
1211
1210
1208
1209
1212
1215
1216
1214
1218
1219
1221
1217
1223
1221
1220
1221
1227
1227
1224
1227
1228
1227
1231
1231
1234
1233
1233
1237
1234
1239
1237
1238
1242
1241
1240
1241
1242
1247
1247
1249
1248
1247
1248
1252
1254
1255
1257
1258
1257
1260
1256
1261
1263
1261
1265
1266
1267
1266
1265
1265
1266
1267
1273
1273
1273
1275
1276
1275
1277
1279
1276
1282
1282
1279
1281
1281
1285
1284
1284
1287
1290
1287
1289
1294
1294
1292
1296
1297
1294
1300
1299
1299
1299
1301
1303
1305
1303
1307
1309
1308
1309
1307
1311
1311
1314
1312
1312
1316
1314
1317
1320
1320
1320
1322
1325
1324
1325
1327
1327
1326
1328
1328
1332
1334
1335
1335
1333
1335
1336
1335
1341
1341
1342
1343
1344
1345
1345
1344
1345
1350
1347
1348
1349
1351
1353
1355
1354
1358
1355
1360
1358
1358
1360
1361
1361
1363
1366
1368
1368
1368
1371
1368
1370
1369
1375
1372
1372
1374
1377
1375
1380
1380
1382
1381
1384
1382
1384
1384
1386
1386
1386
1391
1389
1393
1393
1392
1396
1397
1395
1400
1397
1401
1403
1400
1401
1401
1403
1408
1405
1406
1409
1409
1408
1409
1414
1413
1416
1417
1414
1415
1421
1421
1420
1423
1421
1425
1426
1424
1428
1427
1429
1430
1429
1429
1430
1434
1433
1437
1436
1440
1440
1442
1438
1441
1440
1443
1447
1448
1449
1446
1451
1448
1448
1453
1455
1451
1453
1453
1454
1456
1458
1457
1462
1460
1465
1461
1462
1465
1465
1466
1469
1470
1468
1470
1474
1476
1474
1474
1478
1477
1476
1477
1478
1483
1480
1483
1487
1484
1486
1490
1486
1488
1492
1493
1492
1495
1492
1494
1497
1500
1498
1497
1498
1501
1500
1501
1507
1505
1509
1505
1506
1507
1513
1512
1512
1512
1516
1514
1514
1520
1516
1517
1522
1519
1520
1525
1522
1528
1527
1530
1528
1531
1533
1533
1535
1536
1536
1534
1538
1539
1540
1539
1540
1544
1544
1544
1543
1543
1545
1550
1551
1547
1552
1551
1550
1551
1555
1556
1554
1560
1556
1559
1559
1561
1564
1561
1563
1566
1566
1565
1571
1571
1570
1574
1574
1573
1572
1576
1579
1580
1580
1580
1580
1584
1584
1586
1582
1583
1589
1590
1587
1588
1589
1590
1595
1594
1595
1594
1599
1598
1601
1599
1602
1599
1605
1603
1604
1605
1608
1607
1607
1608
1609
1610
1614
1614
1616
1615
1618
1615
1618
1621
1621
1624
1622
1625
1623
1624
1629
1627
1626
1629
1628
1629
1632
1631
1633
1633
1634
1639
1640
1641
1638
1640
1643
1646
1642
1646
1645
1650
1649
1649
1649
1650
1650
1653
1657
1655
1659
1658
1658
1657
1660
1660
1663
1663
1663
1663
1665
1666
1667
1669
1673
1674
1674
1671
1677
1677
1677
1679
1677
1680
1680
1679
1685
1683
1683
1684
1685
1687
1690
1690
1691
1693
1695
1692
1695
1695
1695
1697
1700
1700
1701
1704
1704
1706
1704
1707
1708
1706
1706
1708
1712
1710
1711
1712
1714
1718
1716
1717
1719
1718
1723
1722
1721
1724
1723
1726
1724
1726
1730
1728
1728
1732
1730
1732
1734
1734
1736
1735
1737
1737
1739
1740
1741
1741
1747
1745
1747
1747
1751
1749
1753
1754
1755
1751
1752
1756
1756
1756
1759
1761
1761
1760
1760
1765
1763
1767
1768
1770
1770
1767
1768
1774
1771
1775
1773
1778
1778
1777
1780
1779
1778
1779
1785
1785
1782
1787
1788
1788
1788
1791
1789
1793
1792
1791
1793
1796
1794
1799
1796
1802
1802
1802
1802
1803
1807
1807
1805
1809
1809
1812
1812
1809
1814
1811
1815
1814
1818
1816
1821
1820
1819
1823
1824
1826
1822
1827
1828
1826
1829
1832
1833
1829
1834
1832
1837
1838
1835
1840
1837
1840
1841
1841
1844
1846
1845
1845
1848
1845
1851
1847
1850
1851
1850
1851
1853
1858
1854
1857
1860
1857
1862
1862
1860
1861
1864
1867
1865
1868
1866
1871
1871
1869
1872
1876
1876
1875
1878
1879
1876
1882
1880
1883
1884
1885
1882
1886
1885
1886
1891
1888
1888
1892
1895
1893
1893
1893
1896
1900
1901
1902
1900
1904
1900
1906
1902
1903
1909
1908
1909
1908
1913
1911
1914
1916
1914
1916
1914
1918
1919
1921
1919
1920
1920
1923
1924
1926
1924
1926
1928
1929
1932
1933
1933
1931
1935
1936
1938
1937
1939
1938
1942
1942
1940
1944
1947
1948
1944
1948
1948
1948
1950
1949
1953
1953
1954
1954
1959
1955
1960
1961
1961
1963
1964
1961
1966
1964
1964
1967
1967
1968
1972
1970
1970
1974
1972
1977
1978
1979
1978
1982
1980
1984
1982
1986
1982
1985
1986
1988
1988
1990
1989
1994
1990
1992
1993
1993
1999
1999
1996
2001
2003
1999
2004
2005
2007
2003
2006
2007
2006
2008
2012
2010
2011
2016
2012
2017
2017
2019
2021
2022
2020
2023
2020
2024
2024
2023
2027
2028
2031
2028
2032
2033
2035
2036
2037
2033
2036
2040
2039
2038
2042
2044
2041
2042
2044
2046
2049
2050
2051
2052
2050
2050
2054
2051
2052
2058
2056
2060
2059
2061
2060
2061
2060
2065
2067
2063
2068
2066
2070
2069
2071
2072
2075
2073
2077
2074
2079
2077
2079
2077
2082
2083
2085
2082
2083
2083
2084
2088
2088
2092
2089
2089
2093
2091
2092
2097
2097
2097
2099
2097
2103
2103
2102
2102
2104
2104
2107
2106
2109
2108
2113
2110
2115
2113
2112
2114
2115
2118
2118
2118
2120
2121
2120
2125
2122
2127
2129
2125
2130
2130
2130
2130
2133
2132
2133
2134
2139
2135
2141
2139
2140
2140
2140
2146
2145
2146
2146
2147
2148
2147
2150
2149
2155
2156
2155
2155
2156
2155
2159
2160
2162
2161
2165
2165
2165
2167
2169
2167
2166
2167
2170
2172
2174
2172
2177
2174
2178
2176
2181
2181
2181
2180
2182
2185
2184
2187
2185
2188
2187
2192
2193
2191
2193
2192
2192
2197
2196
2196
2200
2199
2203
2203
2202
2205
2206
2203
2208
2207
2207
2208
2211
2214
2211
2212
2214
2214
2215
2220
2219
2217
2220
2224
2220
2226
2227
2225
2224
2227
2228
2228
2231
2231
2230
2231
2236
2236
2238
2236
2241
2238
2239
2241
2240
2246
2247
2248
2248
2249
2250
2248
2253
2254
2254
2256
2257
2254
2259
2256
2256
2262
2262
2261
2263
2262
2263
2264
2269
2270
2269
2271
2272
2269
2270
2274
2273
2275
2274
2280
2280
2279
2280
2279
2284
2284
2282
2284
2289
2288
2290
2290
2290
2294
2291
2292
2295
2298
2294
2297
2301
2302
2298
2299
2304
2306
2304
2307
2309
2306
2311
2312
2312
2313
2311
2316
2312
2314
2318
2316
2321
2320
2321
2324
2324
2322
2327
2327
2328
2327
2330
2329
2333
2333
2333
2336
2336
2336
2337
2340
2340
2342
2341
2341
2344
2344
2346
2343
2346
2349
2351
2348
2350
2349
2355
2353
2353
2358
2354
2358
2360
2362
2360
2362
2362
2365
2362
2367
2369
2367
2370
2370
2373
2374
2375
2374
2375
2375
2376
2379
2378
2380
2380
2380
2380
2386
2382
2387
2385
2388
2391
2387
2391
2389
2394
2395
2395
2393
2399
2399
2399
2401
2401
2402
2403
2401
2406
2404
2406
2408
2409
2407
2411
2411
2410
2414
2414
2415
2417
2419
2416
2417
2421
2423
2421
2421
2422
2427
2425
2427
2427
2428
2432
2430
2433
2436
2437
2436
2435
2440
2438
2440
2441
2440
2442
2444
2443
2444
2445
2446
2448
2449
2453
2454
2455
2452
2456
2457
2459
2456
2461
2460
2463
2460
2464
2461
2464
2463
2469
2467
2471
2468
2472
2472
2472
2473
2472
2476
2478
2479
2480
2482
2480
2484
2481
2486
2482
2488
2486
2486
2489
2492
2488
2490
2495
2494
2492
2493
2497
2500
2497
2499
2499
2504
2503
2502
2503
2505
2508
2508
2508
2512
2508
2513
2510
2511
2516
2518
2518
2518
2518
2522
2522
2524
2524
2522
2523
2527
2525
2526
2530
2532
2529
2533
2533
2535
2532
2536
2536
2536
2540
2538
2543
2540
2540
2544
2543
2548
2549
2550
2549
2552
2553
2553
2550
2555
2556
2558
2554
2555
2559
2557
2563
2562
2564
2563
2566
2567
2565
2569
2570
2572
2572
2571
2574
2573
2575
2575
2577
2576
2577
2582
2578
2580
2580
2584
2585
2587
2588
2587
2587
2588
2590
2591
2592
2594
2595
2594
2596
2595
2598
2597
2599
2603
2603
2605
2604
2604
2606
2606
2608
2609
2611
2613
2614
2613
2615
2616
2614
2615
2617
2617
2623
2619
2625
2621
2626
2625
2629
2626
2629
2628
2631
2634
2630
2631
2632
2633
2635
2636
2636
2640
2641
2641
2645
2646
2643
2645
2645
2650
2650
2648
2653
2652
2650
2651
2653
2658
2657
2659
2660
2662
2663
2659
2663
2664
2667
2668
2664
2665
2669
2668
2672
2674
2672
2675
2677
2676
2676
2680
2680
2680
2678
2680
2685
2684
2685
2685
2687
2688
2689
2689
2693
2690
2695
2695
2697
2694
2695
2700
2696
2700
2703
2700
2705
2701
2703
2703
2704
2706
2710
2707
2713
2710
2715
2714
2715
2713
2715
2718
2718
2720
2719
2721
2720
2721
2724
2726
2729
2726
2727
2731
2732
2734
2732
2734
2734
2738
2736
2736
2741
2739
2738
2742
2741
2741
2744
2743
2746
2749
2747
2749
2750
2753
2750
2756
2752
2757
2755
2757
2759
2759
2758
2759
2764
2761
2766
2764
2765
2765
2770
2771
2771
2771
2772
2771
2774
2775
2775
2780
2779
2780
2781
2784
2784
2783
2787
2784
2786
2785
2786
2788
2790
2793
2790
2794
2792
2793
2794
2795
2801
2802
2799
2804
2804
2801
2802
2803
2809
2808
2811
2807
2809
2812
2810
2811
2816
2815
2817
2815
2820
2820
2818
2824
2822
2825
2826
2824
2828
2825
2826
2831
2832
2831
2830
2834
2834
2834
2837
2836
2840
2838
2839
2840
2845
2842
2844
2844
2844
2846
2847
2851
2851
2849
2852
2855
2854
2858
2859
2858
2858
2858
2861
2864
2862
2865
2867
2868
2869
2867
2871
2872
2868
2874
2872
2875
2876
2873
2877
2877
2879
2880
2883
2884
2882
2883
2883
2884
2884
2890
2891
2888
2893
2889
2894
2892
2895
2897
2899
2897
2897
2901
2899
2899
2905
2905
2905
2904
2906
2908
2908
2909
2910
2914
2910
2914
2916
2916
2914
2917
2920
2917
2922
2921
2922
2926
2923
2926
2927
2929
2926
2932
2929
2929
2932
2933
2934
2938
2935
2937
2938
2939
2942
2941
2943
2946
2946
2945
2945
2948
2947
2951
2953
2950
2950
2952
2955
2953
2958
2958
2956
2961
2958
2959
2965
2965
2965
2966
2969
2968
2967
2971
2973
2969
2972
2972
2972
2976
2974
2979
2981
2978
2982
2980
2984
2985
2987
2986
2988
2988
2987
2987
2993
2992
2995
2995
2993
2995
2998
2997
2997
3001
