630.085
219.207
4.322
1370.781
1090.417
221.869
1332.939
79.344
3494.360
5277.358
2389.030
164.474
4014.244
4613.430
103.585
144.177
338.342
928.136
575.904
6.002
1023.842
338.826
4.360
268.933
164.424
232.732
1092.288
1015.666
965.752
2652.499
1531.205
66.707
1225.622
236.643
369.282
194.167
22.914
3998.612
3750.026
714.831
3956.704
2501.689
99.307
193.346
1527.893
1583.060
68.827
3246.570
2200.201
2374.994
910.248
7004.162
201.552
62.002
363.030
325.966
102.132
82.591
92.567
4.485
975.292
69.096
624.638
1037.384
155.691
2595.702
342.546
4785.402
1.270
236.885
151.644
161.288
137.067
4308.250
256.606
3289.225
474.940
21.190
6278.554
4988.331
20.539
25.578
160.306
5957.363
28.699
1674.001
4588.304
3032.797
183.274
524.266
111.314
2184.890
1655.827
3831.463
73.588
1126.055
761.141
48.541
1409.115
524.082
1967.247
143.437
1035.517
660.501
2952.059
2122.937
168.040
2114.173
270.782
502.275
614.732
7605.641
707.957
59.891
1.791
3735.097
701.205
146.685
1114.700
2730.192
2590.189
6506.794
847.338
535.086
342.420
323.344
938.274
2575.126
1790.176
1467.224
1522.838
1873.716
1706.410
7237.316
2795.851
729.101
223.512
1936.232
1195.734
3702.360
2506.551
147.025
233.209
2533.399
2479.893
420.808
742.693
1704.914
1950.723
110.577
3021.354
1652.754
671.503
759.847
115.511
771.355
125.177
2131.641
2375.884
139.306
214.251
2655.555
759.097
522.108
859.368
167.429
800.798
1051.725
5102.715
250.292
585.706
21.918
44.488
59.176
2970.499
3899.736
143.160
7614.537
1150.901
2564.276
871.964
177.111
499.931
1142.552
2783.909
869.524
85.337
708.235
342.399
2330.915
1493.178
504.245
265.691
353.297
2427.918
175.823
104.312
866.574
1403.020
40.870
2216.587
92.207
13.954
87.460
1094.312
2129.184
206.178
410.753
73.246
8.783
1411.245
732.669
1749.716
1689.008
2408.517
5304.786
2318.197
107.606
137.112
674.278
5036.998
122.960
150.257
1878.353
31.333
124.184
3624.502
3326.229
3016.196
795.705
2030.514
865.428
2719.684
1277.013
32.798
4675.078
1710.780
1081.969
3930.856
263.920
6.518
232.393
1400.766
1900.164
20.092
420.618
2029.810
181.235
230.025
405.160
795.363
1750.421
1234.507
201.704
85.544
582.423
109.192
608.583
357.894
1512.535
18.085
200.252
524.341
306.676
703.823
4092.050
3981.638
505.238
235.954
238.733
149.171
2534.091
938.619
120.077
31.924
111.300
1300.108
2942.284
4.949
317.791
4137.468
79.512
2531.892
341.687
2393.789
3108.673
348.816
147.236
1061.119
534.425
6022.032
562.457
1702.921
1893.107
570.425
1182.868
296.178
5902.231
2416.148
2298.354
1990.259
863.119
63.701
199.636
1197.569
55.057
166.848
1133.066
672.613
526.449
296.889
4244.255
585.423
473.905
1131.710
567.706
729.278
1092.310
56.622
262.665
2424.200
1732.098
160.496
674.472
248.396
2574.478
2936.566
1485.712
1281.415
14.946
1009.588
785.746
58.991
63.166
904.728
4570.614
362.914
1979.446
111.530
80.404
881.295
1399.637
97.381
0.827
72.083
2566.860
35.300
1845.765
809.249
1421.022
875.518
3305.406
748.437
737.751
1285.413
1864.461
1101.743
119.494
331.253
56.411
234.882
700.992
10.041
441.085
2000.580
1315.119
4237.466
1085.818
693.049
2610.298
2201.446
691.161
57.705
1277.052
934.556
1123.962
3252.101
2554.493
2293.499
2309.467
337.356
313.191
3055.730
377.041
19.739
2758.380
1167.378
4628.810
907.774
3651.344
1356.401
271.332
1587.254
381.439
949.129
202.193
0.813
1096.946
992.173
2453.323
4.715
1872.600
1646.744
121.328
1892.032
3078.559
15.936
288.261
5220.257
430.649
24.615
194.763
495.658
525.193
374.398
2120.852
14.984
284.244
854.817
165.734
2079.537
3013.746
1412.330
1249.226
2857.617
1644.180
5316.276
2163.272
2293.279
180.575
2890.748
893.036
1061.187
4028.438
867.839
952.289
986.017
573.747
3918.711
1354.196
4635.525
305.731
2849.680
11.030
409.022
96.461
3860.830
4113.401
3527.547
17.999
604.979
454.555
70.132
3072.921
3584.632
76.498
867.974
20.095
103.387
152.885
876.964
1602.676
120.349
694.910
2081.205
400.821
747.829
2581.754
333.074
2334.827
1811.585
3948.620
870.803
148.510
679.002
681.808
2132.502
200.641
296.893
3615.172
472.951
3098.295
4307.304
163.278
6468.418
5128.364
1414.964
2063.133
3438.938
1842.258
153.171
278.981
1266.020
486.316
919.531
1429.233
105.069
1740.540
29.312
251.582
835.461
337.045
85.039
3307.462
864.279
1122.887
37.877
466.607
1920.890
2401.212
24.771
915.147
167.345
623.813
623.722
173.538
1276.380
1275.866
6712.356
2193.461
129.821
581.894
21.117
52.285
3421.983
2428.440
1571.881
73.966
4927.386
447.084
24.760
852.128
533.788
1284.279
2134.883
4887.080
110.115
1775.079
239.219
33.521
529.286
70.411
3003.690
242.026
56.076
1001.394
9.846
810.365
3929.708
1373.876
886.843
774.501
393.389
351.205
90.209
1620.149
681.997
2090.120
628.395
1957.450
631.133
22.169
1179.499
695.937
15.194
4815.624
20.319
1679.300
863.285
186.810
25.984
17.258
1779.961
23.324
2040.927
177.438
708.599
634.481
55.217
796.373
96.473
495.584
1587.416
699.662
238.233
734.450
2870.927
1225.074
3941.694
113.521
4579.862
43.888
1101.961
43.308
764.187
984.144
6324.205
33.675
49.577
49.544
1555.230
2128.191
36.651
1874.414
1080.644
694.482
190.662
628.857
4453.815
1101.657
110.892
1255.816
2787.151
73.629
14.226
2841.718
152.416
416.146
711.421
799.259
2154.511
227.409
957.856
1276.264
827.779
1259.798
1566.679
264.391
1636.850
4200.316
248.294
1050.692
2546.368
112.417
540.262
1808.971
1278.996
304.573
34.040
2652.803
7.324
696.618
441.480
438.793
1250.728
1755.450
858.261
2251.505
728.116
1915.333
122.462
1713.843
435.752
271.879
3360.058
177.051
148.677
3084.196
1535.276
622.274
247.421
2045.811
30.605
4031.152
239.543
943.375
706.110
1348.147
79.441
282.714
4484.017
5751.557
3825.130
3933.219
4.729
2653.270
492.519
362.969
269.387
953.660
1552.630
567.457
177.836
328.241
2901.951
169.965
4812.420
1356.132
563.534
345.593
3115.379
382.536
2571.069
5295.146
189.019
460.732
12.128
1879.199
74.351
625.283
5559.536
1487.114
201.872
1139.555
23.510
132.759
414.078
1246.606
144.301
733.994
5240.150
2854.816
94.465
2718.871
3016.762
60.424
325.044
417.904
26.761
1973.237
140.263
1290.198
3182.158
2917.042
1262.480
76.652
484.372
9.915
17.576
628.437
178.423
152.499
382.589
212.248
667.490
227.566
1935.255
2183.469
235.836
217.882
1804.071
1474.024
512.699
56.836
154.634
2750.962
990.179
493.116
2885.298
1716.225
804.753
738.136
7329.788
3593.894
391.208
4420.955
62.723
44.783
1010.095
1264.874
111.139
1057.082
2799.709
124.096
741.967
3783.634
3126.520
2811.584
1389.493
890.086
499.508
3280.606
585.820
551.292
736.266
73.003
3002.186
1389.307
17.658
37.361
108.733
5287.474
1938.779
603.631
32.403
1242.601
6341.276
3304.183
5617.072
476.234
392.447
1016.280
7061.781
4034.778
8.814
4689.868
487.877
370.507
759.498
97.650
2596.510
334.722
785.666
421.126
75.641
97.624
887.901
788.632
397.231
3267.475
6557.396
2941.565
5563.264
24.962
1900.555
1093.375
1198.290
669.687
251.131
1076.221
2234.796
1002.462
151.390
589.759
566.645
693.571
3129.793
435.399
1519.714
462.598
1243.067
529.876
42.144
5125.990
223.907
2105.489
2643.534
61.574
6047.302
364.357
1102.197
2926.482
7142.148
357.267
4338.994
163.145
83.143
326.767
3031.495
1845.743
69.823
613.521
838.484
230.456
242.825
5864.679
670.286
264.857
6651.787
157.343
407.257
103.984
347.896
4473.178
6452.889
3415.484
900.794
264.961
3595.822
570.978
6291.183
158.409
127.232
476.914
40.555
46.417
142.056
747.670
304.633
652.023
592.603
2469.207
448.755
1450.584
718.080
2206.739
829.558
1237.921
1277.161
1377.497
1099.077
74.923
145.324
114.479
609.978
4412.448
172.472
2483.268
111.897
50.181
2126.029
468.509
576.566
1022.638
1290.508
1589.169
152.289
1178.707
589.549
15.614
63.579
1870.959
4.245
6.539
1034.718
182.598
835.834
349.939
3662.522
266.442
115.443
552.309
345.277
170.608
33.223
691.612
898.886
178.250
340.359
3167.172
1542.509
1009.673
699.843
272.056
24.022
4042.806
1403.552
1403.183
3554.758
270.809
133.173
1163.579
1279.215
1018.611
1391.946
2312.789
751.075
189.062
1398.049
424.788
587.883
638.057
1650.342
594.390
611.016
10.060
773.285
4.640
171.252
267.954
197.077
302.570
105.141
765.138
1249.575
1378.331
3215.442
1464.614
320.951
132.760
1049.955
2714.930
930.269
618.994
2069.182
2125.987
419.895
3906.168
2934.707
70.087
2301.401
313.566
96.410
8843.249
282.435
789.800
82.294
3996.159
491.130
1502.002
626.082
235.143
954.305
28.398
56.511
1704.271
419.795
2202.046
1716.887
2146.187
125.382
1060.099
205.716
189.963
75.072
306.831
923.031
386.621
89.851
2029.723
1995.984
200.956
16.008
356.834
576.715
548.772
3803.415
283.062
3216.021
739.013
516.894
662.971
1946.304
1382.002
158.079
4856.780
332.926
269.315
468.453
6959.381
346.969
265.079
4345.602
38.237
2163.201
609.619
572.281
2005.119
457.013
2959.296
159.398
548.064
400.492
798.666
630.192
6343.667
1143.327
1999.328
83.585
800.647
2735.955
1506.944
677.813
3793.932
552.843
299.905
2735.654
2962.198
2309.462
88.819
1411.029
1589.207
2113.184
24.720
218.907
2820.725
3.651
2613.746
80.031
4.043
1348.090
1159.668
4293.461
903.285
205.522
267.786
390.381
2285.050
829.540
240.773
158.401
205.597
766.176
2288.264
53.266
1096.162
1473.142
109.290
3680.541
3300.104
1258.900
453.611
3489.975
13.039
2279.682
206.562
974.878
1262.861
23.946
2459.869
1115.826
558.922
1056.914
663.554
294.654
194.698
3756.637
1699.182
51.337
20.107
2220.766
3300.301
31.734
57.261
1436.658
5418.319
393.507
300.217
399.227
1056.109
556.112
1344.032
4708.255
678.039
1813.026
2168.156
68.304
357.683
659.443
301.027
61.991
506.744
821.910
359.834
54.947
2258.978
822.559
668.751
115.864
726.435
2868.195
193.983
483.268
4.611
2625.425
1673.385
107.856
261.148
270.157
1734.599
3921.394
1526.683
1186.886
2821.035
451.882
1893.480
938.007
145.060
39.767
15.602
807.807
1852.856
1529.424
2783.437
254.961
739.147
583.001
197.447
1920.679
44.071
466.044
4125.781
301.839
3750.275
1637.419
355.291
5284.714
1445.807
2047.924
4202.054
418.493
36.866
646.591
1888.121
154.296
1034.750
997.525
4767.690
111.582
492.031
651.414
2040.802
47.856
59.475
2.318
1876.896
2847.228
808.577
677.935
125.573
1678.358
2242.872
751.558
2339.898
1413.498
1264.691
717.113
909.961
75.576
1671.368
260.560
166.997
1412.003
685.850
3530.957
9.106
816.748
1269.060
5921.309
775.916
36.261
561.576
356.464
168.012
317.468
621.180
1057.023
1809.440
1868.942
476.601
1610.029
1425.879
467.238
1365.594
238.443
1246.009
650.957
2199.038
270.918
4440.218
3226.204
1677.174
411.128
173.615
1146.631
4476.752
708.838
1016.347
545.544
666.059
7.648
265.692
3894.911
68.890
311.686
2440.074
1818.853
958.679
11.482
2273.455
3514.677
54.864
86.658
1668.743
125.343
4224.647
268.823
747.507
2366.428
8.340
4317.597
976.329
4647.091
3177.552
5601.133
707.309
211.790
165.672
3590.348
919.222
776.566
103.555
7.866
463.889
1364.478
3060.609
1095.124
123.931
473.085
2298.028
23.391
499.145
1196.283
3283.633
178.216
367.180
1406.823
6297.997
1573.720
806.157
478.353
4104.296
267.457
2893.933
521.942
1404.105
538.987
62.217
218.975
151.230
149.824
1774.002
241.987
333.968
259.026
435.975
804.786
178.105
4485.533
5.877
49.667
1166.458
380.727
793.571
11.597
535.670
439.064
1350.830
27.717
1456.422
24.332
4878.577
242.446
953.909
1459.531
4886.135
1406.304
112.288
292.019
457.631
4630.076
482.447
88.653
564.539
735.576
2087.791
2452.425
3780.486
673.397
537.308
216.342
102.839
2711.226
316.409
223.744
483.667
229.471
770.010
1779.372
1182.987
1329.384
43.470
473.757
356.082
1212.991
44.400
4212.871
268.806
72.200
818.034
2985.622
2168.620
620.903
3223.716
5510.415
5448.529
2863.915
672.110
3635.036
104.859
3770.685
8446.305
15.276
684.474
1464.751
198.840
780.027
2991.835
1257.973
1236.391
1774.492
882.629
795.285
198.834
196.486
5096.987
4.307
2.784
93.852
1226.479
41.488
267.919
6893.546
7756.999
832.367
2214.374
312.378
333.620
46.466
248.773
4997.759
4070.426
1.534
1859.505
364.541
2374.862
1502.655
1023.177
2589.655
3210.024
313.583
2588.097
3666.919
286.336
82.802
214.184
4099.534
215.662
3994.915
41.123
11.677
95.619
518.098
593.167
7025.758
2823.257
10.630
3.666
2461.520
486.065
1943.560
5966.289
2788.556
2900.083
805.262
2530.106
2415.128
3492.594
279.710
5600.616
1822.188
2081.738
58.988
739.606
127.512
1577.012
1576.133
1763.266
140.427
69.113
744.171
44.096
1205.276
1050.470
127.548
838.571
2768.110
2011.937
1104.766
26.958
585.401
16.208
43.185
1061.917
714.231
902.855
263.465
558.489
2289.549
255.718
907.818
116.906
3791.132
985.782
531.522
209.931
62.714
6799.495
14.666
95.325
52.296
2362.475
308.881
51.055
90.290
3078.254
4364.155
551.924
204.994
272.229
82.551
183.920
962.853
374.493
337.931
2987.154
976.852
337.404
0.599
187.056
79.811
523.681
465.494
1196.487
2610.827
80.505
1136.274
2477.120
52.629
2619.960
721.478
771.268
160.605
1131.807
356.346
2297.742
5.772
2926.883
2798.564
122.646
1917.421
5.758
268.168
1324.146
231.118
1685.943
1371.350
242.982
250.435
862.375
418.757
403.800
827.551
10.578
1876.590
9.873
1249.674
81.154
751.349
791.020
2111.274
4858.665
1331.284
380.045
1022.727
143.794
549.868
595.110
334.802
1790.220
1061.054
544.467
2212.506
823.902
3235.089
2582.470
1504.585
128.150
180.521
2264.069
439.361
61.137
35.499
96.889
24.577
2221.190
252.381
1537.805
3645.344
1583.888
100.568
208.991
86.228
205.271
518.345
2262.487
104.481
891.514
681.149
2496.802
253.942
1360.152
3401.435
1505.360
0.229
209.378
3859.669
98.936
562.775
803.891
104.916
261.899
5652.075
20.166
5853.055
3695.756
258.000
422.578
180.600
379.926
1777.330
561.056
784.204
1262.590
3565.724
3043.957
4493.459
1239.004
81.753
625.897
1422.514
7499.437
1199.307
211.271
1038.465
1758.806
1043.130
1364.573
2796.482
325.952
5606.045
26.256
86.992
794.537
653.060
849.794
125.023
167.549
1044.519
747.871
880.293
417.895
22.258
785.131
22.808
39.224
187.271
15.123
1191.866
2206.845
413.422
8.421
2388.263
84.903
182.649
4561.177
2791.643
1298.736
237.957
924.416
1429.901
110.577
3001.665
59.207
4630.108
2136.871
159.486
145.945
1443.749
228.846
143.191
518.435
1360.691
297.260
343.044
901.394
132.518
266.285
192.638
29.164
1907.135
5874.529
777.657
457.830
1219.177
44.199
41.612
3003.730
953.502
284.172
863.685
808.327
63.177
1434.066
377.406
2134.640
5518.767
3155.229
123.210
48.722
672.479
31.246
2366.593
315.018
6.791
858.455
116.288
228.760
102.643
562.611
135.696
1630.698
629.978
178.079
35.589
6015.803
0.875
707.489
1204.751
1088.060
656.833
6.850
544.014
17.638
1557.750
2401.273
99.943
1610.284
3610.881
11.778
4588.493
734.328
181.052
2961.486
497.871
2190.674
4921.605
2605.516
226.268
648.387
1449.923
1312.832
1751.497
1113.292
3361.368
1077.866
2110.024
262.454
947.451
598.733
1597.039
1040.389
2280.719
38.788
182.748
1357.374
327.093
549.660
2000.707
724.825
1858.696
65.679
427.249
856.112
10.540
2000.399
204.859
733.586
3427.886
1736.002
554.674
170.231
281.240
167.545
2402.676
293.975
579.867
3478.179
377.586
93.010
5285.612
1817.733
2173.337
986.059
333.948
2343.610
2659.999
2335.884
30.035
769.400
194.851
4654.451
729.284
434.962
167.842
1291.737
751.142
1719.732
129.130
302.566
396.999
609.315
1043.442
36.507
620.035
232.931
422.832
1377.461
383.749
4809.141
1520.967
1067.804
624.798
3.067
373.538
102.577
32.145
2715.324
1133.429
141.213
614.409
1146.405
2324.273
366.866
4056.767
696.957
1.520
300.140
1371.023
454.161
479.090
5623.969
738.274
135.137
11.120
237.126
1886.223
0.014
249.124
543.058
590.153
987.621
398.220
31.579
2692.420
1871.122
477.262
962.930
1178.392
2313.765
163.146
1572.102
291.959
159.221
1958.957
2353.300
1855.929
1035.730
1222.261
136.397
384.858
1028.628
1451.674
2207.536
333.500
713.827
1015.573
36.726
573.448
1271.622
2003.807
1760.908
89.419
4498.729
1709.211
3117.285
593.552
4163.393
195.701
551.312
37.766
1391.373
325.826
1721.270
120.338
897.732
131.978
260.855
853.202
2945.361
1116.976
359.691
128.643
643.596
1926.985
620.831
75.518
4426.009
463.787
15.039
2252.525
86.961
1011.070
1159.739
1289.973
666.404
204.947
49.889
103.973
1193.563
90.295
634.611
79.594
1239.661
9.335
664.963
1212.642
1930.913
1735.145
4465.811
87.829
3655.336
539.385
893.856
4.211
1847.126
280.845
371.111
137.846
860.261
25.541
61.875
584.025
1203.314
134.605
172.278
2503.683
116.676
3271.093
223.577
1913.316
469.498
2.646
3126.064
66.167
495.206
260.502
1468.643
130.803
19.658
8142.865
806.196
379.247
1079.887
320.358
2049.289
2975.399
212.452
743.928
456.027
204.651
2569.189
228.916
236.718
745.997
82.101
1231.807
372.240
78.120
1884.380
25.518
293.924
2.234
2655.277
1849.756
38.535
1140.239
4577.461
1063.379
1273.222
1357.069
9.975
715.466
471.376
1.935
978.161
1475.690
18.557
545.225
1482.283
2114.980
2922.758
3172.582
140.116
66.365
3123.667
962.223
1283.428
184.619
490.615
2982.852
6412.489
6012.920
1539.090
34.946
976.876
153.088
818.045
2296.158
323.073
143.529
1876.389
491.058
1507.652
760.879
1616.865
172.245
142.134
2121.014
3645.110
1464.290
182.947
873.517
478.297
283.339
867.880
89.447
23.966
1891.634
705.365
344.042
1865.700
600.295
358.692
187.125
54.739
4476.481
1786.002
15.311
2210.011
6408.517
1172.662
294.103
430.429
112.740
1061.274
1756.851
421.139
179.779
1.861
2539.543
57.833
1895.416
68.237
4180.961
57.457
3891.887
429.747
1405.420
297.706
1804.514
3632.316
769.671
292.940
755.386
1088.304
435.952
380.367
7271.294
68.935
732.216
57.133
735.553
33.240
5477.898
555.575
140.183
30.456
362.377
741.109
108.303
2701.735
131.048
40.429
3199.448
2235.419
769.823
2043.413
306.866
2059.469
606.899
420.040
1626.070
209.783
64.391
2420.577
1207.360
44.375
225.342
1276.821
97.778
1827.052
3392.831
209.508
4334.385
980.919
1192.345
1657.004
299.331
498.817
223.732
729.017
333.531
68.909
3964.860
188.569
408.997
105.978
4983.421
128.924
5409.329
1047.014
3022.429
5889.230
19.080
23.456
4.455
1130.379
115.646
2043.046
752.110
451.923
6792.470
1188.910
269.732
340.256
831.494
772.417
948.242
102.725
61.724
217.760
612.549
1380.148
708.844
2288.465
1425.738
68.266
797.721
29.897
1252.932
2318.178
2057.673
1761.986
129.543
258.735
166.232
496.458
907.879
2663.757
97.185
1202.916
953.944
293.982
3204.968
91.372
68.101
6.121
83.657
1267.657
601.366
840.326
133.220
986.881
1114.085
13.945
234.474
138.043
961.419
2450.940
2312.057
2038.167
670.973
1569.817
664.567
142.126
1318.384
615.172
4627.720
207.099
7840.116
15.688
106.440
2229.920
3516.797
2729.218
5903.376
1922.071
3983.115
186.489
1853.059
2010.141
953.701
22.247
1135.927
129.906
146.119
456.721
84.309
4378.921
175.976
1771.836
33.289
1943.037
790.176
704.962
954.101
480.492
3395.496
212.454
2989.688
477.066
816.651
118.719
1388.731
249.704
7.798
6170.924
1629.636
535.563
4660.881
670.070
1018.267
945.415
2186.001
2077.817
75.424
1514.085
2657.201
4412.083
325.446
64.514
1025.117
7454.614
340.393
2575.008
47.106
460.753
1.119
448.276
419.935
45.896
552.480
526.118
596.530
2846.564
4262.197
3419.555
497.666
6664.328
2961.811
101.012
1914.533
2027.970
4623.905
129.160
20.660
1190.607
3115.062
5402.574
1733.243
926.041
3577.479
4302.696
318.927
91.293
4886.885
73.587
250.704
2588.438
57.194
424.551
862.011
560.377
121.673
903.288
161.771
1599.364
2166.193
740.133
109.066
947.987
292.374
3548.200
725.625
646.117
123.755
1651.247
547.818
290.124
4230.491
1004.691
2728.497
1296.196
2055.902
1998.705
2179.057
105.588
639.101
842.611
35.158
144.164
169.152
64.426
1034.457
1284.268
248.724
522.785
231.971
16.521
441.597
5.434
3104.965
6.718
1548.982
522.428
339.301
1871.419
92.877
7156.500
348.245
2312.644
1657.937
334.340
3732.960
127.801
348.179
519.422
603.359
101.686
86.185
26.291
3138.812
5557.883
312.912
26.582
210.552
320.294
478.636
579.385
515.065
169.529
65.893
372.253
1022.271
5000.339
899.033
4241.975
1642.203
82.199
769.665
2808.940
2205.916
2098.195
40.274
1967.574
1834.929
779.072
18.247
1433.592
170.846
677.859
67.981
193.794
1432.947
1285.136
2793.099
2196.186
1025.200
1823.663
85.080
2773.686
5468.339
138.011
651.025
3111.047
216.651
325.905
82.706
6.538
4224.188
1749.077
1000.399
118.629
415.051
1037.929
453.578
475.130
977.275
259.431
438.021
2750.312
319.189
1793.293
260.468
598.459
2613.539
148.767
41.538
414.820
4923.797
751.922
91.272
145.010
28.361
23.381
353.115
153.734
840.391
2.787
2094.436
154.836
2084.112
471.773
103.129
392.218
588.430
1170.313
1984.101
1792.668
820.614
75.699
71.529
1410.215
104.283
1005.303
0.230
4197.837
1358.103
1243.584
47.427
1330.383
5108.768
1483.905
710.466
188.917
13.996
4091.951
1708.042
133.472
617.076
1310.363
3523.318
2500.163
283.027
559.306
1573.431
1.332
1091.074
2429.212
4272.738
271.464
2125.294
3779.775
336.634
724.051
458.262
455.815
2106.831
269.272
264.544
11.205
224.419
3453.073
20.163
2104.123
35.483
430.674
1038.216
1134.419
1271.571
1201.203
342.473
80.894
238.241
947.328
627.269
392.759
1378.523
1361.700
34.321
109.499
2601.573
183.484
76.424
265.947
548.607
696.273
856.023
2145.583
24.160
1.903
3714.763
236.215
3403.254
1090.769
1253.429
7.747
1559.630
724.951
570.203
587.145
376.993
1685.533
4770.643
36.134
817.153
2569.995
1699.833
22.029
169.443
102.528
177.665
123.624
3312.484
662.651
58.410
578.605
271.901
2562.619
1277.744
24.432
1502.680
21.550
1749.827
2882.526
614.361
613.416
4.486
293.511
4642.866
104.539
19.923
2217.123
184.776
203.393
493.790
87.417
3443.026
5524.149
2769.643
1541.551
620.493
12.709
1820.436
546.722
112.672
587.625
2413.815
768.406
56.581
2550.527
126.938
114.939
4606.474
54.694
3612.789
2328.961
3546.334
3156.208
597.440
5672.183
666.026
18.087
11.794
5009.547
33.568
760.360
2493.694
119.938
424.059
43.729
763.691
211.754
845.322
247.721
139.643
210.458
662.289
996.411
125.923
3950.543
345.591
1004.106
36.763
1390.994
666.810
1074.822
5457.441
244.248
155.308
1295.595
40.387
93.122
271.954
60.904
1410.199
507.715
1186.505
6611.064
861.469
113.893
1156.124
252.080
367.168
565.743
3823.538
36.760
933.574
2463.950
4947.857
973.421
5.515
138.855
614.621
1151.567
228.171
62.461
468.762
223.100
150.288
22.695
3.011
835.659
327.844
1019.250
1594.308
251.382
471.104
531.876
277.427
354.049
130.751
2511.290
409.747
2119.242
417.544
1104.783
1.967
216.923
4094.703
123.337
282.307
140.412
647.823
830.569
94.752
1179.364
150.680
429.272
748.466
0.193
372.558
1858.779
912.398
2849.473
910.834
155.104
237.649
4499.643
4765.461
2720.930
3818.925
401.353
1.842
9.518
3088.562
1342.337
1750.390
29.333
765.908
1014.862
1579.042
463.922
990.993
502.649
1195.075
704.212
26.557
3325.907
1431.331
149.436
929.548
29.156
338.103
1816.692
2823.435
514.759
5186.452
65.242
2110.153
866.899
3009.069
4055.163
128.384
57.299
1737.732
1201.969
531.684
2387.716
161.096
2252.148
551.067
19.703
7292.672
345.200
382.328
2734.239
9.983
3580.056
121.758
719.878
1351.893
6.668
237.955
1250.570
487.721
675.156
7.937
2756.253
117.316
25.919
4767.426
55.265
4216.333
372.167
64.885
2866.584
398.281
632.448
6517.980
19.877
2636.556
250.674
1397.704
1047.008
187.723
733.522
1269.508
79.166
618.185
648.594
2501.806
69.069
1961.397
703.046
2258.318
2694.951
146.309
26.137
1382.319
186.431
877.494
12.341
1295.339
526.888
1113.116
1450.245
5506.922
169.499
11.078
891.193
1307.563
823.532
655.176
330.233
2186.321
89.359
1818.630
626.825
170.868
944.719
110.865
2768.119
175.446
3298.682
13.049
307.602
1193.928
2625.562
153.671
4388.065
659.194
17.252
2272.781
341.301
474.517
646.584
1233.237
2264.521
1088.958
323.419
333.544
3056.228
2162.592
63.511
1425.669
330.976
814.425
144.337
1102.545
4400.969
41.203
3725.742
1262.184
2459.237
5911.186
1111.862
507.990
283.182
2337.980
390.717
1070.048
649.270
38.275
61.867
2704.240
651.157
152.468
31.623
1182.679
1674.350
4281.260
3005.601
3142.403
2391.313
333.749
3330.951
139.822
562.386
22.938
587.954
1660.240
531.991
1908.304
18.407
213.909
312.786
2692.015
289.607
3132.011
1035.731
3566.012
190.106
1204.854
116.729
801.866
669.677
153.532
125.814
547.199
1595.898
313.372
1714.875
159.128
1231.384
225.377
293.897
5491.345
1807.803
501.689
566.151
1242.564
3244.938
3237.072
1111.512
88.360
506.449
2529.940
687.084
653.129
1024.467
25.207
40.180
275.373
970.739
393.724
287.219
813.550
51.934
2027.117
194.987
573.036
1234.542
570.709
376.961
2.948
234.831
1028.271
65.199
1599.892
433.544
30.282
675.385
2438.614
127.408
2739.084
133.086
1249.659
531.169
65.673
2588.393
2304.968
141.500
367.764
2847.434
1814.014
5961.284
226.060
45.394
1064.909
4598.832
45.207
4078.798
483.878
1238.068
112.603
4336.597
124.157
36.656
149.492
694.272
194.181
1358.517
57.779
60.475
1459.278
70.334
5753.889
896.002
350.614
1270.370
814.961
82.948
1056.796
1270.836
1622.401
101.161
64.503
365.803
109.916
489.515
1427.216
429.494
2180.474
593.528
48.449
844.496
3359.141
918.266
1030.157
2070.224
1116.697
754.988
2051.456
113.385
111.670
3149.793
54.434
65.621
4181.946
465.860
84.155
308.604
721.131
3114.026
340.078
45.386
1925.294
434.552
1608.570
421.443
988.978
969.562
202.366
5847.866
107.307
91.766
1103.112
1767.603
2571.392
743.704
728.564
441.181
2339.423
1118.827
39.687
42.819
5336.702
301.480
