2
2
0
3
2
8
9
5
11
8
13
9
15
16
15
16
14
16
17
20
20
19
20
21
23
25
27
26
31
31
32
29
33
34
32
33
39
35
39
39
39
44
42
41
42
48
46
46
51
47
51
50
51
55
55
55
55
56
61
61
58
60
64
61
63
68
65
68
71
68
69
70
75
75
73
74
74
75
80
79
83
81
85
86
87
84
84
87
91
91
93
90
94
95
94
98
94
95
101
97
99
102
100
105
105
106
104
105
106
108
108
109
115
115
116
113
116
115
121
120
120
122
121
123
123
124
127
126
126
127
130
129
131
134
132
133
134
140
139
138
142
144
142
143
145
144
145
150
147
151
152
149
155
151
152
156
159
156
161
157
161
160
165
162
167
163
167
167
168
170
172
169
173
172
175
175
177
180
178
179
179
184
180
186
182
183
189
190
187
191
190
192
192
192
196
196
198
200
198
197
202
199
200
205
206
208
208
206
207
208
210
212
215
211
215
217
214
220
218
220
218
220
223
222
222
225
226
230
229
229
232
232
233
234
233
234
237
238
237
242
243
243
244
246
243
248
249
246
249
250
249
249
254
253
253
256
257
259
260
260
258
259
261
264
266
266
264
270
269
270
271
272
273
271
273
275
276
277
278
278
279
281
284
281
284
284
287
290
288
287
293
292
292
292
292
293
295
298
300
301
