-10614
28666
97408
-41454
-61121
-57363
29430
48468
15765
24683
77551
62777
7551
-53559
-29795
-16291
49781
-23132
-34567
39279
53335
69850
-42265
-46246
-75947
-94972
-88903
52017
-99947
-86889
-31442
35898
-92468
-88214
-53384
40606
76929
43055
50178
-23112
59591
89931
-28009
-80274
77451
95678
-97827
97540
-71986
71152
-8903
56799
62275
49076
-72204
-82650
20759
-97526
90318
-75115
-67046
54782
-59222
95071
-32657
-71551
-36330
-70818
-41383
64693
26521
-41569
10180
-33100
-71621
85145
22687
21166
8910
-54617
-49951
-74457
-93174
92886
91710
33329
73037
-71717
-97170
20726
16192
-61662
-8137
74220
71051
-53092
82836
-5191
15811
-38461
-48138
-27000
-54531
79225
21005
34981
95031
80901
-54286
-80969
92756
-15977
12502
84790
39232
29302
-5979
-98271
-40898
69990
99288
82232
81311
-38690
92907
-90665
58094
-43789
-45708
44934
14037
-31181
72548
-29204
83587
-6216
-35964
-52656
-48761
93157
48389
-60402
-80926
-40513
-74203
89863
-16196
-66498
67137
-993
-40065
37648
-64197
-20009
-24057
18375
-55076
55444
-97784
94249
-38453
41991
35800
-87058
64993
-44164
11928
79142
50532
93237
28345
38056
-57757
-88582
73365
63779
-29850
74478
60698
97476
-19778
32385
-23220
6032
-89620
74503
-66939
99554
80789
7270
55586
-15174
-11607
-83379
12423
-8726
-4077
-94580
-8030
-29755
44707
6342
17028
18740
76440
-99332
-71539
-86052
97554
-35262
1894
-6274
-28236
-47117
-42021
-80283
-24080
-26770
-42592
-19531
41981
57860
35438
-20195
83195
-42705
26878
35921
34199
-45420
2223
89
97688
-40633
91534
75439
85559
-94017
-37968
61665
45622
72076
-75983
28345
50030
91492
40603
-51693
-75106
-4368
33170
3187
-19437
86013
35916
-36479
55373
7908
-30605
32901
-53122
43578
39024
83928
-29923
9138
-35206
-91583
88846
-95136
38335
28587
-27023
-74667
-55341
49706
86249
-51197
-30704
-7313
28025
-18989
-55278
53404
-50092
-65681
-30454
52402
46645
-63970
36518
26966
-76924
-97125
-79875
-37916
-61571
-88050
92129
-80673
