0
1
2
3
4
5
6
7
8
9
10
11
12
13
14
15
16
17
18
19
20
21
22
23
24
25
26
27
28
29
30
31
32
33
34
35
36
37
38
39
40
41
42
43
44
45
46
47
48
49
50
51
52
53
54
55
56
57
58
59
60
61
62
63
64
65
66
67
68
69
70
71
72
73
74
75
76
77
78
79
80
81
82
83
84
85
86
87
88
89
90
91
92
93
94
95
96
97
98
99
100
101
102
103
104
105
106
107
108
109
110
111
112
113
114
115
116
117
118
119
120
121
122
123
124
125
126
127
128
129
130
131
132
133
134
135
136
137
138
139
140
141
142
143
144
145
146
147
148
149
-24488.28796004417
-20812.156158744234
-1512.2413129168078
-27352.508502191216
-9951.319104621665
-12732.098280171807
-54284.927277872535
-15071.87600919983
-35637.13790490221
-44478.894227588025
-5294.413077573629
-19626.274042956025
-87161.52024074171
-1041.7209934796874
-52824.1944248141
-13342.091781338248
-75457.69096721814
-7011.5811646205375
-46313.96383318845
-20804.91614606808
-12483.685172116857
-29749.38840731642
-35381.15990273948
-11477.590892217757
-14017.806758229486
-41555.99176732157
-1496.9185564845352
-15047.00015626714
-19352.085354971114
-393.73503470076787
-37780.68350549889
-2343.218649748058
-3453.959973299337
-42103.6430942718
-9806.9881212713
-45736.34699052493
-27007.98989990168
-17615.825484311044
-34444.24650321843
-9847.846192505878
-11765.748815155153
-7250.62996954554
-42425.7305015464
-2861.5739448891486
1342.6462677413797
-24935.094878500713
-16306.901647858844
-55107.65423342457
-11706.740124478285
-512.12015623707
-5650.726259183704
-26073.779429980583
-13384.90494130865
-12584.246558851173
-32322.282203053506
-3083.720394829078
-42601.8351327275
-28473.29742390914
-1936.6523903108373
-30981.625834495982
-16036.795709846216
-36720.60293159841
-6.784069167791049
-7693.650928354874
-11324.242961387728
-6056.923957335312
-49870.83551699038
-21631.233454621648
-7967.306083838738
-57903.48523639147
-589.6449364757543
-31506.717637239413
-13436.612819687034
-20288.55687397017
-30169.40547483138
-6220.946733468126
-19261.5360940194
-21547.08067717619
-57183.035672188256
-56000.818278972954
-6486.612219938559
-3229.489466850871
-11099.705885375122
-25975.176453463413
-48430.78598086069
656.6702704195415
-49406.59989983618
-2681.2772030293017
-8413.858628551146
309.9061894697314
-35729.04911566375
-26559.4999669558
-69630.89221289459
-22570.552022640954
-5080.763404501474
-79382.94891167487
-5599.390794449447
-45196.18205708672
-68537.98798509607
-4091.6206518979325
-2854.2680198881394
-12621.669673463539
-11488.968757773659
-15365.996277997237
-29910.71573716637
-15551.784641294098
-45019.446875555885
-10785.140865668069
-26352.251754606536
-20927.280114635723
-831.2022346614765
-22844.382261282935
-8172.233322125101
-16585.156924375406
-87292.60095877909
-25496.068064765353
-25638.4783882826
-8234.455888322022
-33282.36324321376
-18543.05652680481
-53890.383970787094
-24313.712737001933
-10283.91137439243
-9318.147392355006
-48849.15541254403
-75961.96816479399
-43694.49682995953
-22960.780400154454
-10186.898177568934
-137.16338462670907
-45609.09131421312
-4469.456426382042
-58674.53038757386
-33619.97617242557
-5035.679566949972
-36001.496225546325
-15082.464382063892
-7221.417500545967
1047.3541291852575
-2665.636740119481
-561.5858738202659
-5209.688374418093
-37723.0473404782
-79047.64521616265
-33058.194599804265
-5625.0866116243105
-34204.19787367871
-19140.276509577023
-4552.953533896015
-41410.176450470586
