472.920
4836.285
123.896
1523.128
4593.837
1443.910
4007.150
51.283
1561.069
382.017
619.981
1527.490
1422.799
849.140
2246.999
45.162
43.065
57.737
1216.020
2988.483
1514.820
4206.051
285.571
3182.951
545.629
2002.803
853.044
4925.540
1433.649
28.003
3511.490
1159.067
774.908
2174.548
41.234
1762.925
51.316
4444.538
0.115
6.942
1664.052
2866.066
1379.197
697.684
1542.177
3433.409
617.186
175.862
864.461
241.980
1168.598
3160.012
4256.563
148.085
3007.924
865.063
203.626
403.495
954.678
3353.219
1049.693
1200.907
3806.854
38.178
462.051
16.302
1116.948
4403.659
494.808
1160.283
668.851
122.376
760.392
927.529
2968.155
3.530
3.762
628.896
195.942
824.142
289.754
82.934
1491.880
249.644
43.068
1038.567
85.346
91.042
627.458
28.634
1551.301
14.507
756.641
578.542
1513.576
719.204
4124.670
1763.056
17.438
1977.246
259.230
49.678
12.301
1050.504
1026.624
192.473
19.362
4876.894
179.819
3897.930
9.314
2179.684
42.969
3543.020
41.186
70.846
388.623
673.590
834.915
2133.715
175.984
108.213
1539.024
1508.025
1888.495
926.698
608.408
503.623
336.356
199.366
29.194
501.146
1988.595
460.189
126.954
124.564
391.372
1039.843
2896.501
223.873
1426.698
132.843
672.019
2000.905
395.226
1726.081
1499.924
1759.857
2394.132
1075.889
151.231
1186.989
160.745
522.296
1278.260
421.263
140.433
46.554
559.209
2695.651
652.387
20.958
550.888
682.609
2287.245
168.379
1769.362
167.629
2426.078
510.922
1212.459
19.859
271.869
287.048
1271.262
504.513
1002.199
88.670
178.687
200.942
2945.964
1951.215
3936.104
61.692
254.118
30.702
225.317
222.358
750.116
51.330
1378.660
479.469
1223.699
2632.249
54.791
1502.229
2797.774
3745.329
1651.277
438.651
2175.275
2017.035
4680.195
8.984
1160.068
2396.253
1469.030
3081.573
2407.365
13.195
1891.224
1013.595
916.328
52.833
260.114
1538.713
98.401
53.823
1070.524
878.114
832.110
520.275
5870.711
1993.869
1899.066
2379.246
3442.385
1543.765
1215.265
2218.844
4258.597
566.257
48.191
995.200
97.117
1018.419
606.658
1309.743
955.131
169.047
1076.869
3824.093
117.521
4.088
30.416
2622.686
741.877
1668.565
855.166
448.001
4639.997
856.662
1240.682
488.831
2912.846
9.487
5012.570
1791.607
1482.440
137.280
638.150
939.178
36.107
4842.011
32.771
1480.723
134.098
165.039
88.149
1361.452
515.800
57.361
526.878
4111.688
5255.785
245.089
3725.686
394.112
1416.013
2873.461
8072.582
3793.284
83.990
167.961
78.564
17.114
892.242
3859.182
2712.184
198.009
260.756
1787.678
5971.323
194.799
567.795
1573.094
659.156
2771.680
1278.237
5320.868
