7
5
6
5
1
10
6
6
4
6
1
8
0
1
7
7
2
3
6
8
2
8
2
7
4
9
9
7
0
1
6
8
6
10
10
5
3
7
10
2
8
4
0
10
6
4
6
5
7
1
5
9
2
4
10
3
9
8
5
3
2
3
4
7
5
7
1
0
4
8
8
6
9
6
7
0
4
10
1
2
7
4
2
9
6
10
5
10
3
1
3
4
5
8
6
7
7
4
2
2
5
8
2
7
2
0
3
2
10
6
10
9
1
1
7
2
0
8
3
5
5
8
2
5
7
6
4
9
10
6
3
9
0
9
7
4
8
7
2
7
3
3
3
7
7
10
8
10
10
10
4
7
5
6
9
4
1
10
8
5
5
9
9
8
10
0
4
1
0
3
3
9
1
6
8
7
10
6
7
4
9
5
7
5
8
9
10
10
1
4
6
9
6
1
7
10
1
2
7
7
10
6
3
9
8
3
0
1
0
3
6
2
10
0
0
6
3
7
3
3
8
6
5
7
5
2
1
6
9
3
0
6
0
8
2
4
0
3
7
6
3
0
10
7
6
3
1
10
8
3
6
4
3
5
5
10
10
1
9
5
4
3
3
10
8
3
6
9
1
8
9
5
8
0
7
6
1
1
1
3
10
7
10
7
6
1
6
3
9
0
7
2
6
7
2
4
3
6
6
8
