65.405
22.113
2500.275
230.154
31.721
1447.662
3076.828
303.103
202.670
187.912
969.195
116.095
104.441
3204.841
1913.837
5900.668
2717.581
2805.304
1419.966
285.533
2626.394
60.376
940.595
1602.394
2093.529
143.509
402.490
1225.197
98.242
92.046
496.020
279.040
884.647
947.041
1851.512
624.235
109.493
1836.860
269.923
96.303
4814.084
69.797
2019.952
5645.040
2449.442
720.887
2678.627
2184.994
237.421
538.166
1002.672
1709.375
1398.824
893.666
240.158
110.547
630.773
105.028
1081.046
189.771
416.017
144.923
3139.455
943.031
556.068
2930.424
354.205
2610.434
1739.525
2988.580
229.815
219.844
921.599
971.033
390.331
61.947
1074.089
3105.286
253.996
895.105
356.420
2630.986
586.284
575.746
146.505
747.554
1137.801
979.217
119.129
244.804
185.669
457.738
141.798
23.780
45.094
16.436
34.409
1017.583
334.212
290.637
2696.358
238.192
5.112
207.656
4591.562
155.371
79.100
39.556
1073.037
751.010
481.785
10.797
538.972
748.248
1849.381
3881.776
4560.772
1040.456
160.137
278.899
344.067
547.128
963.244
1009.698
2045.037
570.889
701.307
1843.580
122.115
3112.328
1847.893
66.131
2.561
1727.244
1921.400
1011.267
2278.909
949.648
692.968
41.405
1083.299
1375.157
4389.943
200.293
997.120
753.417
822.509
3788.708
881.328
1130.604
431.197
369.506
2412.226
390.513
651.833
1382.028
1290.031
577.075
1039.398
2020.614
35.241
4498.231
164.634
507.381
256.409
4195.851
2080.234
1190.887
8388.857
957.190
6.550
358.379
2581.617
2575.771
248.709
160.217
318.233
618.019
17.934
1283.260
3492.544
72.675
294.909
943.772
1522.028
54.848
279.624
5818.393
257.766
219.066
970.506
1645.713
174.934
4220.092
149.437
740.079
3218.533
125.317
210.516
2367.520
827.103
5176.248
6979.946
76.828
3.326
471.953
1224.706
1467.034
1604.206
608.920
129.981
335.679
1433.868
3031.089
492.093
981.443
5254.988
3349.737
255.941
622.005
1112.642
993.579
316.299
1306.506
1862.017
566.144
810.093
71.780
571.616
924.380
921.628
5306.943
1893.241
5.330
6199.507
1937.236
251.762
375.231
380.278
171.106
42.166
5164.269
55.882
2884.922
940.288
160.162
107.810
443.122
38.173
65.231
193.444
1524.697
517.688
1218.772
615.352
1205.940
272.649
169.068
1477.538
327.481
1268.139
263.811
263.784
1642.495
2529.799
5657.198
1139.741
3684.380
939.242
132.173
678.106
3186.075
1817.913
1360.344
8.788
32.316
6369.716
124.594
414.304
277.019
199.379
122.520
149.019
4048.675
178.288
571.413
81.230
5737.050
6352.866
1446.391
1129.892
205.031
1835.380
412.813
2834.874
2765.157
113.368
175.505
448.133
931.630
554.605
106.439
581.217
75.276
1695.544
1771.132
1073.161
2589.037
288.016
3990.453
2651.247
428.410
71.083
150.750
76.012
74.618
1924.101
3160.859
667.300
1170.171
234.392
1293.259
1964.046
1019.736
5037.363
1724.258
84.256
278.291
801.828
383.442
365.206
432.090
2102.220
1190.378
1010.027
30.585
141.584
1850.158
339.466
173.425
239.507
45.911
1865.680
1862.092
13.233
19.291
207.062
25.671
1162.449
2602.028
399.703
2640.622
832.949
3808.239
747.656
3322.217
196.560
1001.328
426.671
102.152
451.961
190.737
158.263
680.207
5594.236
187.591
506.268
13.231
1551.635
29.133
15.975
1025.121
687.133
301.138
11.694
130.792
1032.051
1429.246
21.788
444.049
181.760
18.258
205.868
1842.661
1624.232
122.775
2855.228
376.021
207.086
939.261
195.979
445.711
169.322
627.908
1518.796
2897.080
15.364
3665.331
446.598
4042.659
16.552
541.674
1673.922
2601.905
248.261
486.406
420.055
2804.364
95.911
5405.768
1085.745
9.393
4415.669
1190.805
4138.585
64.517
4209.229
276.545
47.938
443.649
91.936
450.514
121.888
38.562
1290.092
2048.622
3001.798
1890.057
741.409
543.873
508.249
37.468
1693.271
641.636
4541.633
899.551
618.191
2159.505
154.934
1757.692
2091.398
361.347
6749.532
385.012
16.477
709.811
4858.665
482.327
2552.719
1621.897
1362.858
12.491
1432.759
309.036
3720.778
310.411
338.832
2649.824
349.813
3942.849
273.920
1698.317
1105.501
5469.033
215.317
510.459
82.534
830.028
1508.812
2168.616
7845.409
127.077
1342.619
3631.743
736.918
20.935
33.556
1227.662
643.692
287.564
7455.574
13.021
65.390
127.126
486.379
365.632
8583.599
3539.292
2231.600
136.296
194.113
7865.172
1704.925
2092.948
1443.694
797.262
7565.819
204.359
27.379
1014.568
1282.997
2505.297
800.400
31.179
164.055
598.516
146.283
2872.194
1906.369
156.516
3672.253
508.649
1195.508
962.309
4983.844
933.331
4940.178
442.483
2197.622
335.735
260.517
57.448
1161.228
1929.290
258.361
451.212
1002.540
2795.015
862.467
289.259
439.180
822.726
4820.862
35.796
1507.433
448.638
1182.787
2955.199
976.110
1322.577
894.581
3747.978
44.543
565.549
623.792
5462.060
1070.039
1099.307
3.368
1767.918
3303.216
1313.928
5385.464
23.967
3520.056
3041.687
280.623
3422.118
742.070
2554.439
6.701
338.003
5222.651
2733.521
497.245
1461.041
1248.280
137.779
469.389
1319.024
1252.395
838.484
378.583
11.302
2923.214
347.320
138.203
52.790
17.295
1517.641
2329.326
1095.138
640.237
575.124
641.260
724.418
449.858
161.945
912.931
2228.721
98.037
103.144
444.164
4656.919
23.385
1605.250
4862.380
68.508
316.104
143.971
375.350
526.569
3958.342
4096.138
3940.827
853.750
192.139
109.882
144.506
6743.878
3741.865
3701.401
946.876
291.229
632.773
2966.314
322.730
2.351
6.271
774.735
72.471
570.918
676.976
44.580
2300.330
101.381
1483.241
1122.484
3237.345
3769.923
4896.449
1055.179
3876.112
4.997
64.775
619.089
832.728
877.051
2097.474
805.949
691.792
3171.905
884.061
1359.081
475.842
619.582
452.870
290.062
10.097
676.245
1714.328
277.320
404.222
529.105
2085.364
112.880
241.331
1217.468
1323.857
53.050
59.869
886.671
114.614
2667.068
361.185
21.719
1855.446
1754.081
1288.354
171.031
432.140
767.637
880.937
895.442
2096.929
825.263
4650.752
1769.641
52.861
6234.586
1956.171
4939.337
101.660
193.317
709.684
79.975
1437.016
755.621
84.802
3057.459
4723.933
1972.256
570.359
569.142
1513.410
55.676
312.819
1965.178
1319.577
655.703
183.840
3702.492
7163.099
1475.662
2954.261
256.040
1755.368
467.779
1087.439
127.953
85.314
878.906
2517.333
510.091
3209.230
3002.200
2427.798
921.885
1068.178
1241.404
67.350
185.946
417.476
1213.063
302.378
2385.350
1707.698
68.240
205.575
372.897
317.573
726.212
150.270
7847.604
3964.948
131.492
805.010
673.588
3878.060
3836.463
566.803
5626.298
530.898
18.556
3160.180
248.892
792.305
17.405
710.703
998.679
129.417
463.730
126.586
96.656
4821.891
1982.599
4225.587
1277.431
92.547
83.582
1274.765
1316.202
1471.320
1851.447
3564.015
826.925
478.949
322.902
220.008
2104.942
3682.426
1675.645
811.671
312.059
52.577
2437.394
1752.054
1148.235
687.498
424.687
1198.632
2990.790
1037.591
1064.328
285.044
5341.490
2970.363
2764.913
1320.615
393.372
1162.896
6656.918
5955.323
3239.673
887.817
4254.596
2584.845
140.044
288.289
360.787
94.216
261.516
361.741
522.193
578.796
779.810
2395.100
4017.063
5.884
18.940
505.934
237.003
334.124
16.625
102.016
994.639
62.845
41.090
103.779
795.323
857.046
404.695
876.677
514.494
313.645
265.358
3255.437
2597.725
1471.784
752.617
590.021
106.222
1504.968
9336.210
343.817
1387.146
4558.126
50.871
276.036
1920.653
999.360
2287.767
1102.535
1050.933
686.392
1703.555
1805.804
48.516
52.634
340.694
202.992
2062.782
1108.087
447.326
1710.490
1162.816
186.008
1064.291
749.450
139.263
2042.193
57.654
1266.929
3988.833
436.044
129.622
1221.243
4461.007
227.291
4507.847
92.731
12.858
777.024
1950.959
57.123
440.476
1059.257
48.034
973.303
4019.526
2063.436
282.380
1913.493
5342.631
119.012
403.555
766.874
936.193
1.913
5237.186
373.006
1376.861
513.422
344.258
268.852
930.868
5627.636
1107.626
436.624
3768.625
949.918
979.083
58.569
2777.442
690.880
2537.631
4994.445
10.571
191.019
2165.963
2911.798
5499.835
6781.615
168.547
465.952
137.729
238.997
376.424
948.565
3776.030
1973.955
403.579
1029.198
1.890
69.566
186.564
935.782
8.796
30.035
581.491
163.496
1410.540
563.747
410.271
223.888
758.100
293.470
6186.497
2049.667
1713.147
43.070
463.152
363.795
370.873
2989.541
618.973
62.870
32.984
68.600
1137.051
840.865
367.789
1140.558
738.279
1401.335
204.544
540.880
945.748
600.959
371.918
1143.003
174.586
217.344
5037.322
896.750
2277.121
662.530
34.134
2695.731
1715.934
1581.137
98.223
3001.532
2407.735
97.076
1718.374
35.476
309.973
502.930
2663.708
3158.071
2092.906
245.720
1985.870
1253.966
582.789
987.233
351.149
1380.003
113.527
253.443
3225.529
120.962
3909.396
3401.114
1480.117
456.146
31.143
90.773
935.269
790.394
13.378
521.009
1790.193
1310.298
3883.558
5588.528
1863.444
675.400
4242.003
247.159
109.536
3163.592
0.469
1900.758
1101.287
5150.747
318.072
1044.903
262.395
462.736
271.380
898.973
1102.492
660.148
3341.873
2250.615
307.580
1191.470
2240.324
703.470
3429.143
3484.506
262.152
750.600
84.349
417.319
377.337
3850.310
32.392
312.005
209.358
259.631
16.516
587.397
86.395
1753.172
1329.264
630.036
146.384
5.613
155.431
300.992
3299.530
228.493
786.956
482.415
598.516
3585.615
540.863
697.375
710.720
2141.788
2006.227
3002.991
396.000
1777.099
604.168
4326.568
1014.008
254.403
20.650
582.230
3301.414
2901.618
498.950
2630.151
406.539
576.707
3414.590
2679.242
1037.170
3357.744
1440.599
263.377
4055.397
998.501
1529.655
100.257
278.459
978.650
2156.167
61.262
132.741
2156.496
386.066
362.163
719.062
4.933
116.420
1815.563
5.406
1541.595
310.066
0.716
1156.241
204.740
455.839
166.207
274.906
111.508
279.532
1692.120
1010.368
117.851
6713.649
204.288
2888.433
2454.452
5828.583
194.608
261.964
136.829
617.325
1098.576
5294.879
19.364
260.131
201.000
701.486
6060.919
64.789
3476.831
1419.096
1633.544
190.879
2580.917
55.496
1116.724
704.119
2513.974
810.452
631.856
558.910
2854.844
4245.697
950.628
69.402
13.140
1754.277
506.437
979.995
102.604
4439.238
577.744
1336.206
237.479
1317.070
780.954
63.157
44.844
1218.558
4975.088
4175.414
2869.554
33.374
100.825
3143.881
16.611
5197.735
291.076
1321.969
347.928
1122.677
2755.009
2708.546
548.620
2172.569
1214.438
3192.259
1799.160
0.011
7111.090
758.141
458.197
725.834
3220.658
16.603
1399.363
7996.400
104.647
614.436
180.821
378.702
135.149
2178.364
156.841
104.132
44.959
364.773
55.067
67.772
6183.857
460.356
1785.443
6211.854
731.896
132.240
3169.739
417.392
397.614
4057.801
1577.120
4309.855
35.845
208.562
417.903
160.436
10.522
4294.894
263.429
314.345
129.445
266.663
774.693
3360.493
311.188
512.719
71.128
77.389
1478.656
180.003
1563.194
626.113
1142.855
636.989
486.338
169.142
350.189
1405.246
2518.668
1610.320
374.489
2153.306
782.977
1574.277
2281.592
3269.883
228.480
2410.432
18.804
1107.939
51.159
1055.398
75.212
833.560
420.128
247.565
48.057
1671.750
505.266
3191.911
3936.414
1173.741
286.216
1922.451
1762.384
1767.853
168.703
141.370
1656.672
2039.808
664.664
1208.491
2872.646
258.948
991.416
1108.991
206.848
969.254
279.897
194.386
442.466
1271.221
575.791
146.496
496.618
2154.247
568.817
2979.260
1951.359
184.285
690.473
2089.498
4541.650
317.650
334.410
3053.945
875.082
15.349
2370.630
50.211
4828.270
3672.692
115.213
1547.692
806.791
860.637
2037.202
655.442
343.224
221.646
2691.411
7.501
3770.158
590.002
1323.422
5911.221
6830.546
69.288
2838.627
1484.150
670.908
398.804
1914.021
6327.001
2337.318
1.216
2986.666
392.951
1218.528
596.042
383.700
1647.634
1887.961
954.344
5642.905
1.008
993.451
846.374
163.519
141.692
45.700
6959.375
681.438
129.323
3386.224
186.071
1134.267
163.938
122.708
1062.889
782.257
5003.982
1660.088
4680.012
26.382
92.522
553.481
2875.547
1296.360
489.770
1463.196
69.036
121.394
2803.915
3441.869
204.582
88.305
32.554
40.619
280.103
308.839
33.022
3026.080
448.993
660.574
1754.848
1121.918
247.978
25.230
2075.010
424.825
135.190
5052.696
292.974
105.142
196.862
1010.186
82.470
348.398
2231.879
4189.932
37.172
222.892
33.001
83.312
381.724
15.557
1503.642
3410.501
6616.153
749.501
2762.110
3091.110
154.747
1976.355
1656.446
492.990
167.462
1064.432
399.915
118.274
3138.112
361.220
1086.512
160.250
6405.231
554.152
403.358
132.156
1318.031
2413.517
106.144
132.410
1859.042
427.683
1077.794
12.071
551.793
998.671
62.368
30.816
1689.417
433.243
2084.869
2933.847
888.478
5170.899
730.734
3678.133
1187.078
1983.395
100.902
3454.705
2630.062
3768.496
68.888
3113.547
4565.387
3132.322
102.100
4898.077
495.051
1650.587
2400.007
329.932
469.059
111.383
85.303
276.265
2569.405
1675.082
928.149
291.364
568.663
38.995
2363.555
312.579
1315.421
6834.328
25.006
13.799
1334.416
260.862
3031.249
3125.103
952.467
294.354
197.901
2648.612
410.239
4931.907
1003.044
1811.168
753.624
53.735
923.927
196.706
396.394
2392.812
930.181
126.373
2062.765
694.786
579.823
341.193
1597.112
703.470
687.266
725.160
859.696
2236.130
158.205
242.081
5565.353
584.242
573.702
1284.777
228.858
41.858
2921.652
1068.236
1267.910
1732.702
1096.651
1574.456
879.706
528.398
1442.665
138.151
44.386
2825.604
526.241
70.799
2109.813
94.406
367.304
438.579
1788.213
4393.774
54.111
169.951
1681.211
78.281
405.094
680.162
1274.391
2525.000
801.730
1806.523
19.383
2230.626
744.518
224.717
1625.909
10.263
6143.190
325.468
670.582
725.498
1353.456
3784.507
96.577
1228.687
373.913
1680.259
136.039
1663.143
2288.951
167.376
116.424
4534.271
386.843
524.914
546.861
216.764
681.968
2230.089
1189.141
583.028
844.012
2141.262
329.066
1050.124
1430.986
5274.358
315.076
1367.669
638.602
536.973
180.830
176.664
4896.845
1011.040
69.460
898.242
1943.274
3573.354
359.407
2743.861
3067.507
821.947
2216.173
3135.472
6869.823
35.639
327.152
1701.960
2455.509
1070.526
3759.084
7858.598
325.000
4616.435
3372.254
379.862
720.497
604.572
779.115
108.385
3258.818
336.582
981.650
81.433
15.899
94.401
622.754
203.688
588.484
352.592
692.143
94.838
2222.074
1494.096
3856.794
3141.127
2125.039
2051.155
96.833
298.336
244.181
2673.875
1487.718
1886.841
87.278
562.211
839.738
785.100
716.312
227.927
74.040
196.466
240.714
52.864
1956.906
1679.517
1683.921
742.200
724.163
1201.159
443.704
688.547
1220.448
264.911
539.965
808.851
460.717
158.965
895.274
3425.250
339.369
694.250
246.845
110.751
811.430
629.488
112.324
218.117
1822.452
112.592
61.705
420.764
2224.365
299.666
82.792
2538.034
2875.207
31.850
56.315
563.194
3668.243
575.797
131.830
94.227
385.097
2225.758
734.965
2770.638
517.999
210.287
761.174
1552.668
5672.443
82.291
27.794
315.353
17.371
49.178
204.936
806.649
468.636
178.095
30.581
5.560
258.934
267.698
1695.936
4018.173
993.831
38.573
117.193
3212.806
118.098
5215.237
244.603
6346.556
4913.908
837.662
1529.881
1467.261
352.688
5.042
790.088
53.484
469.998
904.064
723.808
194.074
529.123
1212.346
2021.630
30.872
338.632
562.300
4302.476
70.668
3172.270
233.144
448.651
4719.890
2037.164
1292.267
144.338
9.837
1118.805
2272.300
2807.688
4166.375
1412.173
56.921
419.533
1942.406
1069.440
879.225
782.595
795.245
1395.561
213.106
5827.368
91.718
119.772
418.986
448.911
2.953
1306.961
1485.296
632.985
68.658
2186.470
2618.941
2426.426
1280.647
9323.633
1122.117
191.161
339.324
145.301
547.447
1439.556
233.459
428.252
48.838
1885.963
1673.387
623.435
197.163
26.337
852.972
3657.471
318.310
246.822
45.064
1217.531
256.579
135.643
41.343
29.553
201.212
2332.961
685.313
76.508
1726.852
241.472
403.657
379.959
6873.857
2324.423
8260.071
3895.363
2000.943
11.965
371.093
2225.038
463.329
116.916
2175.489
2679.452
345.440
678.968
242.147
4198.656
1586.575
2147.463
4323.953
670.197
235.161
113.639
119.839
596.862
263.640
1556.398
131.264
427.118
37.261
2223.936
472.314
3687.778
10.965
601.991
1714.932
960.408
154.856
3532.120
1221.669
811.727
560.344
2971.647
121.793
2073.855
210.381
707.873
931.387
2716.315
11.279
1888.356
7445.787
8002.004
423.087
417.241
951.767
132.654
110.801
1281.182
551.583
62.707
67.391
373.824
1233.739
1747.440
3046.564
540.784
4509.342
818.256
1466.304
42.951
12.666
1120.349
355.147
4350.285
2078.526
3726.152
4210.056
26.031
735.230
113.154
961.512
246.528
2849.923
4542.988
1456.934
1458.154
932.009
2699.764
1135.800
1416.247
1589.858
4336.965
1397.227
2298.438
1838.502
1507.741
714.434
3670.857
5350.349
540.861
46.288
211.026
3689.267
194.063
9.814
6453.304
252.001
1334.445
1459.592
1556.884
1141.010
3372.112
87.312
138.896
800.056
1258.248
252.880
2184.137
393.624
2335.788
4328.554
194.311
656.631
2799.694
36.107
879.460
1166.609
62.957
1688.424
2045.778
2968.919
172.820
2100.185
4392.452
287.955
26.193
2272.337
293.746
382.663
65.382
111.072
8795.912
1343.613
782.592
860.239
1486.146
2517.540
916.972
870.114
199.972
97.866
160.841
4822.817
122.390
12.192
573.436
3.780
1813.761
548.226
135.614
18.507
469.299
4770.496
520.932
67.560
17.058
559.048
634.955
206.205
2322.189
161.677
80.373
1145.951
2405.464
4292.531
1258.721
1955.716
786.008
443.304
588.955
435.491
37.909
100.080
0.371
1376.843
254.304
3699.379
205.142
1147.257
3335.116
230.703
146.189
3128.408
8369.954
93.322
929.658
294.325
110.340
12.119
0.261
779.219
1176.313
197.348
2830.182
673.721
1556.807
1693.388
5390.925
1685.353
1762.824
699.485
192.499
2640.384
2358.105
1954.409
711.902
3574.270
615.328
328.268
11.969
124.864
37.827
191.846
192.946
125.016
1961.357
6837.410
4609.214
3297.545
1770.015
361.815
1557.436
55.120
4528.143
718.148
5227.548
503.956
678.199
158.858
639.499
4995.684
1944.778
216.524
90.956
21.506
155.106
2413.562
497.375
386.211
953.200
526.612
119.778
200.824
391.744
4162.169
248.023
195.202
4002.176
2561.843
4.931
83.892
33.616
2384.216
38.948
809.514
692.811
19.619
1617.842
194.181
517.337
1401.774
3180.253
1538.648
3755.406
164.115
41.585
46.261
1801.871
273.135
3084.738
1017.838
1550.127
1950.949
1960.445
83.248
161.276
328.998
459.145
345.391
414.915
1189.959
41.809
815.115
2945.756
2551.513
31.089
5.012
379.494
83.478
1971.815
1198.270
3387.343
3073.064
66.859
19.202
190.921
576.726
600.569
66.544
3845.112
76.769
3756.296
415.581
955.456
115.122
1855.362
5505.235
543.538
575.119
2370.619
477.640
6.837
1431.035
380.741
126.924
386.821
3392.134
2573.081
77.725
141.182
1021.087
1192.579
27.250
54.180
534.344
2306.553
2157.891
291.791
1628.714
1180.532
1164.615
1723.205
286.684
101.580
423.708
181.381
4203.864
321.853
105.374
198.706
484.761
2468.121
462.729
225.597
1652.803
1710.126
5034.160
1354.015
153.283
1889.177
343.540
36.496
2875.894
21.140
486.113
2127.185
190.749
488.541
1945.187
175.232
123.817
4049.152
191.789
3391.737
239.070
536.971
1270.662
2413.185
2090.700
1649.182
103.140
4.427
81.845
142.614
2142.500
327.109
66.289
535.791
3144.940
780.218
1932.406
57.170
522.450
2082.755
1255.791
658.179
2014.364
1381.103
482.390
31.177
55.103
192.143
1972.790
568.712
4386.509
2042.014
487.386
578.381
33.181
2543.844
306.128
403.662
277.991
3431.162
163.229
1611.498
4676.187
1288.369
839.804
2906.057
15.109
1259.656
32.829
183.942
44.922
305.790
12.907
360.771
198.048
1085.691
1335.095
196.516
586.326
374.595
6516.913
1161.707
97.985
1853.413
535.678
160.020
2784.879
68.024
674.078
1492.783
133.006
3305.112
1938.180
372.270
1421.026
116.010
303.307
161.176
1.821
936.452
266.093
1573.159
1836.996
130.377
1358.585
4380.221
124.841
1794.944
131.807
415.460
2991.263
713.176
276.791
294.455
284.274
97.655
96.846
1410.655
3116.118
3787.173
263.899
7.004
996.474
541.160
716.713
3038.946
1874.416
5125.704
1275.456
354.392
13.991
75.932
8525.598
1205.855
2417.208
278.433
11.775
2.704
2687.088
25.691
5408.879
1277.538
5688.491
71.422
1058.813
6300.247
952.641
3786.924
654.975
802.194
58.832
447.074
205.805
3330.864
381.782
1168.754
14.867
9.165
37.372
12.021
2341.714
25.406
3107.424
3.093
351.670
364.145
649.115
2061.723
2963.588
1005.197
94.017
1244.858
2075.604
1614.489
786.986
4534.378
186.640
1.479
219.046
216.270
73.892
286.713
4710.778
134.099
2404.948
1831.457
1280.876
1627.851
23.454
14.572
246.440
1566.507
97.218
1730.321
199.704
3729.150
16.385
2817.030
3156.506
751.061
52.159
1695.484
2017.120
4337.099
149.682
616.752
387.638
94.812
1167.800
2287.206
1031.876
45.103
1348.640
284.056
1306.909
3063.404
253.739
298.320
1506.580
1.920
932.902
4428.505
19.518
353.253
30.583
1141.677
2545.450
8380.569
127.900
77.491
129.998
316.974
3310.482
830.488
149.452
504.973
9376.935
2866.016
1077.187
1857.848
562.810
42.801
1068.855
3359.956
328.567
77.602
58.349
171.764
1378.826
171.543
475.322
260.543
3233.500
331.816
134.434
1318.943
2127.435
3375.190
2534.609
682.834
2417.346
1599.509
4911.392
18.038
1581.680
554.289
91.589
11.331
1286.777
467.652
49.801
77.805
580.558
678.049
196.082
1680.285
348.962
3030.754
991.639
237.681
1795.019
587.457
6375.450
217.686
327.343
2094.747
12.897
293.060
1981.684
3679.726
571.763
265.842
980.022
1580.676
1421.577
867.952
2059.678
948.897
1436.034
1597.562
641.464
1330.461
684.024
28.343
2174.822
2212.006
664.480
1223.716
263.783
923.699
1851.858
655.693
8.725
1861.821
1707.867
2172.483
12.125
2726.654
390.506
283.835
2181.580
3285.013
3009.865
3007.114
2940.961
1952.567
3451.467
167.863
430.702
929.679
1090.432
163.722
1043.521
2214.506
283.041
233.409
93.689
1731.293
2241.369
215.699
806.157
10.349
350.380
2261.190
878.382
529.540
1199.808
303.598
1246.106
302.506
1034.270
6893.549
1984.295
4008.451
887.673
137.645
313.698
486.676
1867.211
1628.010
220.537
413.141
278.812
2336.010
2265.438
72.917
6279.820
507.816
4277.687
63.597
31.401
1080.471
773.908
5473.926
832.346
75.272
2773.285
2626.047
86.898
838.725
4586.980
121.963
185.819
326.402
454.641
1069.503
1102.737
90.272
70.697
5029.784
37.643
1782.768
2698.380
4065.514
262.631
642.784
626.764
1974.874
1040.596
4730.906
497.916
949.127
1908.639
86.947
787.705
593.937
2213.487
166.409
612.507
192.968
154.807
528.371
4593.046
2588.383
3059.376
3195.993
113.378
522.146
1595.083
725.590
595.854
5.171
2831.253
555.538
2641.640
2916.227
587.618
439.505
3297.670
25.101
505.305
726.792
222.474
347.415
325.479
369.619
2387.420
283.750
3173.372
5299.895
2197.679
1082.511
90.003
430.877
221.287
843.292
556.804
229.356
4104.031
23.674
253.156
195.893
2248.677
79.713
286.267
20.930
266.351
53.309
746.419
2393.468
1633.708
896.412
1094.164
537.824
4361.282
3443.897
471.186
4113.097
2.412
342.598
4371.406
17.305
101.701
405.990
141.218
47.756
425.147
114.078
2008.907
1765.128
1762.881
2689.290
780.901
247.864
5259.899
1029.421
936.320
1115.332
344.341
5495.778
59.932
150.165
49.716
202.175
37.137
3313.135
1173.453
481.377
174.070
2039.460
316.974
48.925
399.930
1089.503
725.651
885.635
2498.649
68.201
1495.494
112.439
1759.002
79.842
8526.358
3993.882
884.522
2634.428
3252.973
126.327
4064.248
788.594
2549.084
1469.531
1242.514
1796.059
745.702
107.311
47.839
7.564
256.675
2817.155
119.886
739.505
1680.162
1161.825
1988.887
27.360
631.943
299.823
127.918
226.391
704.893
1233.010
1666.619
7611.081
71.360
4.402
29.182
501.071
731.669
2440.799
20.861
2908.738
77.833
3744.851
1669.729
6126.806
321.621
21.940
706.648
807.630
1613.274
1041.621
434.252
2037.790
5.733
1287.588
784.240
881.748
560.343
4284.624
1279.866
1135.554
3179.044
91.365
3167.559
2830.453
2030.643
2.839
117.723
1440.941
1234.303
16.734
176.962
178.176
889.257
757.202
2478.451
205.732
353.555
383.723
296.080
213.520
3802.764
3845.617
569.227
282.451
135.227
6737.274
543.743
4678.021
834.023
767.484
390.705
1365.954
181.658
20.207
1399.355
83.836
4446.978
962.986
513.602
845.781
1921.936
2258.838
958.763
728.433
181.318
8.237
71.721
152.162
264.844
751.466
501.084
284.635
811.537
4180.600
2032.784
1185.300
45.846
63.757
80.509
2519.767
1226.686
1287.269
244.682
1838.165
49.658
247.895
538.747
1652.898
816.393
728.166
1081.368
1337.652
59.555
1752.752
2107.504
3863.371
23.144
6061.313
302.894
7012.310
7.969
485.519
813.897
97.324
240.629
224.863
445.812
642.895
658.285
383.712
964.613
463.157
884.604
265.211
3089.092
1054.100
545.113
1500.347
225.497
92.517
720.302
854.413
50.272
1029.992
4424.092
874.773
251.362
1876.023
1175.048
957.279
674.049
65.036
5995.592
1029.341
708.027
4723.466
379.346
2723.860
900.532
3940.927
1445.193
24.089
196.071
88.093
2907.997
2253.915
159.029
437.281
2584.425
543.508
69.655
1055.244
2539.545
997.773
20.613
2004.680
88.253
357.901
146.042
1326.221
171.130
703.614
827.162
63.175
279.955
383.666
254.407
756.283
348.097
862.940
4534.391
275.492
1051.657
5473.010
1578.485
4369.733
408.583
781.412
112.100
617.267
2510.079
20.353
254.958
20.102
424.950
1044.135
2391.580
443.034
953.144
1381.055
850.527
331.112
1377.596
1458.310
111.866
272.401
407.877
417.294
270.682
442.681
224.885
2194.784
141.712
2048.618
2212.150
885.490
442.976
74.060
261.502
11.870
101.529
420.866
176.729
645.396
63.329
1768.226
2157.776
1937.901
716.393
2603.668
774.429
163.003
139.271
1420.386
720.471
1333.827
239.037
69.728
60.622
2390.450
2101.014
1006.231
110.489
274.922
891.831
549.638
7.115
1088.740
141.248
2114.008
571.178
79.120
1090.199
381.079
1000.606
527.143
810.201
1408.254
135.466
261.863
2056.886
3195.204
5149.524
200.719
1270.531
1962.760
1033.020
608.740
94.386
868.271
2586.766
1279.616
398.649
51.499
3571.603
1041.193
869.779
782.403
1114.450
64.701
887.965
1666.708
143.207
579.685
800.485
351.794
18.043
808.027
2545.009
4.140
2877.388
89.724
163.271
3238.465
4118.085
835.555
144.363
1157.205
218.807
2489.839
1468.662
109.954
45.277
3234.623
545.195
410.001
352.847
2427.439
1280.629
2489.938
893.573
1045.121
211.401
15.690
219.677
2210.991
49.398
7393.255
1378.714
72.707
423.596
1151.237
972.534
91.065
930.791
1518.124
2628.863
190.290
1919.741
460.808
1084.655
1848.170
619.803
196.900
791.581
1092.496
1086.180
2531.834
1827.288
119.292
817.297
210.202
97.680
5953.049
1052.495
395.958
139.731
795.122
11.851
492.105
780.566
1175.068
2939.303
287.569
2830.023
2130.268
4.269
1061.479
5260.749
675.397
1449.937
186.647
276.725
176.121
148.421
2630.062
38.884
751.418
763.149
1027.255
1604.522
94.479
268.206
1857.490
341.712
124.150
224.762
751.776
1721.653
5462.558
5443.655
1349.507
42.044
2228.609
778.735
10.935
1528.317
3159.245
320.023
96.213
39.083
4844.282
1.352
291.128
1732.497
4698.307
364.003
1986.932
32.565
1428.124
2243.753
934.325
1280.901
694.201
354.127
267.564
126.948
116.277
10.326
581.317
490.775
4197.186
816.435
0.375
241.944
401.089
1724.608
275.929
3098.636
1426.629
738.033
85.610
1732.749
393.692
58.674
2334.766
7530.543
4940.273
125.174
5410.916
334.229
20.346
3.831
245.138
2356.046
2515.056
113.773
1999.130
677.907
380.102
57.733
133.452
4557.221
132.179
39.125
2972.046
382.954
14.975
54.332
1191.475
4.080
802.168
1284.258
1314.522
5416.359
56.577
22.289
40.253
719.786
494.973
5867.574
2607.711
1765.786
233.863
473.188
2104.704
2163.473
289.082
483.098
6.319
274.469
26.440
3017.927
2957.690
0.608
5307.016
592.440
4719.369
110.082
1168.860
2034.282
8.917
475.048
1071.983
1243.858
192.901
263.799
254.279
3646.881
52.858
1380.232
179.204
2872.840
2702.870
49.787
195.620
1126.898
12.921
214.315
1940.192
2952.518
1955.829
201.266
138.572
228.199
5078.806
1.543
2209.453
303.384
115.370
2611.404
55.753
4255.112
2010.191
582.385
50.564
127.483
1314.138
691.726
444.364
3022.276
313.841
2485.511
1544.407
827.569
893.984
423.117
3305.015
4094.197
515.945
277.142
812.222
640.501
548.103
668.868
7626.095
235.748
1331.931
7.759
19.988
272.363
564.606
1630.455
1864.261
4.868
1614.205
1737.833
1475.892
1092.593
215.759
39.511
1297.001
6418.267
45.898
3934.619
843.022
176.560
680.661
1371.237
79.931
97.676
183.785
38.183
4555.965
69.653
152.656
346.899
520.120
729.772
66.238
1474.634
844.387
1620.063
1333.785
767.449
999.086
2221.696
485.578
3251.850
503.088
325.895
513.936
483.552
534.529
125.402
167.151
5486.149
5725.170
1493.679
1058.632
1714.136
1876.122
170.317
269.526
182.691
445.072
811.177
79.002
11.085
868.493
2087.068
625.769
36.671
75.035
305.684
221.630
25.577
246.183
813.775
530.077
631.862
175.494
1.356
219.213
2260.588
1860.154
2496.958
6298.756
7303.537
76.898
755.020
334.087
972.479
2564.120
957.801
153.166
2041.356
3408.844
174.941
2335.932
615.504
122.405
10.327
921.338
374.803
110.691
2247.406
825.763
1785.919
3272.972
688.888
2384.218
34.829
3815.030
256.131
690.867
3769.509
52.430
2507.912
2109.038
604.189
1524.060
7312.493
2157.774
3141.432
2297.861
1647.121
1531.075
656.154
1434.253
2.989
520.716
3370.361
400.801
1036.570
2193.945
1.916
1627.552
405.440
98.719
768.357
802.324
464.835
1758.185
19.330
873.971
3241.896
2469.778
1735.912
44.649
2721.085
115.282
207.909
646.272
3.320
263.786
3731.010
1280.613
928.839
0.415
1657.917
1248.471
5367.460
299.049
5773.239
247.237
1797.377
490.554
77.575
714.766
378.374
287.416
4799.987
835.222
491.544
408.876
2258.227
602.583
2203.127
105.724
1508.784
591.778
22.890
756.168
22.272
5819.877
98.010
47.043
2331.842
813.722
3834.099
133.838
3978.695
444.451
92.148
917.283
1565.938
2578.596
276.113
2404.727
62.676
1917.567
2877.561
329.928
491.209
1311.730
5853.221
603.517
41.593
70.498
1249.710
391.087
276.669
893.861
951.665
931.652
167.519
3937.027
6186.796
529.731
3323.567
180.842
77.544
27.070
723.839
7125.918
566.838
738.860
1156.965
610.252
16.961
241.904
2474.546
328.600
1828.377
1051.407
56.885
26.456
236.994
2155.170
140.676
3696.485
431.963
320.604
2739.978
310.484
659.407
99.622
4900.574
1931.299
25.664
932.510
14.448
128.799
960.687
1326.494
3702.084
514.445
310.376
202.906
377.260
574.218
169.965
375.278
20.643
1298.190
2088.626
819.500
1615.840
36.416
530.746
3289.858
94.008
289.082
199.143
5331.858
1524.546
2732.443
124.930
1540.406
260.142
2873.744
293.739
1752.439
66.619
37.487
146.264
116.781
217.011
3808.718
39.449
254.381
4273.681
709.565
1006.366
3281.075
4458.476
2396.538
8.969
174.898
1037.916
123.719
960.905
630.875
315.966
1665.024
1607.791
3442.667
842.781
7184.982
1609.639
570.370
3639.200
2564.566
547.912
240.599
116.781
1811.660
867.760
1002.337
2703.235
12.327
504.641
513.694
827.691
1067.189
1914.324
1436.257
2488.633
85.614
254.536
115.490
61.882
53.918
766.652
64.688
967.378
706.054
347.915
2851.864
2884.837
1253.489
810.018
2135.114
159.421
875.940
3514.679
9.962
443.534
521.787
2383.150
1815.741
785.623
815.283
419.299
1018.327
135.616
1052.270
501.774
27.930
1929.163
3725.527
464.088
758.057
6190.742
193.151
1081.588
6740.378
997.574
3221.652
1172.715
86.812
276.554
120.940
93.429
419.684
283.083
80.591
3033.898
522.458
1820.047
564.698
2715.104
1.619
235.581
2778.468
727.023
30.530
2610.043
55.646
1127.906
3.898
1481.986
68.154
1269.070
524.827
1173.015
8.384
733.186
5165.084
1600.347
42.569
190.595
1102.961
4117.333
3155.523
1566.689
1616.717
600.962
274.438
1954.248
55.310
423.000
50.364
3621.455
1747.254
1412.746
3422.761
1006.588
172.592
380.151
2204.240
710.426
2115.845
28.539
1059.354
2679.928
12.827
35.559
3720.924
407.534
1089.821
845.518
2410.982
22.843
1316.764
41.181
2634.533
1755.224
6226.463
72.431
2437.588
298.875
576.325
2335.105
398.351
281.902
974.573
738.981
339.219
1692.438
5973.712
3951.280
1757.454
3314.777
1503.255
892.332
1245.133
5515.237
5546.607
1336.473
264.238
2994.639
1355.224
54.654
154.186
197.324
85.867
150.876
520.242
603.396
165.643
1600.013
75.984
1507.649
9.940
573.884
1075.669
120.841
1426.313
943.512
1355.599
322.976
2638.415
1266.987
1649.542
179.109
1951.435
12.212
970.956
1416.336
729.001
41.127
2866.781
2041.103
1184.775
72.649
1460.012
1387.402
70.808
962.348
130.632
2128.039
1069.310
225.189
165.467
94.386
1815.480
204.032
4794.899
41.488
854.033
10.380
1002.652
1800.452
226.638
865.846
5315.538
2838.311
85.236
1290.201
275.272
843.464
1674.483
1601.733
1547.846
235.734
2349.407
1048.498
144.750
1511.743
1171.667
50.851
2220.627
761.840
1398.751
179.581
1982.428
301.290
1218.780
3637.896
140.208
35.817
2332.220
231.480
1388.188
486.945
93.453
47.793
1130.370
2021.797
3688.512
1099.548
2067.534
399.569
367.471
42.680
953.357
640.791
1505.103
1109.591
3343.651
160.396
1371.664
146.432
1918.971
817.880
673.968
1117.097
1350.988
672.613
769.630
5905.689
44.255
1.632
323.116
19.729
6263.081
2758.819
794.288
389.856
345.371
566.273
345.243
3626.867
4.149
1169.909
1269.800
326.127
1111.368
801.970
210.036
358.388
1298.332
111.448
4676.461
968.163
114.776
1070.062
632.295
944.307
101.407
351.118
5545.113
678.841
716.443
1007.867
652.198
12.441
355.954
93.579
9.236
112.675
222.649
1513.093
218.399
1615.427
3852.008
96.429
351.200
150.972
1199.958
613.632
2046.901
1368.587
5752.582
673.494
1077.441
465.800
2244.227
426.515
187.819
39.126
311.084
14.053
1480.753
2927.451
1897.212
7598.545
4547.156
408.702
285.736
1893.629
587.461
558.825
5.653
320.502
117.596
4279.348
692.321
105.669
33.960
764.152
68.032
3461.526
573.548
6890.204
6092.039
1078.185
1882.416
90.807
97.215
320.363
4480.072
943.422
260.278
587.204
45.522
5077.229
178.555
62.639
20.976
2398.868
529.860
59.491
1869.422
356.389
227.693
1392.270
2809.675
1102.327
58.399
1295.931
1703.306
1597.233
5608.636
118.786
166.528
615.551
926.132
1218.868
1322.998
30.155
1353.474
4165.558
3470.239
97.182
44.192
537.850
1589.169
135.881
768.569
1445.308
204.712
164.009
2250.798
166.808
953.754
482.641
976.417
85.093
1392.078
1552.373
733.950
812.769
282.208
65.192
1240.720
2177.503
682.181
2733.732
2128.443
496.523
327.848
828.674
59.775
183.779
5648.084
1352.039
3168.677
2073.626
1587.385
1209.042
351.094
381.254
264.037
772.792
28.051
579.261
69.042
5.366
292.191
1489.960
2351.130
1.249
41.677
392.759
512.378
1091.408
231.571
513.902
3978.380
190.111
460.867
64.184
891.990
2877.599
21.143
858.750
324.927
33.696
13.729
1713.477
169.256
362.380
1821.695
2863.779
1068.222
460.218
2026.086
398.313
428.084
139.152
1216.933
271.975
461.536
117.803
138.494
405.479
3291.592
939.241
321.685
1868.845
52.764
364.265
1268.314
4337.984
245.978
2761.457
1570.050
2581.947
37.764
116.013
78.116
1695.353
1354.897
5.450
1010.474
3162.674
1287.381
2529.712
883.211
844.291
2034.697
213.589
3905.636
227.917
620.171
2131.640
36.285
964.005
99.128
823.525
2859.736
1906.093
188.075
971.899
5826.927
256.012
225.175
264.262
871.051
133.839
3986.902
414.919
2337.204
526.213
2740.610
243.301
571.284
477.732
238.620
359.928
816.810
371.047
72.489
133.383
950.385
724.955
6978.771
1017.082
1406.618
145.546
991.471
4527.688
1054.363
6848.189
1136.796
2182.927
257.157
2731.259
8.853
3491.235
544.195
450.540
744.448
699.441
3145.293
67.581
229.010
875.004
1539.299
197.983
2494.126
580.167
1800.987
279.793
1751.543
290.793
460.509
8312.949
605.695
3477.560
2793.353
2833.191
308.807
1499.895
1283.767
1074.435
54.389
863.864
8862.443
175.018
249.644
800.414
3027.941
1357.948
858.864
2109.993
4922.892
80.913
5995.962
151.088
22.513
174.318
124.370
2249.349
2951.763
2293.753
768.773
2104.344
1013.037
239.904
307.405
1329.355
649.151
1041.224
1435.675
223.921
1555.012
6846.138
4654.438
312.617
4324.599
81.929
3854.281
112.506
643.305
354.786
1506.837
272.079
1003.005
833.598
612.494
278.881
2203.079
1248.203
56.064
2853.302
778.514
113.594
868.381
261.154
2864.242
2105.020
5203.695
9.211
5330.735
4.884
149.148
3535.207
113.398
160.391
136.191
515.441
2372.946
146.252
3523.957
1678.782
124.009
4233.849
2502.442
7.945
276.077
1435.723
4.762
3194.688
2216.243
3109.238
494.092
1082.870
118.271
4501.594
199.975
486.510
589.490
149.459
1097.139
1401.761
611.151
40.458
24.973
4151.000
823.544
1851.966
869.642
204.865
802.288
3140.322
53.228
3211.261
218.997
3231.877
144.122
79.343
267.103
89.670
477.487
4551.344
2901.829
624.895
3374.473
538.955
2971.995
1776.963
5141.969
283.464
2577.202
304.562
33.614
2374.301
8.970
281.577
730.213
1061.641
45.442
1362.145
400.886
46.675
444.115
8.439
524.096
812.492
2367.151
587.830
132.149
1160.919
864.134
2556.458
1305.535
721.294
186.800
641.567
709.496
937.480
25.268
1331.862
77.105
975.043
2297.739
3583.967
42.514
181.309
493.416
652.687
229.749
280.323
1675.888
82.218
603.193
3212.429
8.694
462.170
1383.776
124.546
3831.620
544.116
1949.996
57.718
268.834
188.397
3146.919
575.223
722.216
1085.829
302.880
376.521
200.502
49.520
4988.437
1663.097
4425.230
752.646
1.438
2057.151
1789.122
35.460
156.557
671.927
237.163
21.358
978.111
174.586
994.097
290.476
2230.279
69.818
1454.921
32.191
3510.642
185.751
551.447
633.416
2055.238
991.510
5331.307
2527.930
64.413
1980.077
171.683
142.844
703.079
2941.736
556.716
23.542
827.822
870.788
126.876
850.797
243.073
4128.005
482.487
4072.923
113.923
126.996
87.282
1348.847
385.911
11.704
1969.400
4725.259
1214.635
1324.217
1912.625
351.129
673.829
1262.001
2649.429
895.484
2162.692
24.411
2088.467
372.149
1454.594
3.053
1456.784
1682.582
29.214
827.752
89.445
3563.368
1921.826
13.163
1277.371
6184.655
1844.283
5163.527
2653.955
948.790
1102.515
116.750
474.313
1733.991
45.251
2933.579
29.024
302.363
7.678
36.563
608.420
320.409
0.466
15.240
358.973
2277.332
1222.994
353.836
1064.074
2443.436
430.883
278.516
1764.397
6828.587
486.026
1565.015
291.299
1681.938
2142.384
280.072
1680.463
595.346
250.143
1203.185
3549.290
175.799
176.415
513.360
78.332
680.345
24.737
447.326
83.983
1305.806
1920.793
5.479
2449.279
2454.041
2070.114
964.727
3697.552
688.040
267.540
1472.277
1475.080
246.064
223.586
110.467
2347.109
1931.557
528.888
1944.519
47.580
761.394
1946.073
755.008
327.608
272.039
2466.843
1462.582
136.700
1545.852
379.158
814.902
121.329
11.245
992.977
142.519
662.418
232.933
400.745
210.613
6138.185
138.904
8.935
1665.548
28.664
32.746
1684.769
4040.977
3258.577
16.087
201.263
270.832
4806.840
4208.773
2168.240
328.309
805.172
8958.006
2929.425
3630.225
1296.259
1408.956
1871.094
184.634
277.948
462.967
2846.997
2051.400
724.374
144.629
5557.392
634.459
1216.160
1493.826
370.758
389.597
101.198
1699.454
440.850
404.356
804.026
133.482
40.597
1515.731
667.139
1812.488
2990.430
2618.276
3330.226
38.433
305.870
2161.411
80.183
441.998
8.126
411.439
1702.514
313.402
213.960
12.408
342.757
6188.976
545.058
1468.353
176.443
2634.500
147.865
9.688
3945.356
1862.625
144.847
191.105
2492.900
6185.670
3101.252
744.331
888.083
1212.181
275.508
24.625
404.367
5837.445
2019.496
237.937
292.881
904.403
1700.042
372.093
657.058
30.056
1374.784
532.451
964.516
777.020
136.060
197.172
1030.334
1499.972
1674.429
221.852
907.409
511.470
2044.172
128.712
1547.202
1226.662
4172.714
145.077
43.637
1192.230
566.952
946.985
0.041
6462.762
4073.450
100.857
63.942
454.915
3051.279
63.880
236.080
439.229
811.626
1962.793
96.932
201.173
1488.173
1333.947
3713.376
239.994
2330.301
121.599
897.275
508.878
26.750
6052.310
5589.100
61.872
1342.426
60.059
1456.591
853.056
776.859
1565.820
74.424
1060.884
610.746
2525.577
189.919
2735.672
1863.799
1088.119
1566.885
5351.038
1609.803
135.462
39.755
469.175
1188.746
2740.529
445.340
3244.945
656.647
4982.442
1412.049
8030.092
563.289
1224.243
1125.625
36.348
187.046
949.691
1951.818
75.058
229.317
1143.640
589.944
2330.698
92.738
3653.490
2499.000
745.843
253.785
322.740
211.074
131.079
485.186
1115.438
640.583
573.133
987.758
117.174
73.921
822.684
504.747
110.228
68.572
12.287
5084.996
1672.156
4215.483
114.572
83.247
44.149
599.896
203.679
1028.385
1635.684
2503.187
4343.684
1729.956
2034.219
277.282
1973.496
3684.491
162.893
947.192
4695.812
38.969
5139.962
218.124
1042.258
2524.912
96.833
862.209
1237.411
278.035
102.190
146.140
236.073
150.385
1658.473
9280.965
1330.592
2554.917
2181.288
300.019
3133.531
1388.595
65.534
1285.021
5285.668
124.884
2221.532
223.599
1617.746
1690.588
1178.774
4068.622
1028.467
415.068
319.348
1064.838
1609.128
1321.956
125.439
697.358
1511.207
216.672
879.653
2064.930
132.252
219.915
4425.085
24.155
4463.776
82.437
30.047
951.538
2976.673
4136.864
169.409
4653.331
1952.636
3056.724
243.002
282.246
1459.685
1370.038
248.017
1311.104
2775.778
1664.138
1001.719
297.331
382.987
2204.927
451.650
864.096
0.431
515.664
1769.027
180.682
16.538
114.766
209.219
3427.586
3522.124
510.078
7404.920
5071.709
6883.543
1148.473
831.443
1890.973
610.366
4796.934
980.078
583.573
2783.676
2593.883
958.993
800.680
2938.273
1152.849
4.325
1932.889
386.141
219.136
1203.833
1184.661
1710.611
875.704
3730.269
5664.311
48.320
159.634
112.501
3602.431
1035.408
94.999
726.743
1859.146
49.679
105.674
1534.534
1922.547
8880.449
1097.196
5290.400
126.400
2109.266
247.829
2003.700
8899.110
35.323
18.752
98.720
843.953
480.901
3901.907
2029.531
222.574
869.083
1392.650
4715.010
666.302
249.410
6043.407
48.260
1372.779
2694.752
2043.161
2564.325
222.667
5272.498
11.928
3098.636
1989.612
7.697
3214.599
1515.556
924.114
13.703
807.926
713.494
7257.066
1401.245
795.719
11.119
29.414
14.589
3361.733
226.830
3151.315
2797.043
1178.349
78.152
313.279
374.790
161.909
1130.300
2378.143
776.561
1157.692
2806.611
4925.436
1563.345
3483.900
492.053
1645.547
568.224
2371.636
1230.106
1766.258
559.121
4060.961
1181.339
1367.154
1525.548
2163.242
1325.558
2777.911
5.861
1314.748
522.748
348.383
2719.518
519.534
1849.705
43.613
2244.194
41.183
3.655
828.695
727.617
286.468
1767.302
47.555
69.636
50.706
5058.557
347.414
1194.710
372.200
32.740
2303.912
93.348
147.762
49.195
159.528
2167.548
258.518
474.987
3286.651
7.915
65.635
2810.939
314.450
396.141
673.758
8.792
135.184
61.672
1348.237
130.169
280.467
155.091
23.534
2439.550
1674.482
1100.605
601.168
735.684
1245.633
51.054
564.721
1176.531
238.649
605.559
1623.995
2804.416
60.474
664.000
2657.406
3755.781
1938.020
1814.128
3677.574
3598.563
3.117
734.390
23.761
311.765
769.721
98.366
1155.970
766.508
97.958
73.349
496.352
1452.627
927.731
344.933
3159.076
110.781
456.849
407.822
315.631
4510.006
44.761
948.718
1655.753
138.729
676.957
1326.380
2157.954
965.969
1326.844
864.529
1804.241
59.726
3020.548
2476.487
962.613
380.060
62.375
4.924
3904.453
579.408
1225.835
586.497
763.828
1793.443
1669.274
542.975
403.639
681.633
1028.631
2157.889
1501.450
5272.328
1938.001
525.506
593.720
269.085
1008.254
341.982
62.963
2088.059
560.116
5376.984
1932.306
833.070
6704.429
3873.471
2454.257
