65136
32447
-26204
22860
33678
-51453
75711
91902
22840
92759
22086
53967
50534
-79874
28019
29768
7335
-84934
-26661
-24248
-11968
19135
33850
-82155
-56615
593
-46804
-95656
930
92267
-4404
13224
-5308
-41825
33445
-9051
-91508
66814
-57108
-87124
-60009
10739
16705
-69328
-19696
68459
76744
51992
-68921
48660
32231
-15463
-50010
-5675
-68808
-53834
-35023
-50899
-27430
90944
-46264
-60237
-27900
42892
72037
-53155
28438
68359
-66847
22939
70267
85591
36697
39650
83215
-37574
-2827
-43583
-43289
-33080
51441
27594
23638
-94624
60359
-34365
-26690
91715
19221
27827
57975
78066
725
15531
-98740
96621
-60136
63505
-73751
74856
78190
90163
62877
-14069
40228
64821
42455
12178
27240
-91992
15111
-97301
22402
15096
9660
51097
-89984
-99555
-13421
-33408
-12255
-45897
98403
-60421
-31994
-17190
97332
-71270
38335
-17673
13756
94003
385
-52906
-47396
70074
36817
-13839
-18008
-38080
-24123
51181
68562
57984
-20427
19289
-88567
53040
47784
6133
82638
-54271
-73702
-18818
-98201
-33146
29075
44889
71610
84184
14699
-12265
6208
-7245
-67777
96244
-53271
-80268
-22341
-39763
-9354
-98200
-61598
50878
-40600
37676
-97492
5280
2403
-911
-3064
46343
-39441
41440
91773
30652
-48197
61208
67098
-35069
-1254
-88851
45102
5339
31820
-21115
45989
77192
-64327
4842
85783
-17653
54002
-29647
-15002
41002
82836
-41132
-8039
-72395
-52872
43712
-19724
-96767
-7584
11618
-72428
26343
70399
36331
25510
-78443
-80754
-36391
89442
19605
61249
93707
-11634
-22128
44546
-79973
-76391
36212
-2444
-76006
-26017
73195
-69952
-96630
-39180
36350
20212
-82875
49590
-19046
-32256
-43238
30046
65342
-65750
6104
-33755
47455
-8598
44388
63383
-75027
93618
2105
-37594
60303
-67187
28742
-76412
-35012
-39285
81963
-38023
22254
-48581
54997
83779
50563
-20542
68390
-15931
-19195
-9231
71629
37438
-84638
88026
38103
66113
-99049
1914
-6722
63937
24799
25456
18068
-57105
-42338
1239
92323
73259
-63525
-20738
34951
-81412
72535
12163
37988
97648
26086
-77030
-94179
85010
36912
-75084
-27986
35585
-19210
-58635
44129
-48051
-55705
-12148
-34711
-33594
84362
-33520
-43969
-84696
73558
40445
45033
-95207
-28665
-90515
79007
2255
64025
95787
-42213
3192
11673
-60147
-45301
-79223
44089
-85640
-53892
-29194
31036
-59897
33619
50042
89306
83789
-80304
-89146
98491
83231
-92468
-11189
98287
-39762
-82394
-21226
35186
-1046
36620
-93417
29875
-36710
-30885
-47492
-6730
-57893
-92187
95943
917
-93638
3659
69520
-13556
60922
-22922
-54676
553
-29827
-10995
-15957
-57378
-5039
15742
-60183
40918
-82040
-26695
83818
-43306
76607
45694
-70561
89053
-25912
-78350
-591
-37202
-45567
84169
-88169
34069
-23018
-3972
50959
-44704
-46055
-55029
-13086
74432
-6544
48298
-2578
-81783
-34076
2843
76786
70017
17058
-99046
4890
77234
-85542
90904
41402
-39999
-95311
97922
-15019
65785
24564
-50233
51020
50931
13051
-12808
-49525
25914
19040
-88876
25493
-55930
-82556
-12293
57612
-58762
98630
-84407
-4530
-29754
11440
93521
-99593
-47896
32229
-85718
-71974
67955
60299
15845
3055
-8573
-42052
72079
76481
57110
-48269
-57047
-46797
22262
87554
95669
39970
-34787
-43682
46171
86071
56308
-20808
-88871
-52990
-71978
54368
-9198
-11931
-7074
-59975
66800
-72892
53315
752
-11974
33008
33233
-20860
23201
-68475
43011
-96320
77072
96576
-48124
91802
30549
75047
-10425
-65396
-85305
71314
-67079
13596
-40665
92305
-89025
85114
54238
-22625
-93646
-38678
49080
-21968
93410
4532
92462
-18286
29065
-35281
47009
-3747
87425
45796
84676
44355
-89574
35603
85160
10941
-40080
-69463
71117
-99080
42842
47270
-72432
66445
49846
-4863
-94669
-22765
-26529
38584
64396
78300
8637
-48427
-77846
62889
-29665
-89520
69160
-52368
-23739
-6708
5670
-90391
-13503
25592
39494
70189
-93678
-90308
86254
-58317
45351
-40441
9611
-14045
-58629
-98159
87315
-77820
53124
26390
-42910
-13552
23764
-16335
-11514
85680
-53589
-17407
-68719
-11952
46224
-30555
-3928
81327
-16685
-52450
62790
-51345
-39845
-14136
-62565
-93788
95929
67610
-57900
-97719
69256
95736
51236
-46187
1150
-43787
45520
75876
11865
-74646
-34740
30709
-62891
-35728
63169
-41362
58941
-61111
88467
-81428
84540
71921
34211
22335
21239
-91760
85589
34885
6734
-40668
92150
98630
11706
-96495
36676
60587
-31714
72671
58178
46594
-11202
-30402
-18923
-74412
-62872
1785
41300
-22345
-22013
-76573
-37860
-54087
-81215
-8473
-30420
-11648
69471
-59242
-26506
29949
-14835
-18283
-5135
-26845
14712
-60326
-14517
38574
-65720
-1262
-88083
-63369
-44492
-233
-4940
-8930
-47935
85921
-46367
-36466
4101
82958
59634
-1630
41143
38246
64968
-30541
63363
22235
54021
69582
-41045
90935
15037
-13645
59010
63093
-4863
55258
93755
-76639
-95016
-85835
27879
36339
-69820
50252
-92095
35963
59267
7117
-24187
-58938
85014
34348
76833
-87794
-25191
26171
-18513
-65472
-97124
-96967
-75419
12364
-82136
23101
-21863
2327
34381
-45824
6877
-54397
-44850
88432
-95661
97354
-14607
86667
-12721
75656
45031
-28534
31369
-22701
2347
-19693
-30359
-87030
78224
-8755
57197
66203
80773
-74437
-56553
35426
-75599
41215
38023
-9862
17273
49821
-82654
91693
-92960
68918
11986
-70472
-97676
-59532
18936
-437
-60334
15395
-20547
-58364
-85422
-94501
75609
2321
23575
4471
-87258
86469
14577
86384
-46136
-8443
-92869
-63077
-42343
-34893
57217
26660
24348
-91547
-4269
-17040
-98164
-13788
-56769
58466
-75421
74278
-69579
-94727
-62130
-94707
68969
-62392
-70512
1217
1506
67196
65366
-33444
25174
-97841
-1213
-17530
96381
45130
-60644
54799
-49366
19933
6812
45395
-35375
29187
18342
-46431
-71297
65804
-40392
-92991
-55772
-90728
86525
22624
-39949
35125
74597
-6303
-2907
66996
50493
5708
64933
32130
-46557
-25253
-30353
-43746
25352
-93892
-52543
8658
-52407
-18662
-97223
-17013
50511
34715
68112
6107
80118
-50086
-96957
1354
95902
-54384
-79045
-13243
3109
-31892
47536
89060
-4929
-10335
99962
-75000
33152
-52848
-14035
-86706
60623
-22464
49698
-61519
44083
18605
30153
10969
44328
1537
-12490
-58155
71835
8177
1382
35872
-57247
6543
21806
32741
-75768
-99745
17287
10897
10751
34344
71825
-55861
-95205
-56628
39951
-66697
-63157
-22100
27811
-22453
11311
-13347
-56895
-28617
39012
70938
-34247
90896
72603
-9260
50944
72663
49779
73556
73912
-77702
63757
85279
90126
59224
77031
8302
-10253
51515
-26475
33911
13006
86034
-94236
47028
-39408
12702
80691
-47092
62917
47374
-17696
54733
-67205
43194
96687
-468
-88613
-36940
-3270
-76699
78395
37797
80813
4956
-50816
27613
-55581
17429
-63497
39237
-40101
50664
-76435
86489
-58645
-9435
-86117
-10486
60033
42509
-94930
32579
-55977
89440
31463
-79851
26171
44204
51196
-6391
-1685
-69865
49380
61216
-85011
-36551
-1157
-59761
-77337
-87087
61158
-32601
-87673
21693
61764
-1273
-67278
49314
10501
43525
97588
721
56917
98535
-97216
7802
-2669
-96573
99094
-52489
-42688
91986
-36976
-14838
68001
84401
96542
15662
17154
-17202
-39387
77436
96001
-22136
80970
7662
29780
13373
-74465
53431
-502
-73498
14887
-41431
27847
-33172
44434
-72396
-92720
-72520
-46373
5133
-53057
9351
42923
85218
-4545
1287
75819
63619
-42944
-64610
27510
-48338
3068
-35976
-99889
68895
-47765
45485
4900
4365
-5242
77951
-3889
13434
-10483
19997
10937
-23582
36658
56122
-76636
39994
97209
91650
87532
-31271
43971
30383
-47481
85077
-23976
67556
-77432
65118
46444
23445
-27528
-89321
14049
40728
-87786
52740
-5700
35675
-36504
2400
76569
-36487
68433
-62097
78135
-33150
31682
88821
63042
-77901
-227
-63711
-52314
7772
-40316
-18227
41954
-91283
54355
-55321
-91367
-67012
-17540
-31606
-75956
-58415
65920
-61157
22541
-3950
-7888
-14336
12035
-25198
62951
37183
72042
44361
42386
15190
-34185
-18175
79092
41477
10843
60496
-42622
-34887
79638
-48048
-5025
66318
-61213
-2659
50356
-39804
72619
-21549
-43927
53822
-55895
-77118
-87033
56559
51278
84430
-62328
-27544
87576
72504
94592
84183
41499
83879
82424
-81098
-43563
-86952
-65605
72914
-25011
-91849
-56456
73142
-43469
38617
-60631
-82927
12056
34456
42997
23794
91990
-2912
87651
60388
-7500
38532
4489
48785
88858
-98627
29634
-25964
12578
-73331
-60450
95211
-72271
-16537
-22557
78656
67405
11826
-61526
64455
-66493
-71314
4790
-32223
14537
-7221
99038
93212
-50977
-88144
20415
-18888
-17484
83704
-77883
-16889
4604
28587
-14830
-19831
47933
-89105
41264
-19519
-69285
-74497
-11687
22095
7063
22890
-95538
-18504
-24009
2153
22783
-24930
-54480
-33730
70958
-91524
-92749
-72850
-16523
-52980
-12322
-79961
-82233
-86260
6632
-20084
73115
10399
90005
-22084
-96146
-12658
58366
-59657
-39446
21334
16150
9821
-53371
-54644
-90780
-73260
-81338
8702
10829
-77949
-23162
-16854
-56491
-69835
-85660
47914
70483
-22377
-98855
-80865
-34483
67682
-20734
85706
2123
-37375
14807
-22236
84
5820
-39452
14027
75112
-45046
89822
82043
19180
-79313
-41146
-40892
28313
6932
24782
54702
14063
52349
-63587
-16756
97786
98644
12567
83386
26230
-92392
18620
-4363
-38396
-50166
-43271
32126
-84411
27415
-93205
39963
-39473
84989
-65147
22919
-21640
-13702
17274
5835
57991
-11093
-54537
92423
48708
-47047
-51315
-35087
13972
-95394
-50665
60722
48746
-11826
54295
93994
-73269
-45063
11477
25545
-82229
52682
-22294
-41750
-58045
40268
39673
-21984
43412
-50693
-10524
-55900
-23910
59669
-18306
83114
35382
57704
25191
69416
-69104
37062
-23218
-80555
76319
34071
-55190
-90746
41147
-27827
1573
-52365
53594
88302
52747
28227
-18444
91552
-22287
62036
50776
35528
-35407
-50343
26131
49649
82840
-64882
16791
2038
95158
-13847
57281
58381
60634
-77738
-69481
-61543
-7224
6874
-65229
10597
-84412
72480
-3350
36686
-87625
-53268
-58718
-55133
-75671
66620
-24836
-90204
74089
74887
38958
-38223
-50172
-39706
79805
93543
39995
33277
-92597
-7314
99255
81445
29352
44919
-20841
-21291
91247
-96312
-40095
-31149
-49633
30871
95085
80718
77415
10838
15338
36232
95792
26778
18022
51845
3699
95872
-48321
-25677
-33473
-50553
1748
6281
-1523
91961
51116
61223
-77794
-1987
23003
-2641
63623
-71726
-6768
28600
52154
-54029
-35107
34154
-73827
-75597
37176
-96249
10501
79424
-66447
-34780
63107
62699
90550
-69200
-21987
5560
62037
89774
-61592
-81237
-54932
61785
66850
8746
63523
4511
62666
-60454
-53798
12910
4917
92335
-80671
-82065
75704
-86098
50711
-11511
-72304
22528
92212
42406
61670
-40808
-81376
-76946
20454
-42024
-10745
-13724
38654
25178
-4185
87666
-98161
-10109
-18132
92647
-50447
-85710
42377
89035
-54547
47458
90102
-92814
-78442
-79787
29245
88928
-92020
-55764
55963
21573
90848
-52446
-56228
-49173
-34044
45082
-23025
73502
82500
54940
-17278
-43846
-16890
46869
92301
24530
-90736
38874
69947
38424
-97469
-75242
-80181
-53221
79436
-88332
49671
45461
-53372
19574
90039
46512
72289
65626
-9695
50735
-25304
-87383
-23849
-16658
-51344
43416
-39181
-87156
-12503
-86549
-26948
-57003
43213
-31278
26033
-41290
13263
91301
24921
-5979
10619
-51032
45903
-66918
-85768
61948
92248
48509
-79556
32873
-10835
10129
-70406
60038
-58147
-45368
-32155
45257
-88533
76405
-32798
-3287
-60393
22951
-70329
-16523
23837
98947
-43348
12263
61695
47087
93031
55199
45035
-4228
-97075
-22254
75636
79928
-73530
34010
98981
72362
28375
-53966
-74870
-97496
-50536
77834
73424
42567
15803
-59412
4766
-30146
8943
-15511
66664
30595
-6240
-44637
7721
-52249
-4086
-74088
-42527
-56740
-50567
19462
-29640
-18972
-74718
27921
-3409
57478
-75322
21065
-88924
52537
-86771
164
-30030
86413
-12874
-10120
67751
-29780
86842
-61400
38749
-42083
47744
-60829
22564
-24561
49619
-60395
-48243
-95278
-66819
-39936
-92166
-47311
-17637
-80439
18950
-28169
99117
-15082
2320
-96703
11943
26658
-63173
59921
-16670
8049
87415
53411
52870
58391
40143
-65656
-95709
-99628
-45757
22493
-18290
-21560
21017
22761
37966
-18668
-33963
-34687
65400
6054
-31707
7834
-3600
86533
-53075
-98015
-99578
79376
6497
75343
-41937
-33214
-78794
-89990
-67343
77877
-89386
-95805
-66316
41967
52619
26180
-87780
-54635
-81798
39810
-36568
38104
64846
86916
-1644
43667
-78208
17222
56874
-50819
54071
75673
66229
16370
18554
9316
64206
17980
56846
-46339
45765
-62260
29591
-80270
-33296
31305
50241
-26001
-57151
-38622
-79012
-46953
36194
37346
-43923
60784
68527
-85288
-78890
4082
22775
-68482
24929
-61104
-22602
44491
-27171
83180
91606
-20060
99882
79720
-33736
57954
20727
89403
-36481
-61339
32638
-60794
-76411
52952
-39377
-41361
63494
-26678
28453
60045
79576
-33030
70632
79757
43363
-31066
97885
1068
11986
51957
61967
-20197
73085
37623
-97729
4470
93812
-19514
-81235
-32980
5498
-18077
93347
-17084
-52624
-37462
70091
70222
-53847
-29284
62072
45570
18401
-4674
-81672
-74926
66353
-85958
5881
16400
70313
651
-57050
-96376
80796
-18800
-94165
6665
85799
-35660
21546
53936
11616
-32293
-92569
43909
18392
1633
-36826
-24419
95766
-90554
90733
-20871
19236
-12454
85027
-82261
54857
89301
68412
32061
-49292
83695
-37937
82412
38014
-18587
-36575
-68242
11899
-53285
54122
9011
-93828
-43969
59300
73787
94473
25882
-35325
-97043
-64062
-58591
-10078
-62277
63738
49950
-11767
-40781
80343
15079
-57603
49811
45170
63418
10903
-10943
-23153
83248
-38497
36403
-89714
-74520
-64823
47427
-29650
3540
-62627
85094
77685
67889
87669
-77166
98669
11028
96027
29743
89507
-48917
-52258
84894
-71590
-34175
55080
15905
-29803
46073
-86311
-57200
67244
-19040
12947
31059
53500
-27485
73566
-54816
-91941
82721
93208
58520
31491
-57023
62400
-41410
18269
-54401
-51741
-10641
97458
93232
-29697
-25503
27528
93201
65040
-81979
68389
88239
-90853
21173
93384
6773
46841
63475
76119
-77440
55340
-82393
-66139
-8032
48780
-98040
-85578
-41345
10406
72741
-98662
89689
66452
35351
86972
-6122
-70054
-59971
-25994
15069
31067
-82188
-50581
41565
-41750
84809
-71492
-71589
-79114
66583
69425
-84038
-48698
40366
34668
44522
-84331
10988
74512
-13165
-39590
7523
-69953
-79030
63462
23796
19550
-20071
8521
17803
-98983
25646
-15462
5369
-30041
95314
34509
-9773
29869
3404
-45857
-1925
3214
-71888
95277
19384
-69547
-81664
-65384
50596
36459
42242
-38364
-79510
55498
-89237
-71464
71996
42599
99063
-89206
29915
-59343
-64394
19779
51695
-50046
5488
6723
-82883
-10603
78980
-76111
-70138
-72615
67179
69476
-60660
69496
90400
-38014
-15387
-1335
-79156
-67282
-50422
31641
-23503
65242
-99236
-37076
-27556
930
-39276
-44287
67355
81531
88973
-18009
26375
95099
-21893
21359
-18221
-62883
-90710
-44645
-39192
46427
-16697
-52259
-44891
-19532
-43195
81911
85764
35367
22529
-53181
83568
-9739
85948
-31258
61849
90296
60130
-47407
-62215
-25917
-52336
-28812
1482
-66015
-21077
-74058
-71320
57755
72626
-95093
63687
13215
77431
42766
8981
-61465
-84598
-97414
57091
27295
-91715
-43666
89219
25083
-98375
36658
-94042
49412
75631
4454
-88135
-76247
86063
74240
-1445
-96539
-14045
-15307
-48319
5682
-20953
96375
-26855
-56093
-27561
22482
-70501
66959
-50719
-62680
-8867
44969
20314
-89630
-83024
16842
-71739
38638
-52330
45017
28107
4140
91300
90504
-80593
-242
-31570
-40123
92671
-43788
82600
-30081
21832
85767
-54899
-69970
76995
93924
77562
78908
-82001
-86560
-6960
-73288
-74420
59603
2333
39310
26822
22643
67132
-39882
91062
75767
-70963
10738
-81216
45359
-60253
-42964
26293
62477
80009
23505
-91625
-63441
-29671
71183
-34436
17549
53531
53025
-72985
-9787
67110
-31210
-57893
-9019
-56123
309
-32414
-41991
-25641
-76636
4629
60185
-83583
-85581
72814
74269
14922
75076
-67862
78559
47862
-99109
-60867
-26966
71623
30568
22580
-99305
-49412
-11829
-7183
64191
68346
-73230
13169
45996
-75716
-87854
58712
62898
-1174
-81318
68217
5243
-86467
-20215
-1238
-61915
89388
83018
-11726
35051
-95549
57454
-45574
-54611
-83333
-55534
-73964
81887
87822
72751
-15126
-36664
-41744
-39972
-20338
-45174
99882
-41287
75871
-30054
194
-18913
56043
28087
8492
52270
27438
58885
15175
-44703
51299
7122
18791
6427
-11693
61789
-3321
-89333
27234
-58181
95700
-17776
38304
-43165
78221
5689
-78070
-11197
-10893
36137
7900
61365
23367
-6283
-13346
61209
-62747
-73976
-57488
-81320
-19463
97297
39301
47931
5320
61393
-23975
333
74167
-19658
-7822
95030
6899
59831
-83945
73000
-6263
-22683
29337
70688
60123
56320
-59692
-44435
16711
42602
-95870
-63214
-11265
-74675
96311
795
-55002
-28085
60802
34324
-58873
8589
-77424
27200
-90548
-35330
-23181
39911
-82567
70781
-18155
-69172
66310
19987
23431
97778
20580
-44020
60608
68817
36402
16608
-94461
-35330
-32836
58683
59526
10246
-41164
21353
39244
-54101
47035
86723
9747
84924
-41003
32
16777
-60998
6893
-85778
21300
-74116
-98068
86918
-38032
43953
-81859
-81787
-5257
-22194
-1300
55904
-21888
69518
46802
41653
-25428
90520
80968
-206
55353
93873
43322
84258
78043
29466
-85959
34790
-987
78069
-72510
1597
57377
21549
-50891
-65530
-40767
-43408
-9063
-39799
-87220
63148
46271
88001
82225
27406
1514
60199
-1999
58807
43270
56937
86964
-19480
52482
-17954
73541
-50116
-49179
53464
-43986
-44834
-18270
-57292
23840
42792
99572
-33393
7171
72965
-84075
19690
95927
-57218
3930
-4343
21716
35931
-6722
14894
-506
56593
12365
-74189
6
71871
33805
-58309
-58110
-92288
96626
49660
-62629
55002
-29683
-10982
85888
-14792
-23265
-95199
5041
26820
29837
-92967
-90428
-569
-94221
-21782
54496
10921
-7064
-80173
35527
42681
4478
-91927
-74577
8310
-78415
-74181
4760
-11478
-19174
26234
47309
97691
23908
93261
866
75920
47510
-25229
52929
83038
-43253
-66869
51712
-35038
-37814
-5004
-82141
67871
-82118
-20618
-31208
-96829
-30864
12751
72017
47256
52278
-10510
37870
-62421
91713
77573
-18110
76720
53190
-93654
75895
-47688
-29244
79471
30917
90817
89101
-33941
-18882
39885
-30760
-7850
37724
-12549
42380
83871
-91800
-99252
68481
-40103
-82327
56255
94972
74771
-28365
-94136
-87303
-43305
-20589
-71450
20608
88640
65956
95146
-6139
-9576
39089
-49437
68985
-30009
-41721
41231
69189
-19582
41036
42594
-78227
78755
41072
92604
-80489
19318
-12590
-77373
-99920
73312
-28120
34088
79792
42769
93793
-67257
37442
-3546
-92416
6797
-48722
-4913
25598
-62781
40158
-40801
-69350
7102
-7428
-54177
30323
-54458
79693
-62084
-89109
68153
-20460
45750
-34673
93035
55426
5930
-31880
-24931
-87467
-69534
-90879
73630
55943
60138
-9243
-28855
57928
-69226
48043
84940
56689
54974
18169
-35665
-25967
-64223
10577
98077
78671
-10849
90174
-77654
-33028
59394
45339
-96176
93438
43068
71826
-6207
28369
2660
-77494
-24647
67782
-74001
57280
73864
43184
18996
-81759
7768
-58124
57851
88782
-52721
89881
-73531
40511
46945
4340
-23220
-99388
-96207
-26623
3914
-16889
13058
-57964
78388
-70293
-86503
-74706
-32236
10056
-47322
-30912
14977
-44324
-98129
-72752
94402
-53448
-28008
52906
-67473
2784
80612
-91806
86732
-798
-5761
96649
-26666
53035
45155
-52822
55008
-84132
-33391
-47884
2865
-6744
87337
14559
53588
57155
-15400
76221
-25678
37900
62375
-18677
58829
-32718
97454
-55484
2886
-60225
66470
-13335
-20229
31870
3448
-29182
7859
-700
11409
45577
86811
75952
2992
90854
35942
60187
-61609
90813
68333
-43929
-67063
85380
51765
44450
35169
16838
-8410
-30977
-16521
61695
-64356
-36284
-22806
-55735
-29313
-73126
-7799
50011
52506
-98942
-32520
10683
36382
-21944
-90732
2304
-51129
36812
-7105
78116
-16724
-22622
-12781
9604
59329
-22558
-38653
61409
-47906
-72566
-42269
40433
33758
-80625
3508
7689
-47785
65779
66784
49251
-37693
84614
-86146
69973
-61120
58912
63348
81904
-571
-62403
-22744
-17764
-98702
51719
92594
27475
7620
-79531
47679
-73277
-23713
-49513
-45187
66897
-86030
-66516
58390
87283
-26703
-61149
20672
-26840
-53952
31647
46977
-45417
91132
-23880
81226
-18429
45003
-74418
-97157
36948
63483
79924
86710
13702
27337
58517
1258
-25376
23093
56002
-79598
30914
-25010
-50128
11517
-69770
81076
-10282
28008
-8150
85071
-75248
30316
-49552
-72282
14500
-5610
53981
6733
-14134
57702
72290
11542
48285
-35565
68426
87069
-84946
50814
82070
-10501
-86724
-7326
84048
63467
27554
-37554
33895
-99685
-98727
52863
-67219
96940
46090
-50760
-90182
-97429
6877
-4670
54380
73143
17717
53173
44827
-87658
-88486
87318
-91877
93924
-46048
84454
-85905
-31965
-60620
41525
-45259
-9614
36118
-34105
-31598
54227
-50254
96611
-47209
-30321
67749
82825
-54597
-88310
55674
-8407
91540
10948
28924
88630
92350
-84562
56247
14699
-77084
10734
-44800
62097
38483
-90121
-81317
-22191
-64494
21807
77326
54688
42183
71145
-88222
-89958
77891
-69845
95325
33637
20084
-77784
-12549
-37215
-87068
70591
15731
88304
-85313
74051
18212
76606
83657
-54062
46429
-51484
-35362
-65569
91332
16518
5224
77619
12766
-74047
98452
76039
78137
-14181
-40481
-58855
-38157
99330
-66645
-74969
7513
29609
-43120
-12301
-11808
74396
-72785
77721
-87251
-79251
99468
-95648
34732
17213
-33511
27772
-17897
96946
-87151
63998
12034
-12950
27343
-88143
90839
6751
-36009
-9383
70360
-82644
55374
59398
-34191
90024
-30120
50981
94201
39300
84193
-25749
-64819
-85495
5053
-3198
-74230
-36300
-2443
84708
75372
65729
15599
-60195
98592
-76580
34114
59296
94674
-16055
-89281
32277
9199
88066
-46818
-85785
-7490
1351
43355
-37060
70214
-85920
-43206
-4504
8576
-19502
44929
-52061
66169
74396
76751
83111
37676
39610
466
-5955
-82231
60183
-3450
95592
-40176
-54880
26871
-14383
2686
42081
-21718
17229
95389
43957
25708
44500
-96207
-58739
-37954
23450
30622
21272
-96697
-89243
-82168
64641
76847
-63600
65523
-33265
-7671
16474
20074
-64865
-10755
-59898
5018
-4196
74781
48657
68949
-33418
-87037
-33488
20896
-27415
85662
-64054
-73803
61777
14502
-82805
17980
34772
13438
-47608
54541
65582
94875
-75457
-40339
8666
-53765
70681
-29102
-74848
-82925
-91688
-25121
26396
-14393
63573
20346
-79163
99024
83288
8982
-8884
-47188
76064
-15590
-13140
-68187
97713
45902
-35445
64098
-97260
-17310
-25911
-90840
-34531
-12285
-19924
-96302
61962
-4120
74097
-54073
-2358
-75713
-91704
9341
-94385
53367
-24608
-21493
35984
47876
-11999
-58663
-95458
-85454
-22313
-4330
61560
77973
25459
-90795
70506
-12477
-50146
-36426
39573
53848
-46829
8454
-89240
93807
-77299
-94823
-71118
-31751
-36945
15269
-68426
79095
-95086
-56530
-37950
11666
-494
-75609
-10595
2623
-4982
33774
65642
-43428
-31991
-67830
-55415
635
-36086
77677
71346
-27383
-84559
22375
-75710
33800
62569
9920
90639
35240
32262
-51135
82255
90538
-58022
-55459
5766
-51950
57496
28813
-42331
71009
-11726
97823
43490
29132
26961
-86496
-78952
-23701
-2257
-71750
26995
84469
-61795
36975
-1351
-4721
98257
-40454
4472
68353
-5525
-43925
11541
13383
-89140
-52876
-66564
-20971
3917
39491
-65886
-51966
-91254
-22036
-76999
6402
-72765
-62213
30648
86970
-95614
-2541
13150
84748
-76395
-21318
-61226
99759
98319
-61880
14617
-73454
71459
-65628
56122
57663
-57631
86320
-10473
-2647
-80536
86107
-82378
29332
34871
9707
-70217
-59286
90814
67176
-75171
-89253
38117
-28035
-59512
72706
-99006
63788
65229
-29756
18110
84334
15107
13124
-62880
38834
93151
-54043
56636
76270
-748
96946
48572
68989
21170
-51855
56419
90308
-1351
69271
73775
65832
59001
28935
-48532
-73607
19424
-63397
94095
-325
-87992
9431
82022
28838
-3017
-87687
77568
-95440
-27792
-98648
97214
-19636
-92258
75816
-69771
-40663
-96324
-5034
46404
-80826
10943
37231
-82384
-33652
36703
45275
-9003
3446
61288
21506
-22457
43785
64761
-34069
-7272
-66632
64178
-43860
61019
45102
-88446
-89319
22431
98309
36367
42096
70047
28974
-96784
-8430
35843
62211
-86464
-71522
80060
80297
-21284
12084
39823
-25083
-57734
-83276
-95367
48089
69424
-91891
89509
-91361
40949
76287
20967
78284
-29705
-4885
-32281
-42866
-19594
-85993
92630
-90225
-56881
-26877
19605
-78841
37997
-92120
-63802
-124
79304
62409
38199
-46242
-57437
68251
32186
90620
52762
27343
23830
40072
-62582
-33835
30766
-63084
-28133
-98255
58610
-59958
-43045
-17894
46492
9537
61797
79248
42769
60616
-29782
4021
91723
95022
3796
-33442
-80205
-29929
82295
-24582
19537
80802
39985
51019
44347
-68250
81306
13806
-46512
-82838
-78446
13586
49511
-15889
16134
6149
41514
-91737
60875
22655
-41172
58094
97725
-37668
97998
-32702
-71042
36407
-56851
84447
-79554
39169
-67085
-73183
47603
98272
96580
49253
10449
9355
16113
-32576
72688
-80321
-24781
24869
914
52242
83944
-91587
82484
52363
23386
-75425
-55280
55290
-94078
-37555
14374
41767
-57592
87658
12791
94935
-19451
69356
29713
20379
-44912
32861
-52139
-40544
81508
91043
-24306
96731
-37112
-96864
-96222
44964
60976
-89761
5144
52178
-56766
54555
41015
-2107
-54275
-64898
38552
-7338
-84340
8681
-58877
-50208
-63313
-57443
-13044
-98724
90208
57152
-6464
43471
-73344
-34530
-86068
41604
87651
-24605
-34295
24502
-92857
83732
-75461
78893
985
39507
14370
66610
-86274
-95244
-62556
62283
83267
-1114
15427
-7679
-29107
21356
-88591
-55172
-78221
57451
44563
-25273
-48809
22774
62288
-47270
94951
27611
58873
77392
49847
5294
99540
-67318
30714
68483
84010
18892
117
47520
-4740
-73679
-6239
-27010
-12013
80261
-38091
-97930
65087
-38486
87252
-53182
-45038
-7110
-58736
99959
-1575
-82325
25056
-73596
57440
-37413
-67503
-31697
-24766
13988
82066
-96744
-86722
77821
-67154
-28453
91344
71864
53251
-62689
-90518
58744
-87018
14518
-10443
67269
-5356
-15467
75121
-70722
-62118
-77037
67729
2415
75323
1416
-36083
-53647
17365
-48073
-27490
-13643
-70530
-76697
-31404
53690
64733
55511
51349
-14623
-28601
-32240
-15670
-14335
87591
-68219
-55844
31540
-30837
57118
-67466
78217
58772
-43835
-20090
55776
-55972
1895
-68532
94433
45266
-72067
72974
64756
98767
-15174
-34262
98157
-37282
52426
6128
21240
61036
63684
-82622
-53681
-90683
-90568
66684
-95508
11858
70688
-94964
-96743
-60108
-39939
58361
-54017
56025
-4922
89180
87106
-97184
23625
-81461
40590
-96029
36963
52990
56116
-52520
70846
65401
75425
20517
-67248
99811
24740
-64929
700
-23489
76699
-78174
67360
-93439
13539
-53612
-90346
80759
53968
76499
-56336
54153
-3165
94084
85269
-63609
-18106
-41113
87287
3018
89002
-3384
69833
-80930
-81087
22600
-90229
96313
41892
-99389
60509
-3306
-31531
-50081
73929
38265
-71260
2115
-35149
84451
-3577
-88916
30944
50873
12177
-11677
96701
-69774
64015
-53749
-33067
-72725
-20884
31678
-27483
88012
89998
-10660
6699
21154
-66090
-11511
-35105
-23862
-88736
48242
-90134
-44862
84776
34081
95102
36710
-5
18889
74358
-75055
-55375
-94492
52899
-81234
-36542
-76606
74671
53987
70682
81627
15554
59951
81969
70226
5635
27605
-71313
-10296
-31855
18171
92026
62351
5085
-80818
72698
-95042
-36537
20753
-21165
16866
-94432
-46334
99557
-59489
-8051
-71644
-944
77073
8922
98862
-21627
90992
-40300
-426
-54007
-44589
-68911
-13670
-58852
-23259
-69074
6921
29001
-91992
23061
-10301
-71620
-52697
55478
-45802
-41821
83241
-40881
49044
-40028
-26528
-36588
-54998
-68335
-68877
-16845
66333
6289
-1769
-4751
-59982
82601
22507
71333
93633
14622
65606
-65959
14147
57216
-41754
-22121
-29707
-85065
63906
-37796
21517
-52725
-70727
-8817
-47622
44753
-13279
10084
50496
42929
16753
27714
4937
-65072
8086
-54049
9818
-6991
-29294
-30010
-73095
-41139
-75530
26719
-31951
-37631
35075
25287
69259
-82742
-26635
11979
7644
-40060
-75417
67479
-29848
-87130
70499
26331
-6608
-69495
-31260
-97641
79050
22510
-48093
-32916
41738
36872
-53119
65376
74462
-94664
-4018
13307
89205
-48085
59066
-82257
13570
-37817
20995
73683
-64956
-92085
88358
-35717
49110
-22798
78662
42978
-49580
30114
13863
-21776
-83307
26071
-80093
81793
-61929
-12611
-69525
33402
86973
-19038
-17235
74858
-43159
49452
-65280
77323
-64067
79460
-27738
30287
-48558
31202
-58548
85769
-41583
-87920
-50669
40165
-70459
31516
-67977
32131
37635
-74387
-86034
92825
-18027
53790
71527
-88300
-68746
29964
-22184
-59977
-40607
169
-45217
71096
3403
83821
16905
37695
67219
-84073
80111
-50103
13701
-48644
10290
2242
-67769
17948
43991
-61319
-80830
-45680
-12282
-73784
79320
-49526
-5383
-71130
11377
24722
-52785
62042
64800
-15547
44201
34976
44834
771
-45096
15687
41774
-64525
-15650
93248
-68836
58510
-86779
47428
-43378
2256
29295
61968
87936
-85160
-88435
61503
-38297
-55211
5742
-44260
74318
-75676
58093
63819
85666
60716
-336
-30832
62836
55036
-75295
41957
95075
-42469
-17724
-29419
-37529
90907
-67749
57822
35787
-48340
-8342
-51532
-94734
54801
12411
83561
46587
-35423
-77684
34254
-72622
-24466
22392
79600
63437
-11787
75301
88332
51468
-51532
-24397
-70722
6706
819
-24920
99765
27254
97267
-37897
-98479
-77356
36770
83684
-71703
-57816
51652
88973
40087
68892
-12196
-87749
-52053
-97078
52107
13141
-63458
7534
6037
81851
-45407
-63395
75952
5409
-82147
71938
-16884
-37371
46269
47460
68948
1714
79541
14188
-35990
-81691
6212
-66166
62807
96701
48918
4051
-73642
83262
-17466
-33534
31521
74742
59081
40803
97760
8709
-93551
3492
25491
-3451
428
-64587
-15718
-16899
13680
-4561
87039
86660
-52956
-63010
79022
-8169
66805
93441
37759
-69419
-49358
78553
-37358
-16650
9574
43517
41922
42080
-23573
95678
-597
35776
-12624
-26961
-21047
-46328
-48846
89598
16707
-35717
44219
-54948
79592
-73970
-99773
2417
39628
87959
97869
46939
-49970
20344
-74967
-57323
-14309
90981
-58036
-37514
638
-67629
15145
-54708
60693
2815
28587
76162
-58150
-93835
88012
32968
-93313
-65340
-48470
-16195
96375
-13916
70098
-42129
80055
88095
-27509
73463
-40582
42815
71755
1741
33981
-23776
-84905
-3836
-21011
-74320
-76748
-6292
-82139
46840
40863
54902
18182
61753
50120
39647
-49278
-95435
82166
99598
-5774
-79530
-42794
-23796
30622
-65315
53694
-12942
-9136
-31548
-52599
-18719
29857
76529
85075
-96667
8084
-33313
-96648
-33816
-52590
80848
50156
88032
79487
-5084
-62436
85509
66898
-4386
-84782
-4931
10125
38460
21510
56311
-22080
83004
-84572
-82018
-36478
-84186
63091
22411
-26874
-84691
16869
-4656
-56855
-70594
-54968
50988
66214
-15822
-83347
-67109
65680
-19983
-4851
-10948
-57820
-81162
-23887
54974
35117
-46759
-41829
-72313
-70871
-92198
92990
4954
8676
65126
94036
-85524
-65440
6138
58370
-74878
72921
88541
-40927
36520
-47014
-35038
-84796
-46634
70561
99695
-71359
-52314
40634
37807
-21273
-24111
11369
-16983
23329
-81671
91322
19334
25460
-5666
-27125
-77886
-7967
-57204
83170
-39721
40989
23117
-15369
-84496
-28061
75963
53066
-7281
-1672
-13969
98215
-78713
-56469
33747
-59316
-48266
-73881
25318
15007
-5538
78394
83875
83851
-66188
-45733
72009
-86490
-61809
-41828
-67842
-50755
-13444
44383
-72873
42945
-58303
92173
69187
-41504
29106
72287
-74877
-66249
52852
48736
30585
25900
8257
-14005
-90070
-51772
45895
-59489
-97269
89304
-28813
-91745
13088
-59821
-26890
68663
75879
-21763
-87414
91086
-87814
-27089
62686
40873
8800
37873
34240
67501
-74585
-1952
71980
75238
90215
66566
-77765
-28146
80101
18562
-3741
31494
27480
93031
200
74944
80395
-41976
63403
54353
-14382
84561
26102
29099
-98281
96503
-80451
-14165
67170
-48732
7862
18685
57054
12197
-88185
48255
58387
-19968
-41117
34159
-84904
-81748
19726
-24763
47368
44341
80530
68096
48172
-41152
36662
-39455
35038
-64177
-99667
-29135
27772
8379
-6105
-48297
30659
91531
-50301
22179
27346
-6157
-21333
-37152
-7161
75610
-40430
92215
72780
-81710
1871
5251
9111
-31038
-85104
-98548
-74218
80057
10506
57228
44320
9407
85022
76311
-25679
-52466
98808
2858
30105
-59064
75265
-68767
-35690
-23630
-76156
-49643
-26828
-45892
80535
83755
-2559
-7408
50707
-68364
78958
-18767
37599
-50138
72567
-7744
14894
-44191
45433
39906
32393
-3020
-32855
933
-13080
47255
7017
-46909
30007
85940
-5282
-45611
17696
52894
-5627
-36585
80479
-14124
-35474
79104
77132
-67790
-89619
91156
73196
1499
12611
40117
52342
55405
87799
-65685
-20213
48248
-89884
76243
-39533
31174
-35231
63771
-37170
-98654
56996
-66341
49182
-82449
8503
30162
69103
82492
43778
-61076
65215
43071
-85074
-67823
-97097
-38912
-44115
98121
9
-12962
12707
-36976
74153
48261
-339
41210
42390
-59971
-26423
-13654
87299
-37099
98651
64756
-38957
-87799
13134
41283
-57002
53463
89553
-37823
43909
-12649
-35366
-21285
-94065
25419
47641
-290
72087
-13098
-4379
-21720
94516
90694
-59467
18377
28344
32148
48945
94752
75394
94089
-78993
-57798
-84257
31441
-66620
-32944
45041
84631
-43061
-74656
-91592
-3069
-93370
-58036
-17119
49572
72028
94905
-20783
11727
58957
13275
57194
87096
-44570
-27502
-90411
87115
78351
-29888
-58260
-6629
11215
-22260
-20261
-38433
-45267
-57316
-31765
-8950
-1534
-34468
75416
-69970
93238
12775
7677
33931
91839
36950
52738
-72129
22713
-67335
-42723
14713
32414
-23489
-7276
11466
57268
-75216
-39376
25818
84514
64315
-84354
84680
-96672
19130
67702
53237
47746
-91188
-26851
-61749
-62607
-69841
80318
-4935
-86192
-59646
-50657
-82723
83817
70462
-59441
60437
14150
31809
12716
-13124
74386
-2188
-75978
-71156
38693
27385
34451
