3
0
2
3
7
3
5
6
9
9
10
13
13
11
14
13
16
20
16
22
23
22
25
21
24
25
24
30
27
29
28
34
35
36
33
37
35
35
41
42
42
44
45
41
47
46
49
47
48
49
49
54
54
51
56
58
58
55
58
61
59
62
61
66
64
67
68
67
66
72
70
69
75
72
73
77
77
80
78
80
79
79
85
83
87
87
88
89
90
92
91
89
94
93
94
98
96
98
98
102
99
101
102
106
105
106
105
108
108
110
111
113
110
115
113
117
118
116
118
121
120
121
122
124
125
124
125
126
128
128
132
130
131
133
135
138
136
139
136
141
140
143
142
144
143
147
147
147
151
147
148
149
152
152
156
157
154
155
161
159
158
163
163
164
165
167
167
165
169
167
169
171
173
173
172
176
174
180
178
181
183
181
184
186
187
186
184
190
190
192
190
189
193
196
193
196
197
199
198
199
200
200
201
204
206
203
206
205
209
211
208
211
211
216
217
218
215
219
216
220
222
219
222
222
225
224
226
228
228
232
230
229
232
236
232
236
236
239
238
240
238
243
244
245
242
244
244
247
250
250
250
254
255
251
252
254
258
257
259
257
260
260
264
263
266
264
264
266
270
268
271
269
270
273
273
278
276
280
281
279
280
282
283
284
287
284
288
288
290
288
293
290
290
295
292
296
295
295
301
298
300
302
305
301
304
303
304
309
306
308
313
309
312
311
312
314
314
315
321
321
321
324
320
325
326
326
329
330
329
328
333
332
334
333
334
334
335
340
337
337
340
342
342
341
346
346
344
350
351
351
350
351
352
352
355
356
358
358
360
358
359
360
363
362
362
368
364
367
369
370
369
372
374
372
375
375
374
378
378
378
380
383
380
385
384
386
387
386
391
389
393
392
391
393
397
394
394
397
401
401
400
401
402
401
403
404
406
409
407
407
412
412
410
414
414
416
415
415
416
417
420
423
425
426
424
428
427
429
429
429
429
430
435
436
436
437
437
440
436
439
438
444
443
441
444
443
447
446
446
452
451
451
454
456
452
458
458
456
456
459
461
459
461
461
462
466
465
467
470
468
470
473
470
475
472
474
474
480
481
482
478
483
482
484
484
483
487
487
486
487
492
492
492
493
493
496
494
500
499
497
503
499
505
502
507
507
507
507
511
510
508
509
513
513
517
513
516
517
519
521
520
520
524
524
524
526
526
529
526
530
533
529
530
533
534
534
538
538
538
540
542
544
545
541
544
546
547
546
550
550
548
554
551
556
555
556
557
557
557
557
560
563
563
561
562
564
568
570
569
568
569
569
575
573
577
578
575
577
579
578
582
579
581
581
585
584
584
587
588
592
591
593
592
595
597
595
598
600
600
601
602
603
602
603
605
607
605
609
606
609
608
609
613
616
612
614
614
617
617
620
620
622
622
621
624
626
624
630
627
631
629
631
635
636
632
636
636
637
637
640
638
641
640
644
643
643
649
649
648
648
651
650
650
653
657
657
655
657
658
661
658
659
665
664
665
663
665
665
671
669
672
671
675
674
675
678
674
678
678
682
682
679
680
686
683
683
686
687
690
690
693
691
691
695
696
693
695
700
700
697
699
702
703
705
704
706
708
706
707
710
709
712
713
715
714
715
719
715
720
720
720
724
724
723
724
726
729
726
727
732
730
729
733
736
737
734
738
736
737
737
741
741
744
746
746
743
749
750
751
750
753
754
755
752
756
756
759
758
758
761
761
763
763
764
765
763
765
769
769
767
773
771
775
774
772
774
777
780
779
781
783
784
785
781
787
785
788
788
789
791
791
792
790
796
796
794
799
800
798
802
798
803
800
801
802
807
809
808
806
810
809
809
814
816
817
814
818
818
816
818
820
820
821
822
822
828
824
825
829
832
830
830
834
831
833
835
837
836
836
837
838
842
845
846
843
844
849
845
847
852
850
851
850
854
855
855
854
855
858
862
862
859
863
864
862
868
868
866
866
872
868
870
875
876
874
874
874
878
881
881
883
881
883
885
882
886
885
887
891
890
891
893
892
892
897
898
899
900
899
900
899
903
903
902
903
907
908
907
907
912
911
913
915
914
914
916
915
919
921
922
920
924
925
925
927
928
929
925
930
928
929
932
935
932
935
937
935
936
940
940
943
939
944
943
942
945
947
946
949
947
949
953
950
953
956
957
954
956
960
962
959
964
961
966
962
963
968
966
967
968
973
972
971
971
977
977
976
979
980
981
979
984
980
983
986
986
984
990
987
991
988
989
994
993
992
996
994
998
996
998
1002
999
1005
1001
1004
1008
1007
1009
1010
1007
1012
1014
1012
1013
1013
1014
1014
1019
1018
1020
1021
1020
1024
1025
1023
1028
1029
1029
1027
1028
1032
1033
1031
1036
1034
1036
1034
1040
1038
1037
1040
1041
1045
1046
1046
1046
1046
1050
1047
1048
1052
1051
1054
1052
1052
1055
1055
1058
1060
1059
1061
1060
1063
1066
1064
1064
1069
1066
1069
1072
1069
1069
1071
1073
1077
1075
1077
1077
1079
1078
1083
1081
1083
1081
1083
1087
1087
1088
1087
1090
1091
1090
1092
1094
1093
1095
1095
1095
1098
1102
1098
1099
1104
1105
1107
1104
1105
1108
1110
1112
1109
1111
1111
1112
1116
1115
1114
1116
1120
1118
1120
1119
1125
1124
1123
1128
1129
1128
1129
1129
1133
1129
1131
1134
1135
1134
1135
1138
1139
1139
1139
1140
1140
1143
1142
1147
1146
1145
1148
1147
1149
1150
1155
1154
1152
1154
1158
1156
1156
1157
1161
1159
1164
1161
1166
1166
1165
1167
1168
1170
1173
1170
1174
1173
1175
1173
1176
1177
1177
1178
1181
1182
1184
1185
1184
1183
1189
1188
1189
1190
1192
1190
1191
1194
1193
1195
1199
1198
1196
1200
1203
1199
1202
1206
1206
1208
1209
1205
1206
1211
1209
1213
1211
1213
1217
1214
1216
1220
1218
1217
1218
1224
1224
1221
1222
1224
1224
1229
1227
1229
1231
1230
1233
1236
1233
1235
1238
1239
1238
1242
1242
1244
1244
1245
1244
1243
1248
1248
1246
1248
1252
1253
1253
1254
1252
1255
1255
1256
1261
1259
1260
1261
1265
1261
1264
1263
1266
1269
1267
1267
1271
1269
1272
1274
1273
1278
1279
1278
1277
1282
1278
1284
1280
1281
1285
1288
1287
1288
1290
1290
1293
1293
1290
1294
1294
1294
1294
1295
1298
1298
1298
1303
1305
1304
1303
1303
1308
1310
1310
1311
1309
1311
1315
1314
1316
1316
1319
1319
1320
1319
1322
1323
1325
1326
1324
1328
1326
1325
1331
1327
1330
1331
1334
1334
1332
1338
1334
1340
1339
1338
1341
1343
1345
1343
1346
1343
1348
1348
1350
1348
1352
1349
1353
1353
1352
1355
1356
1356
1358
1362
1359
1364
1364
1364
1366
1366
1366
1368
1371
1368
1373
1373
1370
1371
1373
1373
1374
1377
1378
1378
1383
1384
1383
1382
1385
1387
1384
1387
1389
1387
1388
1392
1394
1392
1397
1398
1399
1399
1396
1397
1403
1399
1401
1405
1405
1407
1405
1406
1406
1408
1411
1411
1413
1415
1414
1414
1414
1417
1421
1417
1419
1423
1424
1424
1426
1428
1427
1426
1426
1430
1430
1429
1432
1434
1433
1438
1436
1437
1436
1439
1439
1441
1444
1442
1443
1443
1445
1449
1447
1448
1452
1453
1451
1451
1455
1454
1459
1455
1461
1460
1458
1464
1464
1464
1466
1463
1467
1469
1470
1468
1473
1472
1471
1473
1474
1474
1478
1475
1481
1481
1478
1481
1485
1483
1484
1486
1484
1489
1490
1487
1493
1494
1493
1494
1496
1497
1494
1498
1500
1498
1498
1501
1502
1505
1503
1506
1508
1505
1507
1510
1509
1511
1511
1513
1512
1516
1519
1518
1518
1519
1522
1524
1523
1526
1527
1526
1529
1529
1531
1528
1531
1530
1531
1532
1536
1535
1536
1538
1537
1537
1540
1541
1545
1545
1544
1546
1549
1545
1546
1548
1551
1552
1552
1556
1557
1554
1554
1559
1557
1559
1561
1562
1565
1561
1567
1563
1569
1566
1566
1569
1570
1572
1570
1572
1575
1574
1579
1575
1578
1581
1579
1583
1583
1582
1585
1586
1586
1587
1587
1591
1589
1592
1592
1591
1595
1598
1596
1597
1597
1597
1599
1601
1604
1601
1602
1605
1604
1609
1611
1608
1610
1614
1611
1615
1612
1614
1615
1620
1619
1618
1622
1624
1622
1621
1625
1625
1625
1630
1628
1632
1631
1633
1630
1631
1634
1635
1638
1635
1638
1638
1638
1642
1643
1642
1646
1644
1646
1647
1647
1652
1651
1654
1654
1656
1656
1655
1657
1656
1657
1657
1660
1663
1665
1665
1667
1666
1667
1669
1671
1670
1668
1672
1675
1676
1677
1674
1675
1675
1681
1677
1678
1684
1684
1685
1685
1685
1689
1690
1691
1691
1690
1692
1693
1693
1695
1693
1694
1698
1698
1701
1701
1701
1702
1706
1705
1705
1704
1705
1708
1710
1709
1711
1711
1712
1714
1714
1717
1720
1718
1720
1719
1720
1721
1724
1723
1724
1729
1730
1727
1731
1732
1729
1731
1736
1735
1737
1738
1736
1739
1741
1738
1744
1745
1742
1742
1747
1747
1747
1747
1752
1750
1752
1751
1751
1754
1755
1757
1757
1759
1759
1761
1760
1765
1765
1763
1764
1767
1765
1769
1771
1769
1770
1773
1773
1776
1778
1778
1779
1781
1779
1779
1781
1781
1783
1787
1783
1788
1790
1788
1787
1789
1794
1795
1791
1794
1793
1797
1799
1797
1801
1802
1802
1800
1802
1804
1807
1809
1810
1811
1808
1810
1811
1814
1814
1813
1816
1819
1820
1820
1818
1823
1820
1820
1823
1823
1827
1824
1825
1830
1828
1830
1830
1832
1836
1837
1837
1839
1839
1840
1838
1839
1842
1840
1843
1847
1845
1846
1845
1849
1849
1850
1854
1852
1856
1852
1854
1858
1859
1856
1857
1860
1859
1863
1861
1867
1867
1869
1868
1871
1869
1872
1872
1872
1876
1874
1874
1875
1878
1879
1879
1878
1883
1880
1886
1884
1887
1887
1887
1891
1887
1888
1890
1895
1892
1894
1894
1894
1899
1899
1902
1898
1902
1905
1906
1903
1907
1909
1907
1911
1912
1912
1913
1911
1913
1915
1916
1919
1920
1921
1920
1920
1919
1921
1926
1923
1923
1928
1925
1930
1929
1930
1930
1933
1932
1934
1934
1934
1936
1937
1939
1941
1943
1940
1941
1942
1948
1949
1948
1948
1948
1953
1951
1951
1951
1952
1953
1955
1955
1959
1959
1962
1962
1961
1964
1966
1964
1966
1969
1969
1971
1971
1972
1971
1972
1972
1976
1979
1979
1981
1980
1980
1982
1985
1981
1984
1988
1987
1988
1986
1988
1991
1991
1991
1991
1996
1997
1995
1999
1997
1997
2002
2003
2000
2005
2004
2005
2009
2006
2009
2010
2011
2012
2014
2015
2016
2014
2016
2016
2018
2022
2021
2023
2021
2025
2024
2026
2025
2030
2028
2027
2029
2030
2035
2034
2036
2038
2035
2036
2036
2041
2040
2040
2043
2044
2044
2043
2046
2045
2051
2047
2049
2049
2051
2056
2053
2056
2054
2057
2056
2060
2059
2062
2065
2065
2066
2063
2066
2065
2070
2069
2069
2070
2072
2075
2075
2073
2077
2078
2081
2077
2081
2079
2080
2081
2084
2085
2089
2085
2088
2087
2090
2094
2094
2096
2093
2096
2094
2097
2099
2099
2098
2103
2100
2102
2107
2103
2106
2108
2111
2112
2110
2114
2114
2115
2117
2118
2115
2116
2121
2117
2123
2120
2124
2125
2127
2128
2127
2125
2127
2127
2133
2130
2135
2136
2137
2138
2136
2139
2136
2138
2142
2143
2141
2144
2143
2147
2144
2149
2147
2150
2153
2152
2154
2156
2154
2156
2154
2158
2156
2161
2163
2161
2163
2163
2163
2165
2164
2170
2166
2169
2171
2171
2175
2172
2174
2174
2174
2179
2179
2179
2178
2181
2181
2185
2183
2187
2187
2190
2190
2189
2190
2194
2195
2191
2195
2193
2197
2196
2198
2200
2201
2202
2205
2203
2203
2208
2208
2209
2208
2209
2210
2210
2213
2211
2215
2213
2217
2220
2219
2220
2220
2224
2223
2221
2226
2223
2227
2230
2230
2232
2228
2232
2231
2232
2237
2233
2238
2236
2236
2238
2238
2244
2244
2243
2243
2244
2247
2246
2251
2248
2251
2252
2254
2252
2253
2255
2258
2256
2259
2261
2262
2260
2260
2261
2265
2268
2269
2270
2269
2269
2271
2269
2270
2275
2276
2273
2274
2275
2276
2277
2278
2282
2285
2282
2286
2283
2285
2286
2289
2292
2292
2292
2294
2291
2295
2295
2294
2295
2297
2297
2300
2302
2300
2304
2304
2305
2309
2309
2310
2307
2309
2311
2315
2316
2312
2318
2317
2315
2318
2319
2321
2323
2321
2321
2326
2328
2329
2329
2330
2331
2331
2330
2330
2331
2334
2336
2336
2337
2340
2342
2338
2342
2344
2342
2345
2348
2348
2347
2351
2350
2352
2354
2351
2354
2353
2354
2354
2356
2358
2362
2360
2364
2365
2366
2365
2365
2365
2370
2367
2367
2370
2374
2374
2373
2376
2376
2377
2376
2377
2380
2382
2384
2383
2384
2385
2386
2387
2389
2389
2387
2393
2391
2394
2393
2393
2395
2396
2400
2401
2398
2398
2401
2401
2406
2402
2408
2404
2409
2408
2412
2413
2413
2413
2415
2416
2418
2419
2418
2419
2421
2423
2423
2420
2421
2423
2426
2428
2430
2427
2428
2429
2430
2432
2433
2433
2433
2435
2437
2436
2437
2440
2440
2445
2446
2445
2443
2449
2449
2448
2452
2451
2450
2450
2451
2453
2457
2454
2455
2456
2461
2461
2459
2462
2465
2463
2464
2467
2468
2470
2467
2469
2472
2474
2474
2473
2475
2477
2479
2481
2478
2478
2484
2480
2482
2486
2487
2489
2489
2489
2490
2492
2490
2494
2496
2495
2496
2494
2499
2499
2502
2502
2501
2503
2503
2504
2506
2504
2508
2506
2512
2510
2509
2511
2511
2514
2513
2518
2517
2520
2517
2519
2523
2524
2526
2524
2526
2527
2530
2527
2529
2532
2533
2533
2534
2534
2537
2537
2535
2538
2540
2543
2541
2540
2543
2545
2545
2544
2549
2551
2547
2549
2550
2552
2553
2557
2557
2558
2557
2557
2560
2559
2560
2562
2562
2563
2566
2565
2570
2569
2571
2573
2572
2574
2572
2572
2577
2577
2575
2581
2578
2583
2579
2584
2584
2582
2584
2585
2588
2590
2588
2592
2590
2592
2596
2595
2598
2595
2599
2598
2601
2598
2602
2600
2604
2607
2607
2609
2610
2610
2608
2611
2612
2615
2611
2613
2614
2618
2620
2621
2617
2621
2623
2625
2625
2626
2625
2625
2628
2628
2632
2629
2630
2630
2633
2636
2635
2634
2640
2638
2640
2642
2644
2642
2642
2643
2643
2649
2648
2651
2647
2653
2651
2654
2651
2654
2658
2658
2658
2657
2661
2663
2664
2660
2664
2666
2667
2669
2666
2670
2670
2670
2674
2671
2673
2672
2676
2677
2677
2676
2682
2680
2682
2680
2686
2686
2685
2688
2686
2688
2687
2692
2691
2693
2692
2695
2693
2697
2697
2699
2697
2702
2704
2703
2702
2707
2707
2705
2709
2707
2710
2710
2710
2710
2713
2712
2713
2717
2715
2718
2720
2722
2722
2724
2725
2727
2728
2727
2730
2731
2728
2731
2732
2731
2733
2733
2733
2734
2735
2740
2737
2742
2739
2742
2744
2742
2746
2747
2747
2750
2752
2751
2750
2754
2752
2755
2755
2758
2759
2758
2762
2763
2759
2761
2763
2763
2766
2769
2766
2770
2767
2770
2771
2770
2776
2775
2776
2778
2775
2780
2782
2783
2784
2785
2781
2782
2788
2788
2788
2787
2789
2790
2789
2794
2791
2794
2794
2796
2800
2797
2802
2799
2802
2800
2805
2805
2808
2807
2809
2808
2807
2809
2809
2813
2811
2815
2815
2819
2818
2821
2821
2822
2819
2821
2825
2825
2825
2825
2825
2828
2831
2832
2834
2834
2834
2836
2836
2839
2840
2836
2838
2841
2844
2843
2843
2844
2843
2845
2850
2846
2851
2850
2854
2855
2852
2857
2855
2855
2857
2858
2859
2862
2861
2863
2865
2864
2864
2866
2868
2866
2868
2872
2870
2872
2875
2874
2876
2876
2880
2880
2877
2881
2884
2880
2884
2886
2885
2887
2888
2890
2892
2893
2893
2890
2896
2892
2897
2898
2897
2900
2897
2902
2904
2902
2902
2907
2904
2908
2909
2911
2907
2911
2911
2914
2914
2914
2915
2916
2917
2916
2918
2921
2924
2922
2924
2922
2926
2926
2930
2929
2931
2929
2931
2932
2932
2932
2934
2937
2940
2941
2937
2940
2944
2945
2942
2943
2946
2949
2947
2947
2949
2951
2950
2954
2952
2956
2955
2959
2959
2956
2962
2958
2960
2960
2964
2962
2965
2969
2968
2970
2968
2970
2971
2973
2972
2973
2975
2977
2977
2976
2982
2980
2981
2983
2983
2984
2986
2985
2987
2988
2992
2991
2993
2995
2996
2995
2994
2998
2998
3000
2999
2999
3003
3004
3006
3004
3006
3005
3008
3008
3011
3011
3009
3010
3016
3015
3013
3016
3019
3018
3017
3019
3024
3023
3025
3025
3023
3029
3025
3031
3029
3032
3032
3033
3031
3032
3038
3039
3040
3037
3041
3041
3041
3045
3045
3043
3046
3046
3047
3048
3050
3051
3051
3055
3055
3057
3057
3054
3059
3059
3057
3062
3059
3060
3062
3064
3066
3065
3069
3066
3068
3068
3073
3071
3073
3074
3075
3078
3077
3081
3079
3080
3083
3082
3083
3085
3086
3084
3090
3087
3091
3091
3093
3095
3092
3095
3095
3095
3096
3099
3102
3100
3102
3105
3106
3106
3107
3109
3107
3110
3110
3110
3109
3113
3111
3115
3118
3115
3117
3119
3119
3119
3124
3125
3121
3126
3128
3125
3125
3129
3127
3129
3130
3135
3132
3132
3137
3139
3138
3139
3142
3142
3139
3140
3142
3144
3144
3148
3148
3147
3152
3148
3152
3150
3153
3153
3154
3157
3158
3157
3160
3160
3163
3162
3163
3162
3168
3168
3169
3168
3170
3173
3173
3175
3171
3172
3174
3174
3175
3180
3180
3181
3182
3181
3181
3184
3185
3189
3189
3187
3190
3190
3189
3195
3192
3193
3197
3197
3197
3201
3197
3199
3202
3203
3203
3202
3207
3208
3205
3211
3209
3211
3211
3212
3211
3214
3217
3214
3219
3220
3220
3220
3221
3220
3222
3226
3228
3228
3227
3229
3227
3230
3230
3235
3231
3233
3237
3234
3237
3237
3239
3241
3239
3241
3241
3245
3243
3245
3246
3251
3252
3249
3251
3253
3251
3254
3253
3257
3258
3261
3260
3259
3261
3260
3263
3266
3266
3268
3269
3270
3269
3270
3271
3271
3274
3275
3276
3275
3279
3280
3278
3283
3280
3284
3283
3283
3287
3284
3288
3291
3288
3288
3294
3295
3296
3295
3295
3297
3295
3298
3302
3299
3299
3302
3304
3303
3304
3307
3310
3308
3308
3312
3312
3312
3315
3314
3315
3318
3316
3321
3319
3320
3321
3324
3326
3322
3327
3324
3326
3327
3327
3329
3331
3335
3332
3335
3333
3334
3338
3341
3339
3339
3343
3343
3344
3345
3347
3346
3345
3350
3347
3349
3354
3350
3352
3353
3353
3354
3358
3360
3358
3359
3362
3363
3366
3364
3363
3368
3367
3370
3372
3372
3374
3375
3372
3374
3374
3379
3375
3380
3377
3380
3384
3380
3386
3386
3386
3385
3389
3389
3390
3392
3390
3391
3394
3395
3395
3395
3400
3400
3398
3399
3400
3405
3404
3407
3405
3404
3409
3406
3411
3412
3409
3411
3415
3415
3416
3419
3416
3419
3422
3420
3421
3425
3422
3425
3428
3427
3425
3428
3427
3432
3434
3430
3436
3436
3433
3437
3438
3439
3441
3441
3443
3444
3443
3445
3447
3448
3450
3451
3449
3452
3451
3454
3456
3452
3455
3457
3455
3458
3457
3461
3462
3463
3462
3462
3463
3466
3468
3470
3469
3471
3473
3471
3475
3477
3475
3478
3478
3478
3482
3483
3480
3481
3481
3483
3485
3488
3485
3490
3488
3492
3494
3491
3492
3496
3496
3498
3498
3498
3497
3502
3503
3503
3504
3506
3504
3506
3508
3507
3508
3513
3514
3512
3512
3514
3516
3518
3515
3520
3517
3520
3519
3524
3523
3525
3527
3528
3530
3531
3528
3533
3534
3535
3535
3533
3534
3538
3536
3537
3538
3542
3542
3542
3545
3543
3548
3546
3549
3549
3552
3549
3549
3554
3552
3556
3558
3558
3555
3556
3560
3563
3562
3564
3565
3562
3566
3568
3567
3569
3570
3569
3572
3573
3573
3576
3575
3576
3575
3579
3580
3583
3583
3581
3585
3587
3586
3588
3589
3591
3587
3588
3594
3591
3592
3592
3596
3595
3597
3598
3602
3603
3600
3604
3605
3604
3603
3609
3610
3611
3612
3611
3609
3615
3613
3613
3616
3617
3618
3618
3617
3619
3619
3623
3626
3625
3625
3629
3625
3631
3630
3631
3632
3630
3636
3632
3634
3636
3635
3636
3638
3643
3641
3641
3645
3644
3643
3649
3646
3650
3649
3650
3651
3652
3651
3653
3656
3656
3656
3661
3657
3661
3663
3662
3661
3664
3665
3667
3667
3671
3668
3669
3671
3673
3671
3677
3674
3676
3675
3679
3680
3680
3684
3685
3683
3686
3685
3688
3690
3687
3692
3690
3692
3693
3691
3697
3695
3697
3700
3701
3700
3702
3700
3700
3704
3704
3704
3706
3710
3711
3709
3710
3714
3713
3715
3716
3718
3718
3716
3719
3718
3722
3723
3721
3726
3727
3727
3725
3725
3729
3729
3729
3733
3734
3733
3733
3736
3735
3735
3739
3741
3741
3742
3741
3741
3745
3744
3744
3750
3748
3749
3753
3753
3753
3754
3756
3753
3759
3756
3756
3759
3758
3760
3764
3762
3762
3768
3767
3766
3771
3769
3770
3770
3771
3772
3776
3777
3776
3776
3779
3780
3782
3780
3785
3782
3782
3788
3784
3786
3787
3788
3789
3792
3791
3792
3792
3793
3796
3795
3800
3799
3799
3803
3804
3803
3806
3807
3806
3809
3809
3811
3811
3812
3811
3811
3812
3817
3817
3818
3817
3820
3823
3821
3822
3823
3827
3826
3827
3830
3827
3832
3832
3832
3835
3831
3837
3833
3834
3839
3840
3841
3840
3842
3843
3841
3842
3843
3846
3845
3846
3847
3849
3849
3850
3853
3854
3853
3856
3859
3859
3858
3860
3862
3861
3864
3867
3866
3867
3867
3867
3872
3872
3870
3874
3871
3873
3874
3878
3875
3876
3879
3882
3884
3883
3881
3886
3885
3884
3890
3887
3887
3889
3890
3895
3895
3897
3893
3899
3895
3901
3900
3903
3903
3904
3906
3907
3903
3904
3909
3907
3907
3910
3913
3915
3916
3916
3915
3914
3916
3916
3922
3923
3919
3925
3925
3923
3926
3927
3925
3931
3928
3930
3932
3931
3934
3932
3935
3938
3936
3941
3942
3942
3940
3940
3942
3944
3943
3948
3946
3948
3949
3950
3949
3954
3955
3952
3957
3958
3958
3961
3962
3961
3961
3964
3963
3964
3968
3965
3968
3967
3970
3969
3974
3973
3974
3975
3976
3975
3978
3977
3978
3982
3983
3984
3985
3982
3984
3987
3985
3988
3987
3992
3993
3993
3994
3997
3994
3997
3999
3996
3997
4003
4000
4005
4005
4004
4006
4006
4010
4008
4010
4012
4012
4015
4016
4012
4015
4015
4016
4019
4018
4020
4023
4025
4021
4022
4023
4029
4025
4029
4028
4030
4032
4034
4031
4036
4036
4035
4040
4040
4040
4039
4044
4045
4042
4045
4046
4048
4046
4046
4049
4051
4052
4052
4054
4052
4057
4055
4057
4060
4060
4060
4063
4061
4061
4062
4065
4066
4068
4071
4069
4068
4073
4072
4071
4073
4077
4074
4075
4078
4081
4083
4081
4083
4082
4083
4088
4084
4087
4090
4092
4093
4092
4093
4092
4093
4093
4096
4099
4101
4101
4100
4100
4105
4103
4103
4104
4105
4110
4110
4108
4112
4109
4110
4113
4115
4115
4117
4117
4118
4117
4121
4124
4125
4121
4124
4125
4124
4126
4127
4129
4128
4129
4131
4136
4132
4138
4134
4137
4140
4139
4139
4139
4142
4142
4147
4145
4149
4148
4148
4148
4153
4153
4151
4151
4156
4156
4157
4157
4158
4158
4162
4162
4162
4162
4165
4163
4167
4170
4171
4169
4170
4170
4174
4175
4176
4173
4177
4177
4176
4182
4178
4181
4181
4182
4182
4187
4185
4187
4186
4187
4189
4189
4191
4195
4197
4197
4195
4200
4200
4198
4199
4203
4202
4203
4207
4205
4207
4208
4206
4212
4210
4210
4210
4214
4212
4213
4219
4219
4221
4221
4223
4224
4225
4221
4225
4224
4225
4227
4226
4231
4231
4233
4233
4232
4233
4236
4237
4239
4237
4239
4242
4240
4242
4245
4244
4244
4246
4248
4247
4247
4253
4254
4250
4251
4253
4254
4254
4260
4256
4258
4263
4263
4261
4264
4262
4266
4265
4268
4267
4267
4269
4274
4273
4276
4275
4275
4279
4275
4281
4277
4280
4280
4282
4286
4286
4285
4288
4290
4291
4290
4291
4292
4291
4294
4295
4293
4298
4299
4297
4297
4299
4303
4301
4303
4306
4306
4307
4309
4311
4309
4313
4314
4314
4316
4316
4315
4317
4319
4319
4317
4319
4319
4325
4324
4323
4328
4328
4326
4328
4329
4330
4330
4331
4333
4332
4338
4338
4338
4336
4339
4339
4340
4343
4346
4342
4347
4349
4346
4347
4347
4349
4350
4350
4352
4352
4358
4356
4360
4359
4358
4361
4364
4364
4366
4364
4363
4369
4369
4367
4371
4371
4374
4372
4373
4374
4373
4376
4377
4379
4378
4381
4381
4380
4385
4386
4387
4389
4387
4389
4391
4389
4392
4390
4393
4392
4396
4399
4397
4400
4401
4399
4404
4405
4405
4403
4407
4404
4409
4406
4407
4408
4414
4414
4411
4415
4414
4417
4416
4418
4421
4420
4420
4420
4426
4422
4426
4425
4428
4431
4432
4433
4433
4430
4435
4437
4438
4436
4435
4439
4438
4442
4441
4442
4445
4442
4444
4444
4446
4448
4448
4453
4454
4454
4454
4452
4454
4456
4455
4460
4459
4460
4460
4463
4464
4467
4466
4467
4470
4471
4468
4470
4473
4474
4471
4472
4476
4477
4478
4478
4481
4483
4483
4480
4483
4486
4484
4487
4486
4491
4489
4489
4492
4491
4492
4496
4498
4494
4496
4496
4497
4502
4500
4501
4502
4503
4505
4506
4510
4511
4512
4513
4510
4510
4513
4512
4517
4517
4520
4517
4522
4520
4519
4522
4526
4526
4527
4525
4525
4526
4528
4531
4530
4534
4531
4536
4533
4536
4538
4537
4540
4540
4541
4545
4541
4544
4548
4549
4547
4548
4549
4548
4554
4551
4551
4554
4556
4555
4555
4561
4558
4563
4559
4562
4562
4566
4567
4564
4566
4569
4569
4571
4570
4574
4572
4575
4575
4579
4579
4579
4578
4578
4582
4582
4582
4587
4586
4588
4586
4586
4588
4593
4594
4591
4592
4594
4595
4595
4596
4599
4601
4598
4601
4604
4604
4605
4604
4609
4610
4610
4611
4611
4612
4615
4611
4614
4617
4618
4618
4616
4618
4621
4621
4620
4625
4627
4625
4627
4625
4631
4629
4629
4629
4631
4633
4634
4636
4637
4639
4641
4638
4639
4643
4643
4645
4644
4644
4647
4650
4650
4651
4649
4653
4654
4656
4654
4657
4657
4659
4659
4658
4660
4659
4662
4661
4665
4663
4665
4670
4668
4671
4669
4672
4671
4674
4676
4673
4678
4677
4680
4681
4681
4680
4685
4681
4685
4685
4687
4690
4686
4687
4691
4690
4695
4695
4692
4694
4694
4697
4700
4702
4699
4701
4704
4706
4705
4706
4709
4706
4706
4712
4709
4712
4710
4716
4712
4718
4718
4720
4717
4722
4720
4720
4724
4722
4724
4726
4724
4729
4727
4727
4729
4731
4730
4733
4737
4736
4735
4739
4740
4738
4739
4742
4742
4744
4744
4744
4744
4746
4750
4747
4748
4752
4751
4751
4755
4757
4758
4759
4756
4762
4763
4762
4763
4763
4763
4766
4764
4770
4769
4769
4768
4772
4770
4772
4774
4774
4778
4776
4778
4777
4780
4783
4782
4783
4786
4784
4787
4787
4789
4789
4793
4790
4794
4791
4792
4794
4795
4795
4799
4801
4802
4800
4804
4806
4805
4804
4808
4806
4807
4812
4809
4811
4811
4815
4814
4816
4816
4818
4821
4821
4821
4824
4820
4825
4824
4828
4825
4828
4830
4827
4832
4832
4833
4836
4832
4837
4838
4839
4838
4841
4840
4840
4843
4846
4842
4848
4847
4849
4847
4848
4853
4849
4853
4856
4853
4857
4854
4855
4858
4861
4862
4860
4861
4866
4864
4867
4867
4868
4869
4867
4873
4873
4871
4875
4874
4878
4877
4876
4876
4879
4878
4879
4882
4882
4887
4885
4887
4888
4887
4892
4888
4894
4891
4895
4897
4897
4894
4899
4897
4900
4899
4901
4903
4906
4907
4904
4904
4906
4910
4907
4908
4910
4914
4911
4914
4916
4915
4918
4920
4921
4919
4922
4920
4923
4923
4925
4927
4927
4930
4928
4933
4934
4934
4933
4936
4936
4939
4938
4938
4941
4938
4941
4944
4941
4942
4948
4949
4946
4949
4947
4949
4954
4952
4952
4957
4958
4958
4960
4957
4960
4959
4964
4963
4964
4962
4966
4966
4969
4969
4968
4973
4969
4970
4974
4973
4975
4974
4980
4978
4979
4981
4981
4980
4982
4982
4985
4985
4987
4991
4991
4988
4991
4992
4991
4994
4997
4995
4995
4996
4998
