0
1
0
2
7
4
6
10
8
8
11
13
10
14
12
17
15
15
20
17
19
22
23
26
23
27
28
30
29
31
33
29
35
36
37
38
34
36
39
37
38
43
41
45
43
47
45
49
49
47
49
51
54
55
53
55
57
60
61
59
62
59
63
63
64
67
64
66
67
67
70
72
71
71
77
74
75
79
79
81
78
79
83
81
85
85
89
89
90
90
90
93
93
91
92
95
94
100
97
101
102
100
103
103
104
103
104
106
107
109
112
110
111
113
112
115
116
120
116
118
118
123
124
122
123
128
126
127
126
131
131
129
130
134
136
135
138
137
139
137
141
144
143
143
142
144
147
146
147
148
153
152
152
151
157
154
157
155
157
158
160
164
164
165
164
168
169
166
167
168
171
173
172
176
176
173
177
179
179
177
180
183
182
184
187
186
185
189
186
190
191
194
193
193
197
196
196
199
200
199
203
202
201
201
204
203
205
205
210
208
211
212
212
214
217
218
215
216
218
219
222
220
225
223
226
226
229
225
231
231
229
232
234
233
236
234
238
236
239
240
242
239
242
242
246
247
249
248
251
248
251
250
250
256
254
258
259
256
260
258
263
260
261
265
266
268
269
265
266
270
273
272
271
274
275
276
279
276
280
278
282
281
280
281
282
288
288
289
286
287
288
294
291
295
295
296
299
299
299
298
302
303
303
301
306
307
306
306
308
310
309
309
313
315
315
315
318
315
316
321
320
322
322
323
322
327
325
330
331
332
329
329
331
333
333
336
338
339
336
339
343
342
341
346
344
347
347
348
351
351
350
350
353
354
353
358
359
355
356
359
361
361
363
361
362
364
366
369
368
367
371
372
373
372
374
374
379
380
378
379
378
381
381
384
386
386
386
386
386
388
393
392
391
392
392
397
398
400
399
399
398
404
403
405
403
408
405
408
410
409
410
411
415
416
413
417
417
417
421
421
420
423
425
421
425
425
424
428
429
431
429
429
434
433
435
437
436
440
440
442
439
440
444
442
445
445
445
448
451
447
451
452
450
456
455
453
454
459
459
460
460
459
461
464
466
466
464
465
470
470
471
471
472
475
474
475
476
480
480
477
480
483
484
486
482
487
488
489
490
487
488
489
490
493
495
495
499
498
498
497
