-27349
-38623
60439
24414
47816
-45868
-76654
-15420
-31857
-94655
20703
-13122
-11393
-21061
76662
73129
-78997
93031
-73047
83822
-41562
-10834
3531
-76181
14937
-43835
-33947
-38118
-45987
-40527
-5388
2128
-11196
-90233
9179
-56973
52736
-5338
68108
-52080
17990
-3964
53458
70198
-77651
2900
-1129
22922
-41842
-59728
65816
-21144
-3324
60628
16408
-10895
-27733
43875
86005
-26993
81622
78627
-81458
27436
-50193
-64762
26998
97481
8611
14593
-84197
80851
-87527
-98883
86652
-58049
-71508
77535
65339
14920
-29266
76122
93663
32114
18655
-11022
-14335
42731
-83202
99842
-24893
-77895
37708
67694
-3152
-71587
56139
-1338
-98585
7780
59333
-19873
-23227
265
89741
35067
-17701
-55623
-39091
63996
79115
-36626
50591
-52122
-4491
57141
97794
-12638
-43200
-77935
94067
-13959
36237
-91117
-90992
-7067
-91189
14674
-54488
81585
-89954
40924
598
70025
17456
-66343
-44349
71802
14494
-60489
24118
-52850
-39805
-9218
26534
-46143
-63436
54267
48455
-56346
-61587
-85234
-34884
-98756
-67510
73553
-43047
-67743
-92930
-52604
49495
74272
70361
-39494
59262
70972
57147
-59140
-75279
-70786
93953
92448
19990
-17240
-76459
94103
-34295
4754
11081
84444
-73408
-40715
19377
23106
-77111
83591
14687
-97197
50810
17917
17566
24290
77448
-75351
40540
-77323
28214
6501
-78968
-74507
52127
-84771
38650
93674
14784
-52420
-89912
-9432
-93336
-46559
67130
-93893
29364
-90726
5230
76608
9456
-30076
4141
-20460
-44843
-1373
1829
-79748
25784
51664
-40122
-40886
56420
66221
61037
-60701
15193
19929
-71790
98803
-21070
-1000
30791
-12756
72560
32536
85688
40425
-84601
-22993
83659
47169
47011
51261
13349
41789
-779
-58216
-64108
-58877
-19987
-64307
-14648
-38357
47205
-75213
35950
-34400
-62754
-74434
-30198
-75473
-71714
-20605
96443
77485
-30937
-39837
41243
29931
-1777
22535
14288
-76627
62259
-20507
-58016
7620
78784
11034
-28176
7088
-81716
74405
21488
47999
-18432
6173
-53907
-49474
65654
91898
-47139
18477
-97185
79623
-39639
89755
-33468
85186
64446
58702
93580
73738
-45502
86274
77971
-42810
52890
-74987
78341
76887
-17652
-63945
77157
89344
43800
-38280
-88819
72415
-85100
52907
-40517
-6575
47068
-79567
9079
62217
41330
2802
53917
-72397
76346
68146
-74643
-25375
-63090
-46285
68809
-35366
-67241
30973
-69163
33036
-68942
77271
-50666
22333
92044
52158
-5778
-21254
-886
-69677
69099
-65912
54047
18554
20299
-47819
-91649
-1277
36714
-64169
75244
-99329
99556
28755
16384
-78436
40508
63175
88040
26728
-79042
85525
63954
-6815
-7677
-51492
-12758
-25445
-77755
-79727
-30893
45602
59091
-57191
65598
10902
11602
76221
4829
37383
4419
-70898
-31549
-27070
-44202
14147
81290
13551
8111
34941
-98040
-17678
66027
70403
-66682
-98723
-87272
-50164
-87630
20770
-65678
27252
43157
98390
-16082
64540
20889
68396
28809
23379
-2482
-1574
-12133
-66792
82861
-60619
67624
63761
66893
-45141
69501
79660
51600
-14
8040
-80860
-32065
-53785
62010
-62699
-14219
44223
-48327
-63345
-46989
29345
68271
68193
-19616
57249
39567
14371
-77747
58615
-70466
3249
12674
77087
53982
-44025
13145
50929
53080
-32585
-19159
86629
92307
-30234
10396
-75232
-54408
3674
-64917
-62672
3310
27628
-31483
-47651
36400
-91014
-29893
45386
63559
-51257
-56365
90254
23195
96090
82702
-86849
