3933.505
2084.690
566.540
2368.827
60.651
230.934
1084.819
2841.721
2.261
1190.185
75.192
36.110
6046.831
116.852
749.344
183.722
3153.813
5301.181
2172.711
815.528
169.798
2867.563
2611.002
268.417
28.256
1464.697
1159.313
1983.653
728.239
47.565
163.172
863.421
2157.675
576.114
2538.222
275.802
4.270
129.174
1134.932
92.283
592.746
3002.212
166.532
160.334
2858.679
573.367
63.670
1789.646
843.190
70.791
1759.393
344.744
780.115
1505.278
1180.399
3790.698
964.622
256.559
229.368
4503.665
640.316
84.854
705.225
735.563
1787.666
4115.202
532.773
2340.040
103.489
974.353
543.031
2178.766
1372.426
153.701
1934.263
22.696
879.259
37.324
488.997
27.992
1686.749
182.292
262.233
995.735
23.923
2222.613
152.417
637.544
277.062
1988.093
144.948
3436.074
80.010
551.784
12.755
1197.211
307.499
5223.425
300.086
557.099
1843.055
35.086
260.423
625.375
299.877
1309.189
329.106
1367.015
3001.194
2243.478
216.711
56.457
117.359
334.429
59.608
3126.677
2828.073
550.479
642.780
3301.014
144.136
558.286
407.972
1525.644
2036.582
570.500
930.551
61.974
4325.601
620.529
1263.908
620.193
567.815
2058.025
529.008
308.628
355.567
817.860
1385.050
1049.557
433.622
74.875
5334.666
1451.221
5947.555
7205.730
412.060
3639.630
638.959
2106.480
4.796
625.589
1355.255
1765.303
893.030
807.781
2016.921
2034.945
1340.345
56.671
2869.628
12.012
252.685
3628.600
1201.249
3205.604
189.581
1349.738
1402.643
197.881
1656.641
19.573
2205.837
1016.142
684.680
2041.596
3858.680
4093.377
778.467
141.113
2722.520
6948.765
134.944
7243.955
60.965
1165.916
8.493
2816.453
162.306
994.690
138.557
844.310
1478.107
3130.129
1620.029
3828.917
2130.764
1628.647
34.804
1680.186
1212.469
674.997
342.880
4188.907
678.364
1.326
665.346
1667.279
332.850
4089.498
207.317
310.105
1455.893
231.686
17.443
10.660
190.956
10.478
1304.184
138.891
30.153
2738.752
522.807
3353.408
21.044
2063.326
585.286
2011.151
708.156
1549.441
1569.532
1196.684
434.153
394.809
1110.605
11.356
3522.443
286.392
6984.993
209.079
578.409
76.173
34.223
384.675
84.589
1005.254
1106.548
102.025
374.727
5673.762
1026.137
1379.223
110.559
471.773
15.928
464.982
1017.926
2738.636
869.910
3387.264
96.447
578.111
4986.783
1682.140
1410.288
2336.192
74.459
1325.452
2644.192
1612.299
295.968
86.388
814.707
789.399
710.965
1282.128
1282.265
272.194
1230.169
567.706
530.205
1068.302
40.053
326.766
456.316
924.145
379.836
18.312
397.185
1631.460
16.671
3412.253
9.704
1926.382
155.237
716.043
90.273
105.367
60.775
19.378
118.359
2930.000
33.051
4220.573
590.505
161.144
674.016
371.472
31.924
339.081
549.856
4232.871
19.951
238.061
79.034
3692.408
1449.754
5401.888
105.328
2495.488
367.770
88.971
71.603
2887.181
2370.294
1159.281
1190.171
6730.424
70.617
341.027
71.135
2388.371
493.303
123.503
695.251
4604.745
357.984
799.764
584.931
734.530
3968.929
141.481
751.276
3050.441
131.164
0.902
2941.750
583.167
4347.919
877.021
1643.805
2449.228
1172.112
46.078
2844.948
3947.101
1401.671
3111.869
1349.475
1366.483
2288.724
1382.398
98.903
956.345
624.605
2916.799
2052.886
1540.833
784.456
1727.447
1569.432
2439.506
1313.451
1624.215
1143.955
4.780
43.804
42.670
860.669
175.054
2245.547
8.315
165.908
1388.719
168.874
62.107
3893.352
87.715
5459.036
175.494
3076.007
2886.287
434.584
5371.850
2807.981
1720.739
131.357
351.949
3226.545
3358.237
43.633
1611.654
215.212
616.360
70.686
2824.276
587.218
138.469
1144.102
364.193
41.168
655.276
1183.054
2833.885
185.311
886.220
71.292
735.054
112.195
6679.835
2700.345
262.985
2228.247
854.362
32.510
1303.140
415.176
2625.778
1372.508
158.628
5728.376
922.582
32.096
3998.386
125.557
209.525
7316.225
704.717
2090.441
2424.222
750.785
6094.100
88.485
26.245
707.725
5452.978
1180.774
2231.146
139.448
30.430
2695.731
785.711
493.670
144.680
0.445
38.259
3.920
2345.246
1637.756
254.629
61.040
348.553
755.682
68.950
714.296
673.560
225.169
265.571
267.324
676.409
81.872
351.006
2503.797
392.819
1642.185
751.176
765.441
819.761
400.613
524.912
1603.591
1735.873
5082.259
909.303
309.487
5987.843
278.712
2728.493
133.902
94.736
8255.427
135.774
441.659
564.482
356.011
344.081
5968.065
188.255
247.678
115.774
