6
0
7
1
2
4
0
3
7
2
0
1
0
10
2
7
7
6
5
8
6
4
4
10
8
9
4
1
4
5
0
3
5
1
2
7
3
10
4
8
10
8
2
5
5
9
3
9
3
5
7
3
5
2
3
4
8
8
5
8
8
5
6
7
2
0
8
1
2
4
4
0
5
5
8
10
5
0
7
6
4
4
4
8
8
6
0
7
9
1
0
6
6
2
7
0
8
6
3
5
3
1
3
9
5
6
4
1
10
1
1
3
2
8
9
1
0
1
8
0
10
10
4
4
2
1
5
2
3
3
9
8
2
0
7
10
7
7
4
8
8
5
6
1
10
0
3
5
3
2
6
1
4
10
4
1
6
2
4
1
8
1
2
10
5
5
0
9
6
0
4
6
9
3
0
8
6
5
1
9
0
3
8
6
9
4
3
10
3
0
10
1
5
2
2
0
2
1
8
6
4
10
7
3
9
0
1
10
6
0
9
6
10
3
3
9
4
1
2
2
10
2
5
5
5
4
8
1
5
8
1
4
2
3
3
1
4
7
6
5
7
1
4
1
3
3
2
3
10
10
4
2
7
4
10
5
1
6
9
9
3
6
6
1
10
3
10
9
5
10
1
0
7
2
7
4
3
8
1
6
1
7
4
3
5
1
1
1
8
10
7
0
7
10
4
3
7
2
5
2
7
2
1
4
9
6
5
3
4
3
9
5
0
1
6
10
8
6
3
1
8
7
9
3
9
7
9
7
4
9
0
0
5
3
7
7
3
3
8
2
10
9
2
2
8
10
4
8
7
6
6
4
0
5
10
3
3
2
3
1
7
5
8
3
10
10
6
6
9
5
7
1
7
4
6
8
0
2
1
8
4
6
4
3
5
8
6
3
1
3
0
2
0
1
0
0
10
8
8
7
4
4
7
4
5
7
1
10
4
7
7
4
8
6
0
7
5
6
9
1
8
0
0
8
10
7
3
7
10
3
10
7
10
8
4
9
3
6
1
4
6
6
2
1
4
5
9
7
2
4
6
5
3
9
8
1
6
2
6
4
1
0
1
6
3
5
2
1
1
2
10
1
2
4
7
5
3
2
8
8
0
1
0
7
1
2
3
5
7
6
5
8
4
1
1
8
5
6
1
2
