0
1
2
3
4
5
6
7
8
9
10
11
12
13
14
15
16
17
18
19
20
21
22
23
24
-800.2438580078087
-36069.816713520435
-33761.705701243685
-12234.029496519104
-16944.992181186703
-17244.703356119393
-35597.64016544212
-12876.973634726059
-135.22684291567822
-81704.17507617502
-1533.175211634103
-26398.926501154463
-14418.344750664532
-3014.822776187109
-41473.89468360532
-49424.70270170102
-11025.059664717392
-7587.146645074381
-31780.592045668796
-55321.80558251059
-11566.760532683476
-13113.334364290286
-47022.91954179025
-3596.0221238823965
-28431.254488197766
