-32188
-18574
-6205
-72005
28818
81605
46031
-82360
-23888
41805
41954
-47264
-89192
51668
67286
-10908
-5266
-63846
82722
20749
-31815
-88027
-40492
18887
-25922
-92842
-458
4855
-2561
34861
38839
747
10174
62610
-18105
63015
-18101
-65777
-77951
61589
-74826
42582
-28338
39784
40368
67023
-77352
-95718
57905
-52731
53543
22235
90959
88201
-69135
15306
72048
-20366
-31011
-86562
42710
32343
16695
36567
91281
-21029
-1704
-16223
-96789
97804
27968
-37195
61907
20925
98839
-64960
43245
-11339
27768
-21856
30804
-81006
2279
237
21285
68778
77401
15478
-56121
-21671
-44285
-79446
-22217
-53298
-53218
51455
40612
39440
43910
81133
99612
-30445
-96128
28748
67790
20455
-94845
66256
-22327
77425
-93716
-77960
68525
-83383
27586
57655
43353
-74785
36372
-62807
-37009
90318
-27035
-21120
67865
-21104
45992
-25155
89505
22880
89426
-13282
-69271
-76510
56596
71995
7545
-39272
-951
15152
-59562
-97481
-33425
44880
-4986
-85387
67069
18962
61392
29873
-7921
-25256
-49987
25113
-99424
-26650
-94083
-7812
-78947
-5068
31934
67800
91419
-42672
11228
18207
68329
-1426
-20331
-64663
-26294
50903
29593
-51070
28788
62265
-82580
76443
-70587
-94691
64993
38048
-29580
26480
-71194
-41426
87387
-10091
82265
-88641
-31278
39457
-66995
-13047
35959
-11727
83254
-92023
4417
-52473
78821
60871
65162
-37093
43573
59377
77004
6732
71855
-97757
-41984
27029
56313
78741
-38256
-62327
-82916
-18537
57911
11740
57915
-79412
-6111
-15415
-10864
-3911
87610
80627
-47985
22114
-51658
64109
19143
31731
47571
75113
-75780
-79780
-76296
-66254
-92417
99852
6615
-51643
37525
-62518
-44732
43231
-55637
-3988
-53462
92803
-24935
-16585
-78595
33152
9931
-6403
-49385
90747
-37292
-74556
39926
-95886
-25186
-54042
91452
73910
-49973
-19881
-54411
-60023
-74367
-32900
59919
-73840
68410
-64775
-50925
61357
-31034
-67688
-7320
-63479
64834
-38240
58820
-95570
-9837
-57449
-20628
11338
28278
43958
90917
-59075
-64816
85723
-28128
-3593
50400
-9713
-90586
22377
-28132
-22525
16788
-26795
-66701
-97913
94730
92264
-6851
-27766
-73256
57887
-79130
7043
95006
60779
49332
37004
-77636
-48825
-40133
-41887
-26968
34019
-88355
51713
43154
94863
36476
-5126
-90988
-3002
-8351
-91760
28563
-5461
-67061
19802
27561
9174
-67897
39904
-25549
-44721
-97357
59480
-48720
-95016
82240
8812
81573
75775
44205
8787
34850
16250
26698
59525
90878
12367
-32905
92735
56496
801
-27643
-39665
3315
28661
94552
15572
-83348
39077
-44744
75345
89659
-56979
-31133
-65488
15223
-75441
-14035
-13887
-46838
-59708
-95047
25799
85636
-97436
78068
8108
36701
19452
-65107
-44565
-44528
-2877
11620
-80836
-46243
-71985
95991
-72483
-72637
-74228
58990
27221
27267
4460
-95329
30112
19975
-6138
95693
62630
-79155
-84259
-41360
-86128
-12163
22724
11046
-87509
38052
-75711
41511
-47984
8202
3583
-65447
-72366
53190
31787
-34352
-98730
-66163
-47840
56656
88731
32153
-27314
-72401
54452
4474
13825
29545
71197
-53194
17992
-51404
-85723
-19950
-79708
16410
-73163
33055
-24720
-71098
29217
62809
-89934
-13394
-32802
-50458
-64908
-79786
77478
78299
30893
-1493
24023
90276
55269
-91956
57780
-44459
25802
3548
-79773
90026
1429
-87677
25724
-30888
39560
50439
-69457
83088
42426
-83436
97781
-27533
-173
-28648
-39719
53450
-54246
76623
26352
44843
-63705
19728
-87736
82381
86490
-69947
-65025
62917
25493
26088
-88103
43572
57678
-72823
-65591
69680
83856
88101
-33802
-53328
18738
-63684
-72692
59546
63258
68237
96569
33648
-37243
79117
-3093
-44836
2081
-15919
16129
-53554
-73471
37265
-23808
44448
3104
45834
-50681
12669
-16736
-17363
37125
10156
-73935
-65366
-71465
85071
31048
-22460
-77009
80654
53407
-77399
55905
-88422
-29955
50179
-58101
43961
32640
-32504
-25783
-18870
64593
-10184
36125
-45556
-83183
-31517
-15044
-36294
-1309
75356
36581
26709
65611
37467
26020
-80307
-24284
-2430
28534
89424
-7020
66220
46864
-57808
19954
-92378
-69933
-26145
-13532
72331
11209
-78624
53149
-14609
-13564
94281
-13638
-86423
-74167
34998
-44462
26628
91729
79841
-99711
-70112
-11313
-10440
93385
64921
-61994
66126
50453
-92405
49209
-84520
70347
-3775
-91937
94246
88043
52953
-57654
29808
-41298
16431
19850
-40565
60853
-82196
12209
57904
-6409
81260
-53483
-15304
61879
40235
-32136
-45086
-40087
8461
-86806
-55362
90899
-30125
-7710
28696
75021
-52420
77019
-77936
9923
-34166
-43093
-58149
23834
-59617
57369
-92112
61699
57046
-68836
-15288
-67630
43572
54552
6218
53547
47904
19396
-89274
-20203
-32953
-31376
-95064
-27082
-50515
-73155
-12970
-35253
2602
-31063
61769
49426
93025
-28642
-46153
-31002
-29460
-69479
-57048
-96751
-36725
-22079
81095
-80124
52412
-57471
70513
7986
69778
86830
41056
-78911
17871
54317
-44571
7061
7770
19196
-58335
21366
26152
-75802
80746
99365
-29030
-52911
38602
-58358
315
85100
-43699
29035
92963
-71828
-25667
-61992
-3098
-74306
33957
66464
10664
9956
-36195
-7004
-82115
58412
68430
50577
-86046
68009
-16087
91370
88405
-26277
-29781
54887
88047
-23061
-31329
70152
93695
-63223
45595
54317
-57818
-63499
-51896
16754
-41182
-25222
96576
70478
-56183
-2734
67848
53350
-12021
45376
-63359
-12121
-79253
-31744
-48896
-46798
-49443
25356
24191
49142
-35724
32018
-98817
96951
4883
34004
44266
-99156
-80549
-15175
39026
-26323
9272
25958
-61383
-10468
30067
-47348
-83728
-49149
-13649
-77521
-95658
-20518
80732
95263
2225
-74256
-63346
76878
-68184
-26820
41735
60039
-14295
75350
-37565
96545
-33299
-16805
-84629
24722
-70024
-1360
-52660
81503
60554
-63667
76885
29925
24976
14155
-21983
-43451
-42086
-70414
-12841
38004
-76754
-53818
-24419
-54197
-21471
-87986
-34426
-38091
17250
-61282
79194
34318
59229
40850
87192
93819
-22632
-97706
48760
-23492
-2309
84503
-23612
-22621
-85141
643
-30397
-15480
-82504
27444
-56909
-51025
-46139
96151
51085
15817
4150
45407
-12402
-89876
22082
86903
39156
-38927
-50292
19837
-2584
-84552
17940
75022
25346
8918
73763
66492
61076
87361
-67338
-33611
94704
66765
-43192
-49613
-76432
85125
68893
-49968
84960
68072
-25695
-16725
-46590
-75596
-25450
-52853
-78676
-65388
-41519
-91390
26157
76355
31502
39143
76677
33653
-52757
-1074
-75837
-13371
-60549
37226
98163
-80240
25759
-86400
-59479
40592
-13710
52400
9080
11048
-8252
81390
-69741
95358
87741
-9583
22813
57561
-33963
-77512
-16443
-66817
69311
-46591
74104
-62005
-67587
44161
35645
-30272
-86707
77758
45638
63982
33107
82529
-79769
55630
8639
86028
-45977
-2134
-27257
-73970
74330
1825
81074
-62647
-50518
29617
-41201
34920
-76173
38884
-79355
80779
-18648
33669
50743
-45353
58461
-67355
-34711
88312
-45111
-19297
17736
-50569
93331
-75806
59874
40271
-22613
16671
52249
31528
86194
1940
4648
42663
-11910
90357
-10990
43278
92689
-73166
78757
6715
-71393
-61820
-76812
-75792
34182
-276
96845
19232
-17634
-854
-42820
9319
-33989
-24588
38244
-68266
85203
80116
-82865
-79268
-38172
-26230
68348
-9868
-22946
-17189
52271
-78785
47941
-84893
-49847
-87491
48465
-72097
16220
85361
-70600
90688
65397
98583
-58811
-82466
36743
-25587
-41354
-73114
29227
18317
8421
-38025
-64913
-48483
90017
18108
78614
-8384
-78332
-489
60928
69080
29930
-67209
-45763
-62766
-34393
27977
-24263
2783
-28114
-91119
-91073
40439
-31634
44668
-11563
-22175
21460
61479
45056
21363
43258
-36494
39682
-88125
59619
-78820
19894
33526
26863
-73911
-49622
64169
28872
57729
-62499
860
7313
22860
-57378
-52343
-1122
44834
-44380
66979
-41426
-68406
75336
-82512
20028
89991
-55277
60290
19407
-92946
67922
94118
-34930
-16726
88124
-96695
74576
-54919
49692
86329
25607
-39996
81917
-36093
6074
-89796
-45587
49619
46064
-50642
-32257
2505
-31030
16646
-74625
6972
-78033
-99091
-13315
27799
93043
-17415
-46394
-55537
51416
61350
-50631
75789
-45874
20167
-82033
-41638
-68095
33398
-42078
13088
75084
93693
-26239
-68019
9581
35467
-95030
-5850
-22964
22578
-84287
897
54286
47727
78743
-71550
32430
93636
2632
12835
46593
31265
8656
95694
-98287
97402
-5370
16974
-55664
92961
-31230
46077
55395
53122
63975
2408
81748
37736
63283
51112
29587
21818
-89770
-51706
-7331
88348
-50951
-84075
83140
55468
29274
-49566
-63887
57344
-30346
-16111
-61761
-51812
-25778
63187
-68642
89559
-77677
68837
761
-5397
-13216
-25008
-29069
-21964
-48586
17014
71789
42790
66054
-62566
-37137
-2537
71892
-55064
-1035
-83262
91794
-90370
-25479
10761
29717
59582
55745
72054
-7130
31424
-72472
35349
52352
49973
22
27238
-56595
48906
-20072
56915
55391
60869
60541
-17771
94201
-34739
-44667
-20857
9662
3984
-77825
-53164
11511
77647
20427
95236
26503
-58039
-98192
-40858
-47748
-21728
73098
41257
17602
37963
38608
48588
43897
6054
-55760
44351
-94311
51460
69636
-31911
78319
-92679
-82183
-43999
-73624
96285
65940
9038
-19238
78963
32355
93711
-26366
-48116
-21976
-78087
-50787
-62906
2295
-41624
-43478
47808
36443
77427
22697
38100
-38861
-61584
46846
34982
34685
87031
-94427
45209
-53588
12884
87058
-47756
-63775
-53676
-29949
-42517
-54026
4888
95569
-10978
28239
-79535
-31793
-49430
-12621
40145
-12830
-73144
16317
70812
62471
50882
-15283
33243
893
-40213
65403
83666
96591
68361
41506
-84461
-57879
54244
-35254
-29759
-4672
61419
-1334
31080
52330
-95960
73377
-36829
56993
-22331
-71724
-71546
-46908
57548
33138
74534
65065
34671
-98516
69926
-77047
57330
-52442
-44666
-39588
74690
-39446
-8794
83882
57832
43746
-40455
-60169
20055
-73098
30540
29836
-39763
-73490
33242
54351
94806
12277
-48604
-43847
42730
8599
51982
-30628
46321
74524
-88540
20325
50694
46845
-87575
16516
80942
59864
87867
-33137
-63941
-57357
30766
-82013
-38690
53555
-88027
-52092
-82304
-33006
52634
11101
84196
-48571
10998
24522
8932
-95338
-54360
21091
18762
-59950
90670
-79004
-6352
-33166
-23421
1619
-87848
-1956
7115
7998
-21951
-856
2365
-45434
-41709
24928
90765
14958
-27426
63401
86090
56438
33737
-5626
7861
-68169
-29652
24367
79754
-28235
73722
-78574
-18169
-47855
48761
16984
33652
-93811
-4031
-35191
-95546
-73735
-60856
59751
-11586
71726
-37692
-84856
-64895
-70390
71716
-29698
-55980
-80581
-27209
85725
-19391
-89676
-9515
11269
26885
56746
-41140
20319
63557
37088
16953
9603
-38157
25300
39626
-85148
-23871
38800
1721
-16043
41819
86592
76640
-23177
-7557
27025
-51900
-30871
-24343
-66704
1529
3320
69061
-27172
8835
29990
-26196
3267
-14447
52948
-48246
64483
-59200
95971
-33518
95228
-55323
-95834
-65437
18343
-24918
-90203
76669
72601
55708
-73561
-27129
-44499
37368
69096
98177
-67035
-8351
-34289
22884
-42095
43081
-48353
-77104
-64593
-15827
-25727
-36581
30499
-59913
32545
64472
49147
92044
6424
-1112
-28925
48825
79789
2403
-1458
20323
-3094
-53511
57752
-36853
-15039
-64067
-84352
82128
-65022
-72539
-52878
-36163
-25887
46656
-14192
40111
-23207
96490
-14450
-52297
-1635
-37320
-3747
25498
-82279
21358
-92125
86982
64467
-16242
73205
-66686
-27785
-5232
-49085
-90317
3998
73097
-18772
-8314
-71163
-89199
-67090
-4891
-46055
35257
-42995
-80671
25244
-15305
-80151
-93979
-38593
-74599
35247
-67240
-45774
-55103
53436
72985
-64490
-67446
-34209
23448
-33867
67739
-74043
-90652
-67881
-6235
-58668
45836
-2091
-80014
-44423
-66271
-23597
-10033
-16086
90795
85246
7608
67542
77232
-92423
59594
-1696
15256
-3732
72546
-7602
87390
86
12807
-87424
-59130
-13094
-86649
93160
-81780
61864
40299
49217
-92897
-33478
77172
27822
-59066
-85110
23112
-65872
-95330
10743
-40617
22225
-58334
-60356
-49842
54816
-23609
17755
-58177
66799
-52546
66158
55975
21662
33864
64924
13998
7164
38976
60045
64814
58839
88210
-69886
15349
-27417
-81246
87901
74166
-69545
-24289
-55532
-42258
-74730
75564
94227
35778
-63580
-30332
72361
66490
7978
-98066
-74204
-23684
88842
-22473
32791
-92522
28729
-76660
93742
-29333
76537
10146
34102
-41732
-6556
26348
57100
76189
-60989
-89878
-26986
-14290
-32907
-17573
8501
-24588
13044
21503
-64111
-546
74428
99568
96767
61459
-95023
-30600
-86340
446
-45541
51301
-49134
-36116
-38674
-12919
-34456
43513
-81246
18469
-53494
63041
69924
81957
22005
-28799
-73440
87921
-73861
40958
-57092
38911
69870
-39057
-72111
-11361
-49519
-60801
60523
-53486
92107
-60759
68789
62208
27377
-55817
-35620
-17197
47399
-58650
-60854
79559
-24758
-47277
-39240
10371
44209
-20858
-73987
-1055
2001
58365
-74911
-76928
-74610
-85157
34852
-65755
90734
-84722
84456
69365
82139
-73546
-92240
-15602
-24098
30030
-7023
-17321
63793
-96367
-19377
72147
-90028
-76117
21005
151
-6325
-23799
59332
35446
52717
-5377
85695
-23185
-14979
-36204
-19851
58444
-7073
-2722
75915
-48171
-86619
15286
74568
50964
3865
48524
9674
57569
-20794
78448
92238
24256
-88694
-100
99012
26497
24836
69892
75215
-191
37010
-84001
-35811
73909
-43920
-16988
-17128
19434
-61385
-8288
52075
-7606
-61558
53842
-89259
87129
25433
28070
91682
-13509
-9110
31567
10443
44749
22998
46245
-21532
-11802
29241
-63694
31357
1938
-39823
-98426
23845
-79634
98585
21757
-31260
267
26495
17796
870
-38871
-25189
40578
72254
60104
-93142
-39737
-53906
75495
-36111
-4770
-80061
-93367
-99737
87121
54025
-44464
-61095
-4158
-60823
64804
-12463
-44898
27171
75813
-79149
-85755
47811
3283
-13999
-91897
-34205
-42370
53497
-45817
-50847
-35976
-66601
-23739
-14866
-16093
96450
3903
-14770
32891
21278
-27008
31406
86875
-26980
-86456
-35241
59742
-75723
55472
-66833
-17543
56098
8085
85987
82390
-19285
-23821
-48348
48669
-32293
85008
-32351
-96165
-95127
-88946
9685
21382
-84769
-78579
13384
-48020
85196
-48829
15370
53635
-38290
-32353
-47709
31422
61401
64094
36081
-19091
45584
-68792
35103
-91025
42861
72861
-82176
-25998
69379
73087
53751
43258
-50540
-88983
-22298
88818
44914
-67649
63298
-11077
98115
15070
63746
68187
-19462
43901
-27525
-4386
9918
-42054
32913
-82669
45561
-57323
54144
9285
15233
44549
-66094
-2096
-29571
-50309
15375
-3869
-10223
12766
-38256
14287
-88350
-66810
8655
-95818
-11300
73136
-86045
-85514
-44548
81018
-27918
5274
-87225
71938
96037
56783
34068
-69411
40929
59527
73350
-26779
91641
44816
76050
-1690
69564
-17072
91852
29221
-80870
-98573
-46811
32767
21947
40418
2221
-58038
23482
90225
-54971
-79583
43380
67329
70588
1038
-3253
-50306
61090
56145
-27883
-84945
-60878
-84352
-35648
-53287
-17629
-26931
-90494
-11217
91362
31848
-87048
29940
-84457
2007
52250
32365
92476
-82884
71334
-11281
86216
-4811
-41799
-50626
-79564
39703
32666
2935
-76253
-81520
2313
-38893
71856
5784
-81693
-17895
-27472
-97476
46383
20958
-74393
-39086
-83904
-91556
33739
31048
71327
84285
-47608
18731
16463
-93424
-5433
85923
-88395
90108
24251
-8320
57397
-36364
34278
38248
55570
-53819
-38112
-50183
91675
-67017
53917
-29538
-16128
-69161
53925
-29276
-6457
23800
-99583
-139
89139
31765
-15284
28726
-453
-49908
-73889
46595
-62569
97139
-53045
66535
40652
-7309
96839
11262
-58066
42031
-32660
-26488
-37713
-47454
-9109
-77742
-66814
-47898
-44025
-79454
45705
68765
25069
-2890
-48601
-27233
45641
54452
-93964
39361
-39999
-5576
-34478
44534
-9239
75953
38138
33359
-29192
-71115
-66350
82875
51850
48509
66052
90019
-36704
72196
-93316
-68147
-40317
88402
-27628
-41414
-20611
-62823
85692
-69035
-22987
17957
-25698
-55545
-83460
-81410
-85645
18418
25522
54936
-23143
-91637
40130
37916
-22032
19629
15278
-68444
50285
-82008
88156
-80856
83031
21946
69238
-69692
70934
-81940
-3686
-58626
17817
59510
-54362
-84309
31794
-66208
70923
15231
-63760
-13093
-59812
-83024
-61772
-27017
-96709
95317
29812
66204
-67270
59347
82087
-34815
21252
82987
37577
51658
-58032
-71830
-30389
-32013
-98626
7701
15428
-39663
-65961
-91778
92783
-68316
-8660
4044
22948
84401
39617
73154
-62054
77495
-98709
-28258
-47027
88323
-12325
-19284
-58334
-65908
-18153
5597
-736
-90860
21550
93535
-34034
-71997
-74380
-59603
33645
-60486
10194
-62949
-77140
-71050
-61828
98567
16876
68576
-55310
-48466
-53698
-54494
-95898
25416
38408
76443
97531
60273
23738
-35635
-73821
43876
-75425
96566
97208
80843
13639
-50376
65083
-85816
-75535
55219
-9046
40176
-23900
-3746
-25633
-45725
-85549
-29140
56596
89887
27867
31688
41526
-91425
1656
84638
17911
-79034
39534
20031
25244
24400
38103
88247
-93767
37789
-96002
-82497
-72620
91125
71555
-353
-57338
-75107
-45723
-86755
41245
59071
-37725
-41038
1722
33204
-31637
4328
-84266
-48855
-93609
-87414
6653
-8872
-90571
-54625
-91739
-38484
-21540
81800
-22199
-21966
-52325
-60143
-35894
-41228
81375
45992
32000
-17401
-70112
-24840
-34125
78093
99313
-12533
7515
54692
-36262
74001
41303
-43598
46041
91449
56863
73508
-6877
-13432
85875
80462
-6961
-14315
-65577
76515
-51646
-6158
-92324
-72387
-13028
-17411
-86507
68274
39378
-53691
-16906
99612
36033
-80512
81966
91409
21935
55298
9116
35286
72121
30551
-57944
18047
-79072
30890
93848
59661
55652
70019
64737
25012
-86128
9583
84904
84743
-87748
-61506
24369
-53254
-94678
40023
-79521
-38840
279
-33267
-20491
-68114
-92245
56386
99147
68776
74570
2908
62261
-52496
62647
18020
16612
-82480
-8959
-98271
78578
43506
-909
-13330
-58472
-85389
44788
51606
59011
19411
-43525
-45675
-95407
-50440
-78990
83493
360
-92647
-70687
-98335
-22920
-51481
44653
-11187
-49304
-29391
-45718
-10465
-17147
23960
-97525
-75743
96625
25589
-40213
-47407
-87377
-8619
24622
-26226
-43661
30262
99089
-5666
-99139
-5877
86857
57659
-66977
-50645
97466
35812
22755
-97946
-74242
-25710
-95905
31245
-55789
85529
70705
52561
-87133
77736
46484
-44060
-37329
-16531
21128
75713
17376
-6658
-695
-91986
-81290
-10165
12316
-59541
81062
43725
50127
-7205
-30025
72816
-23782
45692
54913
48272
-81523
-28706
93599
-62913
70406
-44434
-28217
26742
26494
91912
57840
-23864
34384
-88740
-85131
99468
15837
-87359
88757
95719
82586
-68092
-86165
59598
-4540
25255
82637
-86948
29284
45863
-52182
-23783
-91556
52426
-26316
68836
84325
-58655
53088
19539
80111
-26580
-41576
-42347
-94408
-29416
-49964
-1794
-24691
-24401
26207
-77454
-52186
-93987
-19724
-9594
971
-31024
66418
23459
83956
27867
69554
88908
-21964
90452
30458
-47177
-56007
-81251
84005
19181
99691
-77362
98895
57749
-88152
-74803
-87069
98754
66914
22223
-14313
-12362
-86038
-97322
27015
16009
-83400
-82651
-76575
53369
-30780
-22268
46793
-59027
87511
58046
1227
42423
-87647
-61870
-58804
-77706
-75601
5289
-72720
-95759
-41057
50173
66849
-85799
-15468
56682
-3141
-29592
-21486
10005
30820
-54960
92598
56725
-70657
-89075
-44109
43564
-84692
59467
18317
-88757
-95669
-33156
6764
-70904
-73111
32380
82207
25827
97377
94070
82126
-7570
33222
32292
-50033
23714
-46221
74787
-13023
-81291
69002
-45568
-69134
50377
84318
-88035
95188
-3248
36718
-73147
-3674
-23336
97936
-79816
44397
47345
-37038
-2685
79798
-69318
13596
-51986
57823
40443
91573
21085
-72508
48542
12347
-2565
-6353
6630
-51046
45951
-44806
16569
-40350
-67306
50944
83159
37817
-60341
70933
65379
-70002
93888
-65914
-25864
37783
-62853
63919
-125
-50016
-73925
56040
-29598
-25378
76014
-18123
-53192
-42608
35450
83187
-9365
79168
94574
-54472
47826
52848
86511
78442
-9100
7554
-8308
62148
-66033
7927
55631
23163
-85777
-63189
-23749
27920
-98897
23357
-95690
28516
2852
2791
-88452
-18715
46988
30099
3444
25029
-2732
23595
-69732
5557
149
-81488
-68843
13603
38938
15634
91590
-3489
-55056
-11490
52508
-54614
-20859
-64214
-56867
53763
31532
29008
-35514
-71212
39808
31626
-12467
73136
-19292
-66675
-95770
-82689
66317
-44338
87502
94197
52235
98379
-82233
65195
52232
34472
72752
-1150
-90218
64658
-15102
85507
41086
95293
73195
-59204
-64786
-62787
-54395
62866
67030
51496
6474
-53074
76546
53751
-15983
-26910
-96054
-53647
51070
98497
-23773
-36957
-706
-43905
-97125
75510
-11702
77631
-22012
-18493
-10534
-57845
-99587
-93333
61257
-49053
82352
-36359
-22686
-30969
-62124
87660
42901
-1775
97362
3728
-10223
25276
-77771
-40902
7175
-46622
-40299
-75525
34076
26025
-94466
-76054
-59725
-81887
-73168
73570
-29525
-48088
86513
41568
-81739
15005
-22736
-17123
-17985
92632
14299
-78832
-93201
64123
49941
34529
38991
67802
72284
-34227
-71612
28978
-84499
-34978
-26849
10810
65728
-3080
-78766
-28312
-18517
-76976
42976
94062
15145
-41143
79819
-78583
84119
28641
57947
-18200
72981
98718
-37838
92285
7402
-69486
-24688
-7516
27778
-54780
-57557
64780
-77343
-74393
14206
94157
59185
-60309
-595
49584
63547
39075
99921
-55722
-54044
11381
-74592
56972
-39754
1529
13351
39925
73070
-71087
4345
-1187
-20109
-2207
-44751
30829
-67610
24726
-87917
-97705
16151
87654
-84114
39233
-76891
63777
-14323
29280
-98763
54038
-50016
11395
95417
99636
-87565
85531
70072
49852
90044
66096
28317
-76416
36032
-15215
69355
-7827
12589
-30838
84375
20568
-41632
76493
13691
-54317
99063
-78789
50452
68068
-8119
17963
-49054
59739
62913
65949
-43596
82140
61149
-31285
45024
-73419
56965
53937
52817
-77644
65758
-20704
-41692
-98055
-91372
44485
21596
-87724
-98346
64741
-10900
83416
27551
11062
82891
-18992
43412
99117
222
13750
22550
-864
-31477
-65687
-53613
-25448
74445
30773
-97738
-33813
21837
38228
-99867
5578
52935
58078
51184
6922
1718
71410
-73319
49328
-33707
-63082
-30526
-96226
65786
18767
3828
49447
-74554
-53662
-64808
34895
-93729
43749
-145
-1341
-33430
-9358
-58601
83395
-68296
93651
47437
73774
-96316
-49972
-58950
-47456
-21905
-27781
-34844
78806
-58692
-2211
-95848
-68691
-55518
-37293
89066
60468
57446
-9765
-47767
-78022
-2915
88099
-55558
50617
67571
-83810
42025
6131
-30121
66361
2406
-61810
31190
-8679
30647
98692
12808
-69311
-13021
-33732
33759
30940
-48020
-10035
19180
15766
-63324
-99614
55838
75162
-62195
-9320
-86256
9866
-47435
43640
35162
-17248
-42211
360
39970
-21728
-70498
33777
-70964
50853
-42437
5592
44251
-76150
96485
-58404
-65917
48755
-43730
34258
62179
-77123
-27316
22209
-50500
4416
-61415
13987
-46226
92292
-55414
-78190
38892
24946
-23986
27872
92558
-50635
68518
-6050
2768
-17959
2992
17171
-13815
-6912
-83411
-43624
-23737
55575
-4700
77178
-76374
55377
77806
75827
88149
-45538
98069
53947
-62137
91878
33470
-37578
5278
1700
-47596
54925
55676
-57364
-16819
99530
-90409
-72882
62387
21176
79184
-75642
54953
-70915
36407
-76894
19360
777
42433
-86910
5195
13138
88332
-38344
48837
50559
27934
17817
79341
-78760
26399
67284
59858
-34609
29851
-9548
96787
35964
34093
47664
-46353
83054
77876
19925
-73315
-95315
25278
-9304
19030
94371
-54473
-26425
-70623
34062
34005
-64758
46756
-34405
83805
-51567
16237
-72253
83844
1555
-40478
-3373
-39302
89937
67256
-69585
91093
945
-14061
-32973
57216
74392
-8830
53139
33443
-52153
89260
9014
81577
4497
-77035
-29652
-20355
94059
-14377
14758
-49769
11339
88594
57776
78296
-23683
31747
2190
-41180
63216
80558
43465
27673
-34477
20953
-38197
-8103
-70630
67440
10806
33134
-42243
66689
-25582
-74165
-6055
-62458
-48360
32943
-4918
3018
-94023
8585
8335
-63138
-92954
-20576
61555
-14501
-56101
67651
92122
-84234
-46943
-98374
23693
-24241
-34622
18582
-42795
-41007
91273
-52604
-26537
33845
3990
-84135
38611
79800
-97904
-26217
22660
28947
11565
35497
-38849
8602
10700
43062
9922
-64113
27690
-54825
-90798
-63823
16454
-11220
2002
58636
43930
7352
-88214
54481
-80360
2731
84806
-60689
-49795
1000
-16295
-48371
69382
-63264
15878
57569
19520
38664
4357
-39026
99237
-34860
93717
48011
-24867
-87338
-13572
80336
52736
35543
95332
-35109
52833
-80130
19434
81240
-80639
20384
36966
66841
-67049
38925
33597
-37482
-62012
-30931
-46144
63181
-33831
-31093
-37132
-36675
-49977
-17983
-80395
5468
51117
-4517
-37894
-93288
-27398
83878
-12887
-27661
15656
16524
15952
82853
82063
-4437
89695
-84239
52581
-82514
-32290
14575
97893
-81658
62676
98424
77791
73490
91879
-29333
62789
38723
10823
-95027
-85245
91399
16931
37356
43209
-88738
45467
52431
87793
-70074
-63791
78743
-58753
69900
-82502
-79152
81812
-10560
-42310
-71671
3067
91497
-58427
72084
-44343
-30272
-15821
65863
-2102
29390
63714
-51541
11170
97902
-12005
69614
-5
20476
79593
34985
33904
-9444
-20180
-43927
-84459
-3653
-7945
79761
51395
-76193
-28946
91805
77233
51911
54704
64949
-76566
-24882
-11938
-29278
-41446
-78863
-81091
89095
88059
87931
41417
90105
60337
-5804
-31484
48206
-96444
-90066
-47401
28999
66670
-10337
83044
52788
-77914
-20864
-5011
-61357
83101
16314
15855
1782
50263
73870
-48515
-31956
38278
-32561
-55701
364
-30486
-75
-82071
83179
-36192
-2655
-25436
-71931
-29940
-14711
-35190
-57987
20022
-98821
-72515
-41214
65398
-40463
50014
17209
-55315
-29408
-30575
-97933
32871
41872
77416
8884
-51698
19879
-21707
-35707
-32511
78055
-88195
-89236
78496
-34394
-31477
-27002
20526
-29862
-493
-39154
76893
-67382
-62004
77133
-76693
27222
55932
74281
61016
6010
25497
-71388
74583
87875
-72519
54203
-25204
65918
-48972
-29249
-62696
78545
56029
59457
62424
-92323
-89663
-40618
-37976
-71372
-74207
97604
4697
31907
94088
-9324
-6983
22991
93969
-70907
52170
-62660
29470
-95735
-16097
54412
23370
61317
-64166
51312
-6893
-66727
75053
65084
30940
46577
33709
-30045
-9452
25319
76501
-79131
-60772
-58206
59419
40570
733
84733
-69794
42162
-37805
-45708
-28652
27250
85000
-97853
-15077
-67124
34171
18829
97103
20768
27998
-66233
-25215
54415
43611
-72604
99307
-59645
-69612
22510
44651
-61500
17428
-90902
-43061
60755
32244
34675
-28063
-91537
-63008
-63191
16009
95900
-69937
-5343
55091
-13165
83209
-60463
-52912
-4501
-12265
-5214
59442
-63425
77295
15380
-85944
-49783
-45427
87379
52291
41146
-28811
64072
48348
-17106
-17134
-7753
97914
11661
-47938
-89393
-49100
-62232
-46407
23272
-80413
9341
-81786
18216
-13200
43473
36441
38273
99945
64138
-86981
33926
73821
-42123
79488
-22060
-51564
21457
-85607
-38910
-18345
57459
80345
-16399
50037
80357
-89091
26081
21571
31546
-1869
-59871
-94227
10778
-39269
-47329
47547
-76111
80662
-96879
84675
74869
-42793
51136
-32499
-71891
-10900
48379
93996
-69619
63196
74421
40347
-57528
-15866
31639
-99347
-23344
-32163
13223
-32339
-37333
-40202
-97773
9894
38590
-76771
71176
81179
-25583
-92502
-2359
17542
54825
-96131
-31103
28449
35735
1153
-84425
50142
-67948
-6839
4631
-51835
19674
-12853
-23714
45787
-15975
44981
-97328
69855
-97649
-37447
83689
-5917
-67865
-40542
-60786
-4219
18186
89235
-93140
85670
29284
21159
-42998
-64364
83274
57236
82569
-73425
15026
63471
-59607
-82157
-40894
-42593
17228
-94736
-35031
1753
5697
60924
32640
27403
-33077
34302
81261
75040
5629
34771
-20483
28405
-67269
-51520
27895
13458
-36311
-46638
-86767
96897
-74235
-27391
-26828
31966
-30689
85226
80772
54758
75652
-56582
-10271
-12284
-66502
-95800
7380
-62535
-12171
32186
-76279
-60058
-60919
-83640
69946
59006
-33298
-16186
-13088
-25911
-40969
13304
20597
31769
24992
41703
-69330
99198
70724
-39881
87378
81290
-50585
11779
49782
9169
-33304
-24721
-89647
90799
-19094
-29592
-32652
-60758
27383
42910
-78335
-50749
-81335
-61449
32949
-72067
62122
-84706
-28773
28192
-23104
-86006
-80195
-24585
-67752
-90762
-71343
-90860
-73813
-48830
25856
52959
11380
14239
-33252
-53681
-22353
18563
-32786
-15174
-82180
-41710
77755
63157
35283
-12042
-39583
-11781
36491
1729
-8480
45904
59655
14978
63621
88538
-71474
-54100
-20268
35677
51853
2659
71094
67735
89622
-88515
-64035
-16131
92634
-61001
3120
-73780
79155
-60055
-61169
6843
-81977
14029
15241
-31986
-48469
93729
56003
2226
71897
61424
96547
-23782
-50890
48156
-5477
9830
6266
-95623
-3282
97717
-99179
-75821
-71401
87079
-763
32643
62642
69733
32977
68389
-98590
-11526
-2812
-17933
43146
47381
-63614
-67645
-99707
-11050
26656
-56561
99468
29760
14136
82715
11448
45827
-37203
-6573
-81697
51464
19223
54026
33241
70303
-59381
-34219
98037
-80113
91451
57131
-27413
31054
93412
-75928
-88742
-27401
-6889
-75446
-75538
92506
-42155
85607
-58705
-33124
-32068
-53405
-846
-72507
92376
84419
-33242
59006
-60506
-80264
3912
67674
-74909
-31293
20545
-59200
45234
-58
-53428
90952
-93163
11214
15049
85704
-75374
20693
59844
-81181
44275
65863
34630
98661
20903
54892
14797
21107
55151
30127
-71125
54401
14326
22852
-30015
24467
81204
28788
85112
-33216
-9385
76391
-76183
-76213
-98158
95065
59967
-30315
48086
59921
2074
-56138
84087
-15782
64100
93966
88268
31129
-45299
-81057
70353
-77575
-41496
97146
3315
-76747
31908
53598
59034
31657
9390
-59145
30040
526
-58670
50007
-7484
-88242
-35340
54635
22758
-41856
79730
-25719
-45755
-51229
-37653
71242
-64
43610
-3894
-75402
-33500
34179
27039
-1309
9867
30772
3537
64059
-4032
18835
44073
-92849
42518
-61477
-86139
-43725
42204
-98157
37709
-30251
23748
-5853
81702
60998
-61883
-88348
-93537
-45969
-84360
-79562
-68023
-22200
-99925
-60408
-81699
-17116
-14101
97453
9932
78267
-77843
44600
-47907
-84694
76097
-18820
43161
57434
50544
-57205
-54879
90559
-2814
24775
-71726
8036
61186
6595
-70882
-26160
-68856
-56802
-4111
-46162
19083
-59645
-9847
1668
22720
77324
73576
81267
91847
66336
-80815
97679
75379
70308
61568
28728
70037
-25567
28529
20818
18125
50400
24642
3488
11514
-78814
58311
-12445
-68420
64633
17106
-51358
69747
52445
72725
-63673
-30289
30756
-30282
-61292
72647
47948
30049
76043
56614
44342
54521
64822
18479
-99802
92055
-98282
67491
55339
7377
94518
-61569
10780
22251
-41532
-32209
-28139
-33470
-91103
41956
27083
72379
-66895
74619
65112
83440
94612
-80903
-88012
-62975
-1358
93474
80553
17647
75691
-51085
-37047
32863
-18360
-78301
-56987
50319
95274
-41828
82524
-22388
3609
-11059
-19235
88008
54593
23784
-78290
99101
-25659
19605
90006
-11687
-20979
-45005
53717
-65635
31767
-82506
-99398
-33335
79874
87521
34084
96605
-78
31208
40854
-89948
42119
38098
-48911
60885
-34219
-80536
13348
-33673
93662
73652
41006
-33630
42022
26891
16097
-77013
-8135
-69421
-27512
48068
28443
-84432
-72773
-57223
-19072
-44981
-28699
74871
33592
54435
96025
85070
-15024
-77226
38927
24935
48854
84291
10247
29037
-59299
65879
-78359
59445
-68478
17346
9544
42997
44861
-62774
-38809
51681
35242
98488
28384
-27803
7325
-77050
-17779
74499
-19682
89495
13942
-86837
-52623
29788
35201
54232
-99253
-76070
2148
-28319
-93692
57685
33375
-915
-95386
27780
-4285
-73447
87568
4673
-76145
55250
55186
-44944
-95756
10051
-77116
-53888
33586
-92624
6557
66454
56966
8212
72468
66460
46112
55808
-36543
25513
52655
53331
27993
31554
-15247
-39946
75076
84893
7583
45261
20916
-13808
99265
96934
43384
28776
-50386
59025
84905
-5267
-28842
-56340
-22756
47935
-30768
90668
12851
35266
85751
64384
-30848
-67719
44220
91786
-24311
-60282
-73570
78004
-20780
-1240
21543
17129
-17828
5888
64376
21757
-8990
37140
36167
22016
28743
32655
-88120
95071
-33385
-2401
-54892
-46040
-54455
-96486
-98849
51950
-27869
-71699
2406
22828
-18327
93890
16378
-14282
-77982
92676
49488
64911
-49963
-54947
-32982
-99235
-71947
-78367
-32282
-7033
83172
-16938
48131
-67087
6359
-44657
49935
-57174
5626
75860
49817
-12960
-57394
-27587
-63747
47452
39841
-36167
-95671
-4900
83637
25799
80782
80365
-52882
25620
-14596
88745
-74187
-45725
10329
36870
-92407
69800
-4305
36974
13565
-93112
-50581
39644
34584
22859
26388
-82047
49322
14147
-23048
80573
-88754
80499
69386
-60562
61885
-38805
63027
76198
-18981
38574
-73293
-50734
-52080
-17974
-15970
82380
15979
29720
75714
26800
84324
-18263
-67945
10432
-52456
36686
-94672
-58624
-47017
13421
-87180
13102
2365
-8402
71090
44672
38390
41783
55135
46895
225
-87661
97951
11441
26859
26001
7157
-76765
10767
56937
73641
85413
-93321
49611
14208
-55691
-94428
40928
-3631
70600
-15261
24594
-25642
82393
-58572
92762
79943
66722
21242
-97725
70204
87269
35609
-18287
19416
-12478
-83109
33120
1469
-82634
-67734
28871
-42668
-5608
-32738
10822
26364
34388
-93685
-92079
91000
37220
-64090
96899
-71942
96141
-41331
25638
-14217
-64960
80744
48720
47758
-52759
-33544
21640
9167
47359
8456
-71510
67623
71639
63159
56701
32657
14150
-90097
-69800
22668
-48819
8514
9530
11074
-37291
23143
-3551
50229
85921
-36189
77999
39241
-49629
2172
-37288
-61577
56872
92172
-26004
-52478
86488
-72485
-75103
-9864
93590
-21746
-97479
-30916
-11382
-53441
-41159
-9435
-50494
-9764
-225
53035
-38290
18125
-79585
42319
-773
-41899
91633
2369
30270
-11258
45398
-66241
-88564
5525
49453
99509
93655
19599
20272
-286
-64191
64248
-47616
55751
-29199
72897
-19344
-15685
26920
32760
-60606
81462
64011
95845
-3879
35137
-2004
-29759
72910
-97982
-92853
-21344
61625
76970
-89169
-91951
-66573
97645
72837
64914
-42399
30415
56154
92709
38453
23724
-20687
-53896
-66603
76550
-59461
-7882
-86481
98057
57562
-66476
7144
-87193
-17442
84519
59864
-69606
-40481
-49385
-45192
89129
4321
-45694
-15869
-37830
15344
40570
12686
-77781
49679
-45607
-43859
58771
-77206
58433
-24134
-18022
70377
9061
-25748
-56979
92184
3491
94332
-81779
-92491
-20182
88229
-7984
-99071
63349
41942
81231
48528
53389
2894
-28302
-26463
-72563
-51896
61020
36551
33078
-37737
90446
752
-16784
85850
-1531
-33096
33166
-54727
5083
12776
69858
2560
88774
-36632
-89678
57686
10826
51220
15132
-71336
-68652
2279
29751
86516
33365
11143
88931
-24247
95931
2086
-50291
94489
21072
25227
-63868
63026
-28859
-48911
-85678
-43324
-96330
-58521
79483
-95344
91897
-15765
-5285
77561
54089
-1427
-39322
46752
30498
339
-73474
-48310
-911
78364
84226
-33840
-75194
-92351
4437
6371
-60619
-59798
94451
-35364
-34664
82786
-17092
-87368
31578
-1703
28339
-71256
-86993
15326
61164
56630
83775
791
32717
-32665
74778
86939
-71061
-91385
-76541
-21466
-49208
54962
5245
-78166
-9163
-31945
-82950
-36028
52212
98614
-52155
38593
12344
-36404
-50296
-80083
-2910
-23513
-56120
-76234
42841
44873
-74998
55629
79394
-27128
51642
49536
64172
-591
19800
-35241
19105
3491
-92389
9547
16057
-61139
55183
-13596
92965
-22951
-49652
-91220
-19743
-29109
-93754
50846
-7743
-60906
84411
76067
-57816
-89028
-21527
30479
67557
-592
11721
-46201
25620
4536
-3466
36523
-71742
82047
-43518
-1501
44430
62616
32788
-95008
32696
50991
-62226
59056
70012
-15438
-74718
-23583
-84197
-17251
-86109
93474
-22563
96367
25200
20432
15793
-43663
-46927
-50405
-55430
92962
4
93343
-6920
4249
-95485
16894
-70406
-82652
-49144
64063
-44626
-29313
1833
-91960
-92348
-25641
-95687
-7146
-58225
47179
-46613
-30572
4045
-58059
85522
-84965
-7857
90459
58570
74622
89717
-19685
25731
76259
81895
-15771
69708
-58831
69516
-25497
30065
98465
-42269
88711
68326
-97923
38721
-4469
40033
8397
-19536
-28661
-13753
-53185
-76223
57637
17763
13839
-59688
-2224
-26303
-57013
46128
45663
-39655
-42057
31170
-17523
97758
-42899
-60189
62914
90974
-86
65496
-28504
7531
-64446
-12899
-77867
81099
-84445
-65161
-17415
88316
96297
77005
52249
28693
37126
-10586
64430
35642
-62168
82246
58165
-24327
11335
-91412
46724
-43362
-85983
-41227
95136
-5553
-41230
-52663
-32988
84160
5009
-14266
25737
88149
16745
18283
-3666
21532
-40717
-73780
45619
-98088
-65661
-42349
-99799
-46217
74428
72190
-78288
68532
69843
-6296
76105
41162
93443
-99007
9329
-6520
-56632
-41173
-74119
22701
27460
-8643
46041
-42281
11184
-92306
27171
-62166
41007
69971
-27803
15800
68753
-35754
39289
93425
-88413
28470
-65400
46425
-27205
17010
-2971
-41847
68885
44541
-29069
77955
-72817
-8280
-99247
57680
55544
-88306
-74471
-91480
-41245
-62190
81372
-67751
-45037
-68435
5454
-76123
-834
80100
99440
-44818
-85901
-58617
1144
-95835
12520
84846
44588
-47974
76647
11615
-82823
25626
-41505
86733
54749
-55421
-54275
-5302
65946
-56124
23078
18151
-46650
47199
-40089
-56120
73711
2817
-13579
-90088
-99856
37970
97379
-41060
-17394
-64626
-63209
-97479
-66138
-32684
-16170
63107
92928
276
-71559
68539
-83599
-32061
-80193
28856
-54845
-33333
-36323
-51584
-99615
-88502
-61526
60429
94711
96291
-43192
-92478
35265
48955
-9799
63200
61173
33810
-17727
-87808
58889
-6927
-33109
-11127
10638
-88321
-75840
89700
-36871
-66755
-35528
5507
69174
-68592
-8346
-51547
-94340
-88364
-55857
-42778
-7882
-34834
-20971
-81118
-18351
10870
-6058
-54204
-36456
-26776
39692
-43083
-30472
-5502
-47409
66803
23473
96488
-73474
-95877
82253
-201
-38040
20519
-82931
-53485
53528
65745
-81580
90419
-96846
32022
-83483
29564
97875
-15225
-31169
51561
-70397
32968
90341
-31784
83843
-68719
-17734
-81938
33980
-45406
-7935
46648
69440
26412
14793
-39471
-68191
-35962
-28263
-913
-21271
-58623
-92677
-24327
-73987
-46793
10845
-85047
68796
92888
-39342
40015
-91151
-99971
-54133
-94574
-22011
11162
70486
-10884
-80097
46038
-18922
-8064
-61391
-88244
-46743
82479
35505
-89198
83791
-53749
-72773
32931
-92403
-27780
1646
46487
-84426
-51075
1826
-70181
25248
9519
69528
36216
-75962
-99669
-48573
85520
47005
15891
11980
46564
22610
-4861
-3804
-60516
33875
96339
27622
21581
-48595
72575
8738
-49000
35175
64772
-48168
72374
29791
40843
45068
97540
-44756
-87201
86748
-23535
-16126
-67542
-8839
-39604
-36013
19485
-83083
75785
914
-34684
-27368
80194
-57914
-50776
-85194
-49533
89549
-30877
93533
-1613
-80222
67231
2744
-49391
-30692
13153
74058
-16722
-18808
-79704
-39967
-608
-87971
90239
99221
55821
60998
33141
-33780
65467
19244
69643
-82851
82360
-34059
-41008
-92339
-66819
-72545
-46883
-83384
-76054
13260
1431
23647
81774
96824
-35651
27098
-32495
30370
-6909
-23765
31290
-17240
80686
91504
-64721
-35179
-82018
-69362
-23662
69640
-42893
-14302
-30755
73012
93486
-16285
-9706
48344
-22062
27074
-10698
71417
10561
-18834
58855
-1949
35029
22609
71415
44261
51860
16576
-51260
-55411
38247
78899
49482
59441
5253
52709
10353
19088
52495
-84512
98855
1214
-94289
79099
52804
96656
1084
-77168
-10359
42554
-90297
-41271
39403
-28046
78775
-88704
-49811
-17844
52820
7005
10684
11475
-27946
-53887
49796
18084
-39683
-22423
7059
-7099
-37761
35447
-5078
-53137
51366
3793
-32892
63096
-37548
63935
59744
-41790
65422
-13861
-29586
46431
-89451
90800
-84582
-3556
44032
-1793
48793
94485
-58492
56051
-72620
71958
66789
-33479
70766
32084
-25615
-33263
84464
-7322
-39244
-73906
-95814
-33763
75794
-19385
87006
-93454
-35947
5505
42963
-20180
-89205
94563
62764
-88492
65670
-35237
95937
-90356
-30249
-77100
-71653
30250
68819
26805
72603
39879
15122
25674
39737
-21847
42625
-25933
76036
-59613
15896
-1288
55959
-99934
-1214
-66718
-56432
-63867
-8589
90025
79500
76568
-34963
-15505
-90712
-56314
-3085
54709
-61037
-16827
-16884
-16504
67469
57892
-76440
-45961
24542
54199
-45142
37185
-53109
-38663
69804
-34395
66818
-33346
11655
22505
-85137
-69229
-20781
-12571
-18249
-35356
41700
75912
-90603
-69584
-84488
-95438
32364
986
-61806
92480
-90997
40552
-83873
1250
-22869
-32842
-4680
25628
-36994
8433
-4062
-41375
-99394
79662
-46136
68012
41883
64444
49571
-49961
27413
-93244
65997
68373
-75237
47129
-65173
73428
92162
-18242
26870
-22224
4377
62864
-71445
-80332
-35886
9342
-32274
6385
-58465
73022
67353
-9435
92645
13211
56172
-75360
47470
-5016
60237
-28997
-29829
-39046
-56045
-44405
64664
18498
-71434
-51256
-93864
-20860
-71274
17892
-86095
-34100
-10916
27204
48296
2535
-23241
-5425
22345
-54507
73238
-11099
-63071
-65692
76776
35499
-30900
96194
-14566
-27659
-32606
-28860
-98884
-20572
19012
-62219
26626
-73908
-73777
11760
72459
8049
-28338
-40124
-59433
-71804
-69359
3189
758
-17739
71099
-48113
32533
-15973
-66838
-6417
-11461
-98370
-6546
5296
33427
-78568
82995
-78716
-75917
-79203
68462
-36851
-14978
-1669
-15628
26177
-1575
36640
-15341
38188
27524
-35084
99647
90656
-92695
12345
-57260
79481
50735
85558
-19747
74122
-77942
29922
-45403
5440
83558
-31429
90
47710
-16166
-81437
-4989
44133
-8016
-387
-49360
-74379
61300
-53148
76991
-23651
25576
-29873
41059
60170
-43262
-73165
8092
-69579
44264
-36904
39
-43909
-1569
29987
22435
-12750
-90762
-74444
72361
59144
-95078
-93292
-88078
75737
-37926
-12637
-44252
6689
12765
-19843
6068
87731
96874
-22553
-68494
7564
87530
53192
40979
90023
-78315
56970
88408
-56340
-57131
-581
-54998
-88330
-33652
2131
70347
-83960
67868
-40442
85040
-23710
51415
-57760
35102
56225
-64179
20667
-5921
99679
-65143
-29022
40365
16655
-30940
-87980
-71984
-5560
1230
39513
92217
-55391
-23604
-52030
-95624
70501
-8043
76270
-29890
70510
-69896
-85297
-12016
17358
7606
3758
93901
75621
-83748
65389
71494
12614
-8037
-56599
10207
48112
75273
63353
-78535
34035
63930
23677
-89647
88555
78374
-59855
28127
29823
-28554
-7854
-7687
-99614
-33546
-3066
-6586
16440
-13156
57123
83287
-25331
68923
86822
-15222
64273
-53960
-57844
-938
79638
-22813
-13585
-32543
36082
-27452
67657
16569
29083
47801
-74660
-83442
86825
-83158
91829
86794
86900
24036
-46104
46283
-87179
-11367
-60916
23574
-37781
-74553
67449
36642
36581
-24260
-25195
-2978
52123
62786
17710
-66069
73145
67031
36829
42690
64691
63087
9484
74202
68695
59873
2691
6243
4027
-8260
9670
-4736
64633
-96590
1670
-20206
-3769
36329
-13828
-99955
39951
-30719
50890
-12026
1240
-77767
72955
-91141
-42532
47919
-81513
89773
34975
44788
-74318
-23323
26278
52298
65821
49772
69591
83637
-91096
27264
9641
40232
98061
98186
822
-56173
16982
-65512
-63997
25926
84089
14826
31074
-29268
95118
19439
69536
-78042
-81791
77192
14748
-72000
-33412
-30540
7585
-15221
17861
-85369
-5888
95787
44879
-64700
96383
-32864
-55016
77626
27216
95098
-28195
85301
35927
-20972
59955
29892
3791
-87518
44486
-48784
51019
-56573
47139
-32777
61221
-26340
32292
93988
-6979
53782
58778
53538
-84203
-11195
-50993
78730
-4721
-23843
74156
-336
-36365
3237
-38667
-76905
-23111
-90565
-38301
90046
19867
40764
-43480
41646
-29040
18132
71124
62343
73299
84162
-56035
-98678
-63872
74208
-23531
98345
82994
-10052
-79144
38747
-97864
-2823
-78315
-31636
1592
2379
29268
37391
44084
82803
-75144
71216
-12587
67791
-7972
91885
42082
17397
77677
1743
-25295
58704
-66241
23970
-21
41701
-82286
-76089
88872
-68333
73369
-33967
-45393
71919
79589
67543
38046
-56809
-24434
-63251
-47143
-2393
-84660
-33426
740
-61845
55637
-23123
74000
-59248
-82455
-71963
43808
-54514
63273
85425
35167
38248
-24997
-66750
-57767
31979
86994
88871
72375
19031
39865
27702
86463
-77710
32195
5777
75600
-52073
32113
24103
-66184
17861
-74612
39331
-39137
73643
-58176
-15897
-97006
-4982
5490
38447
-97354
-48270
77019
-28445
99133
-81234
27253
49140
-18274
55042
71126
46711
85982
-95804
-50014
-27244
67630
-5184
-63665
-91425
22024
75921
-72415
14724
65668
-28557
-85573
64537
49536
32742
90604
-46468
51565
-89151
-93702
-76471
-58787
-32268
-76916
-93689
-40687
-64175
-25717
16466
65259
81987
49372
-66648
35109
-34101
-64627
-90524
63651
35781
6156
71699
5754
23655
77830
64496
-64494
-67113
1151
8694
69607
40879
-45909
99395
-85171
94768
-291
-80115
-45800
5175
87253
73830
-15384
94007
23110
-84721
65865
-37080
5766
91020
-51231
-130
80957
44380
92608
58964
19245
14342
27042
-90447
62496
-79734
9956
-69255
83422
87202
-7633
-77612
546
-48499
31748
44183
-49660
51767
51700
39592
39716
-30278
84663
12424
-26191
-87263
65771
-11381
67449
48291
56090
62493
29272
96814
-44888
-71749
-15864
80070
47430
6604
87397
-69487
38265
-32133
27643
66996
75222
-60748
-25166
-88223
46475
53344
-94765
-43305
66165
45924
-91354
41839
-91716
-50539
61998
60593
-88371
27593
-73344
46985
-45865
-932
44982
-41746
84546
4613
-37059
-96309
-90263
-43817
85433
85352
-57084
15639
67680
-96971
59625
4112
-86968
-43132
-37869
-96602
-52792
-97245
-64457
-98271
-19378
-931
-39861
81474
-63288
45052
-22781
-86431
41244
23301
51743
-51022
-7654
-14056
68574
16836
58425
48348
78162
-36440
86252
96272
-61924
-38869
-12310
-60270
81270
-13551
-53856
-4615
57983
-61509
39800
36761
43928
22689
93737
63888
16078
-77542
-50916
-30109
-81063
44104
78521
72166
25238
49401
79806
-7630
-13774
94545
-14739
-79606
-66054
33429
-76173
-18016
-12564
19449
77421
-33322
-21626
44864
-6850
-6040
76695
14190
-89426
-77830
-22935
-22408
-37612
-51500
-37025
-53007
31955
98050
77338
50420
75713
-43761
-36333
46203
30102
72112
-81707
47780
-17455
-41928
-84308
48847
-99793
-68560
50269
-35710
81617
95062
-63160
-3204
11284
79300
-59059
-76152
90352
-1292
16854
-27640
-84865
90012
17034
-34154
19876
-8900
21102
15411
65382
92298
-92823
9249
-17418
-36053
93332
-812
-61338
-37450
-68784
36602
-67775
3229
48133
88884
-50328
-36040
54754
-20949
-62092
40414
27844
-97274
-57340
21378
57984
12460
-37005
80666
-3713
-33746
-47264
73125
72321
-70672
-96518
-86556
-25844
91795
-81551
-46662
-45759
-75082
-35585
-63702
-91401
65698
-66919
-20270
74407
19040
-15798
56713
-64910
90641
56993
10403
99937
17356
-64769
-67301
62867
-16130
-6883
85994
-89951
77333
-49252
-23872
63104
-57370
15328
-99627
-42690
75874
-72187
-98989
-12020
-43972
-90950
17675
76252
80913
-72518
70877
-1421
-76573
-60899
-87142
-22972
61709
-70493
38956
61576
-31384
85859
43646
-22585
21156
-48194
-92912
73248
65376
-15382
-93379
-49210
-91919
-45963
57987
-19208
59960
1198
-33325
18036
43155
23673
24156
-5517
73558
38814
-16866
23718
-67033
16393
-81728
96107
1564
69109
91591
-45062
-27680
82679
-47915
-10760
92351
62003
-54658
-95680
70862
-78220
6495
-36753
81899
-75517
-48113
-82493
-75820
-37319
16460
73482
9420
19842
31531
-92238
-21837
-80603
46565
1687
98952
99299
-5408
-48620
-55703
2848
-98932
87947
34050
36029
26126
-79101
-41629
-550
-20696
73010
33339
-23129
92951
-62611
-91091
-94709
-87580
-18543
77845
76442
41327
22700
92816
-22470
-9564
30010
-5336
-81553
30085
93786
39655
-50114
96527
-43354
-5909
-19891
70035
-96588
38757
20272
-15604
-50417
-647
72938
-29390
-7290
-80385
-20526
66290
-16003
36483
75272
74363
8379
-66586
29579
-27256
-80536
42894
-75116
34666
70148
-17529
-39826
-9080
7875
98152
52106
6513
55166
-74075
-92432
57605
-80126
-29892
-43962
-99816
-36157
6914
68400
-84277
-62108
-24348
-77922
-87060
97961
-83639
49019
38921
-38028
