591.849
866.940
569.590
103.491
760.942
276.973
348.314
1100.639
2117.554
1919.956
924.323
999.232
767.628
16.460
1456.698
120.338
71.654
345.820
1157.000
63.961
1012.373
987.167
423.274
1605.611
3444.466
4604.743
5853.220
1217.588
284.314
4256.911
123.372
106.532
1819.151
515.866
185.207
133.348
1656.574
2607.524
1640.142
1959.106
2065.986
64.488
955.904
2562.728
1088.367
1186.585
395.690
380.345
2262.123
67.378
1293.798
22.768
1805.344
443.182
1410.796
164.619
387.571
1198.554
108.322
110.290
206.582
645.849
28.628
1185.044
123.567
34.406
2151.534
1192.499
88.653
11.484
6132.174
3901.183
4476.303
262.766
50.678
217.902
1071.890
2307.625
148.579
2611.969
551.137
230.397
125.082
3008.414
159.408
7028.883
53.064
143.314
50.502
415.775
130.408
87.202
186.039
3105.843
516.430
321.851
247.252
1320.530
48.248
77.939
373.600
1620.748
1810.266
145.415
6.393
390.982
7.346
4493.626
3362.942
519.106
4530.692
72.438
2404.084
1658.121
1700.657
1296.411
1006.736
258.379
4164.647
908.420
135.943
3585.308
1238.198
866.656
584.581
62.166
543.373
486.612
256.425
2405.022
2837.153
4474.222
250.328
634.164
22.577
1302.556
41.926
1142.927
97.588
452.233
5093.187
322.885
1405.102
119.154
3484.263
963.128
484.152
277.272
10.614
239.655
4346.819
1066.362
104.211
1535.878
720.378
1103.433
3704.576
653.519
80.690
3081.435
39.079
3619.743
861.461
473.371
97.328
3372.625
3090.160
1191.278
85.928
235.509
1953.877
59.263
876.989
3487.038
4608.704
31.606
18.699
757.548
3234.040
1512.405
33.342
938.344
665.476
4523.732
880.615
613.738
4526.388
2546.564
1944.995
0.139
75.107
235.038
1227.516
2850.582
5792.586
655.076
4633.855
383.514
690.833
1753.145
773.453
186.860
836.308
2153.430
1495.676
22.470
863.925
435.827
1787.366
1299.992
737.319
3304.753
1194.136
2133.914
275.061
282.797
44.694
122.928
173.384
1181.630
1340.653
603.432
220.228
1470.488
3281.741
529.395
1092.347
789.975
3542.616
485.069
759.587
1170.671
4995.023
1647.720
13.697
138.260
2438.630
120.050
1160.976
169.399
753.486
361.054
284.568
677.714
825.234
1081.946
0.220
65.810
107.922
2858.346
70.910
614.255
166.139
3616.068
12.189
2504.531
3702.903
6.525
38.592
2244.022
7065.367
288.983
2200.746
13.693
4291.533
2368.328
3328.715
15.347
1170.554
49.158
2497.225
2329.841
680.441
759.825
390.516
804.513
1683.335
424.744
336.371
7.900
306.164
192.579
18.855
24.042
29.945
1095.478
426.134
1428.985
293.656
981.836
584.200
119.679
3149.369
569.983
196.284
1866.766
84.628
926.155
6852.009
417.450
607.719
813.229
6924.052
4223.096
2024.735
10.112
55.875
28.088
117.430
1592.945
684.075
1115.678
3199.831
51.841
4.667
2376.571
2184.874
598.980
1050.996
1153.580
552.128
878.919
2.195
1329.739
724.046
279.253
2173.069
451.725
26.954
588.136
1514.823
83.290
1940.699
1541.920
269.352
639.845
526.979
389.355
1042.736
53.204
597.363
1658.639
4976.733
537.519
333.570
1710.741
57.213
1650.959
492.022
1340.209
3096.631
505.769
707.815
1946.516
4085.090
1019.977
1569.395
1747.559
3498.447
248.264
657.181
1255.968
1154.865
807.303
266.453
3111.461
1132.999
2474.060
497.222
2294.426
522.494
3475.482
1196.020
4755.354
926.424
982.205
454.962
987.629
954.432
11.499
3963.393
222.020
2190.480
1676.241
175.279
3961.049
229.120
7388.808
65.783
980.852
1859.908
668.201
288.484
1269.759
112.794
2214.008
576.614
1363.384
357.871
145.937
1909.016
1235.315
714.932
2456.584
206.914
552.781
245.999
810.770
628.473
970.839
2407.553
7649.563
663.338
90.914
3303.159
1874.331
875.697
3133.974
2331.437
1929.349
134.098
2.773
704.332
143.887
469.117
1098.376
5102.993
730.275
6081.422
1143.855
1385.632
1813.423
4180.714
1983.253
37.136
1285.045
224.491
5367.562
4388.584
327.510
70.506
2300.908
51.501
1325.967
2563.416
799.910
1833.242
58.355
681.686
52.996
9.622
1455.668
296.836
635.776
176.041
1412.993
511.146
2559.272
1060.208
47.222
353.738
961.176
1921.747
2537.892
701.874
31.333
856.471
117.466
3897.328
471.094
2333.303
1609.009
3003.238
2214.837
351.741
397.836
106.888
2050.244
737.212
4322.035
3835.727
1005.683
1409.932
2117.535
11.244
569.671
813.094
746.559
990.176
315.596
251.612
2929.504
114.802
135.855
174.385
5944.189
2813.726
1657.459
2923.690
551.414
789.719
934.694
44.034
644.417
588.941
745.045
28.364
130.835
6646.587
806.324
6902.186
95.992
2049.569
621.344
512.610
263.468
2.071
45.489
243.743
314.699
1614.250
1103.395
2217.554
340.740
401.446
138.288
4283.592
15.031
68.491
2965.160
2540.549
326.394
1372.570
486.053
5.391
1966.538
427.694
656.195
3467.188
1092.830
2400.870
2673.622
2844.248
1966.600
1383.916
79.795
1840.103
474.805
16.632
3457.302
4648.283
963.341
16.095
319.371
341.068
3497.321
2985.485
370.405
1878.207
212.895
2968.984
1339.891
1980.296
191.117
705.826
1023.391
1568.309
948.757
17.682
417.928
2841.992
814.642
5112.388
242.309
422.205
333.331
2853.904
1793.869
34.110
1719.615
438.839
332.254
115.907
4490.313
259.781
961.983
4804.221
267.878
1881.931
37.700
4950.278
3184.384
145.289
433.251
2321.287
647.527
386.618
2184.654
261.053
10.706
3278.683
234.100
241.325
768.202
666.278
1300.642
863.467
469.797
969.048
197.780
297.842
815.709
101.614
10.836
1931.138
773.686
1437.317
412.202
2022.445
494.432
1924.846
5897.649
56.232
4488.407
734.987
2504.468
0.563
639.015
957.397
113.734
521.766
1560.795
121.658
254.934
21.559
632.069
450.292
2.336
53.953
627.693
716.833
23.799
1325.381
2274.592
1016.130
88.086
1828.808
176.728
32.052
1253.294
2202.183
2357.730
65.319
722.508
1153.701
69.643
570.853
1.355
448.053
172.859
219.806
290.053
65.360
1024.753
1340.038
4902.439
263.856
22.245
639.571
400.958
70.106
2451.863
150.985
673.922
93.073
22.066
23.634
436.433
185.251
10.007
1971.712
70.758
1236.990
1227.255
176.533
1326.770
126.025
35.489
388.808
1153.963
977.973
1454.085
105.331
1473.598
1310.802
53.437
6753.622
2193.589
602.549
108.280
100.874
738.046
2007.891
20.297
42.994
1007.680
340.777
321.976
3529.686
239.457
2822.183
1164.065
837.465
182.935
693.881
1538.014
1348.553
215.145
1727.764
889.197
99.082
4314.926
603.600
133.968
13.426
167.009
1290.217
247.016
1658.790
4032.581
27.276
963.434
344.347
213.461
58.904
220.118
525.324
1766.997
2225.362
1585.916
1252.286
9.583
1665.164
100.857
172.595
2590.697
1567.283
1010.574
84.723
451.178
2992.699
13.695
2846.243
56.113
2547.544
51.206
1.551
957.380
157.372
3669.695
196.281
490.772
2429.430
0.521
490.196
78.022
689.396
702.956
68.268
1079.577
15.504
60.755
1142.785
308.912
486.405
327.758
20.451
291.070
352.466
798.421
3187.263
232.342
917.976
282.011
1293.210
86.959
224.663
1552.738
999.472
2828.351
116.162
1043.522
326.052
120.200
572.681
414.203
2765.144
46.457
1454.637
16.631
3229.538
174.966
144.413
2067.233
599.692
2682.184
675.360
215.421
306.495
704.944
2386.190
484.192
20.238
701.117
3421.814
93.576
470.898
42.226
2940.848
2541.123
5746.315
727.793
5107.436
44.978
3025.615
5319.113
4227.336
1805.536
385.587
25.525
1299.096
506.400
2281.804
922.647
2713.802
5468.819
1063.680
2.878
1288.969
43.937
1394.954
139.111
2097.045
354.619
156.082
178.431
158.876
953.698
62.793
10.268
2432.855
8.279
1038.586
4635.015
46.212
1175.089
1715.702
456.615
606.168
13.695
3457.737
2151.059
1807.747
406.251
2614.208
36.537
3257.890
2768.248
671.651
300.263
879.048
396.196
3665.005
3451.489
836.514
859.048
2837.378
130.953
241.963
3573.990
1605.005
827.981
911.102
597.067
53.617
394.913
1043.789
491.893
1291.166
1599.620
232.407
905.737
113.054
2714.624
529.733
1211.249
383.242
1001.527
1714.458
237.344
4653.629
60.619
2400.307
312.663
50.185
1535.697
98.380
1094.735
1987.429
2293.742
125.010
4476.396
2188.574
944.854
1735.666
1208.110
538.826
975.323
147.924
403.795
472.945
2522.285
1765.038
1926.232
3760.823
118.062
497.207
941.747
1881.543
1179.836
350.776
1.214
241.670
630.474
2995.065
124.389
375.388
445.182
17.294
187.337
2262.979
2421.808
1009.061
1315.396
869.676
3134.906
239.010
14.435
269.181
25.148
67.932
1468.429
4.632
727.055
308.018
130.854
2273.683
233.337
3686.883
5968.490
1005.954
254.267
7.552
36.179
580.510
326.610
0.505
195.610
379.141
496.089
155.641
189.417
96.493
22.876
4045.719
253.496
2478.431
1371.935
1360.828
1458.272
2242.437
408.588
5293.106
1819.259
2948.664
139.319
256.975
260.565
1039.012
119.688
289.575
408.965
2414.448
907.887
94.092
2402.706
662.226
2416.649
54.236
1491.657
79.451
106.474
475.866
118.836
2711.812
148.653
376.573
18.829
308.799
2576.219
1679.014
277.031
446.912
279.328
2758.126
1232.436
583.812
1131.547
488.385
385.101
2811.415
1263.065
196.268
7123.992
1930.433
25.543
60.079
1856.865
230.200
631.026
434.873
4129.601
173.394
630.391
36.369
6682.506
3725.787
1850.639
401.666
1395.212
181.221
653.767
1565.164
2605.184
560.295
3644.414
644.438
903.045
109.070
45.122
125.287
6.051
2208.182
38.151
3777.730
359.171
5402.989
317.530
1967.036
302.891
180.416
850.657
1327.114
163.453
746.682
5044.126
2633.295
290.837
79.901
13.178
2129.125
2410.972
376.793
509.897
5421.491
238.730
19.588
1002.085
42.433
694.329
1362.226
672.723
2333.504
3296.645
16.312
1187.869
660.121
1144.913
637.707
124.809
43.720
459.399
208.992
3540.030
21.888
265.592
44.572
195.230
232.726
1939.619
3560.701
311.454
581.065
157.252
263.770
2234.111
333.992
345.203
233.819
207.651
4034.681
4291.492
165.836
1527.114
57.644
714.214
1502.473
458.276
339.685
1285.910
1409.010
35.369
410.497
51.534
98.577
328.058
502.243
30.964
2948.928
224.223
1178.119
8.335
6.111
815.831
953.827
55.163
818.854
429.133
4560.504
528.512
186.605
2866.136
572.846
5665.327
373.786
475.713
1533.047
1217.951
374.627
461.183
4081.154
111.847
710.703
700.472
30.942
2898.083
141.637
49.824
3059.696
512.585
2776.915
314.114
1977.992
76.648
104.778
1528.233
4.134
2412.400
509.269
2280.637
599.022
2536.515
72.563
2323.247
790.972
965.500
2595.140
1582.765
930.060
83.616
35.640
719.988
7071.192
2167.260
36.553
505.169
735.207
3.541
251.322
38.538
428.092
2627.682
277.202
2532.876
2857.778
146.991
129.801
338.039
134.576
1712.076
605.391
9.844
2589.932
2159.167
1448.727
271.176
1990.510
916.031
137.475
202.186
2339.913
257.880
240.388
3424.257
261.907
321.982
1412.516
795.776
250.146
145.999
4002.506
1174.537
296.280
1028.474
539.552
3956.265
930.296
404.135
1064.000
336.391
1406.802
2103.420
7570.724
139.287
4826.907
1042.242
1290.743
2094.251
659.255
2379.325
564.019
1612.022
159.402
1045.174
618.317
894.702
55.563
1402.777
28.643
65.114
1846.980
3485.096
1190.610
1421.199
91.165
357.648
731.696
2037.834
2101.077
2264.107
173.294
12.038
2131.256
310.548
4169.377
162.847
34.940
15.361
254.370
493.931
199.788
116.851
449.887
11.283
149.053
169.562
749.780
59.497
9.241
2343.838
138.412
7.561
21.214
4084.540
980.251
3101.102
4.215
1085.486
772.895
990.076
4119.862
72.013
4964.858
1019.818
726.826
102.839
121.502
3134.752
131.408
7093.381
1063.531
3387.742
207.960
1697.989
198.798
5696.835
2735.985
126.898
243.788
739.512
5283.065
813.617
426.779
904.704
429.053
335.195
345.004
1771.687
286.999
69.736
176.396
6423.815
2779.424
4781.328
859.502
2244.369
2289.048
139.547
87.408
486.158
344.213
1746.588
588.605
435.308
107.268
4525.764
2561.240
1120.714
399.008
3999.542
334.256
982.417
1880.485
19.775
1254.305
649.360
1178.870
1354.504
67.732
223.676
701.113
416.581
49.171
994.950
70.831
1701.559
103.596
2211.679
666.568
835.388
156.690
322.526
741.063
125.311
60.183
2479.497
484.856
148.533
1855.538
214.898
2913.850
100.227
3731.720
634.307
1737.706
121.796
241.224
2100.711
2600.826
4285.091
331.904
36.159
960.086
1052.627
7808.285
3477.595
20.307
116.459
1781.200
3922.133
882.615
2212.535
1400.227
559.713
1502.882
1905.445
583.715
15.653
5492.839
2224.637
1152.633
3476.032
2729.361
1036.211
411.413
36.457
1002.186
2094.614
165.866
3937.238
63.424
1168.326
759.096
714.580
276.690
1916.452
1751.951
220.644
5.451
741.772
123.792
1706.723
53.650
4374.029
32.089
6515.299
187.064
202.994
1484.412
759.711
1421.175
2034.246
0.268
209.045
4459.656
6796.939
1206.145
182.084
1549.181
2936.048
16.635
371.660
98.316
313.620
173.291
1560.747
250.696
60.854
15.858
713.711
135.439
1102.580
73.654
2400.100
3578.438
1427.045
139.969
652.277
3373.813
7.306
4062.764
1146.804
239.223
332.548
186.728
189.017
1175.851
263.841
3057.548
1251.734
1570.725
604.056
4494.604
3119.662
1747.176
231.182
162.153
204.716
489.820
115.078
349.082
207.099
459.742
4726.268
2228.118
1119.655
3289.196
3739.983
182.885
29.227
71.210
1132.984
325.492
20.315
3334.595
383.325
636.245
95.320
1844.727
1756.727
216.899
37.901
312.832
533.861
225.215
1051.790
850.467
625.460
310.848
3687.856
430.187
3229.395
780.743
240.099
211.734
298.700
1827.759
425.953
746.981
1418.374
605.319
2300.614
734.669
12.724
3402.746
1130.956
963.516
1548.945
237.954
26.421
109.212
432.279
1332.448
841.031
475.223
1740.715
1405.554
408.209
559.693
199.164
118.297
351.527
1459.504
1103.821
283.128
34.640
1363.134
305.819
1271.785
3454.990
2123.615
945.219
158.349
3977.138
3190.348
1954.134
1478.367
172.420
3613.852
1309.694
164.150
374.233
1875.750
3114.589
4834.432
381.331
1383.254
136.382
2403.937
485.491
455.264
1686.131
987.301
1239.678
561.111
642.835
59.246
1415.571
1177.443
1622.376
4.382
469.689
187.854
1880.161
869.942
569.380
290.598
419.066
513.075
591.402
675.912
6565.752
3372.294
1146.610
14.235
767.349
969.085
143.338
1058.682
507.305
468.034
2131.636
109.215
556.716
1365.777
669.384
1525.638
1742.666
722.485
17.720
1504.257
723.139
1929.497
1201.582
2405.606
177.788
188.762
754.965
1329.761
350.672
958.386
303.059
2497.066
16.435
5464.309
6.716
2037.171
2877.795
3034.843
653.330
103.710
56.335
20.688
898.173
137.934
461.854
35.109
401.150
487.805
1374.006
426.355
342.143
1485.921
126.437
3780.045
1074.486
928.396
4.188
4133.133
673.979
215.576
2341.591
84.870
685.687
220.741
1577.801
114.084
216.143
2817.876
2131.873
19.554
2898.413
3308.005
3496.696
855.091
1886.728
964.984
4192.703
124.242
3114.810
547.377
2847.371
254.429
2596.870
225.925
66.473
2369.143
187.824
4420.253
2.371
7.784
2020.496
272.561
294.978
33.297
1360.993
443.871
4761.160
501.398
32.879
242.567
489.999
3413.007
349.690
35.481
3164.029
1293.113
3987.957
685.163
811.410
194.049
59.199
1644.845
1861.695
683.622
4583.962
4364.249
2000.599
632.981
3110.345
3189.224
3406.694
48.379
812.850
1507.788
232.047
3412.745
297.291
542.951
165.429
257.113
100.110
21.666
77.215
938.706
551.888
2009.448
772.863
846.649
1331.425
265.120
152.857
715.470
668.972
45.891
345.045
4994.990
264.906
248.548
51.768
346.157
977.422
843.723
787.666
262.763
4.052
375.041
2113.711
1347.860
1167.792
250.968
395.482
1438.966
301.304
1358.387
331.047
302.336
1928.571
2567.610
3371.626
1078.435
4933.426
429.221
96.422
579.787
839.361
4020.981
861.901
2627.891
1796.355
171.098
4208.162
3136.600
953.400
45.574
889.437
879.724
745.714
33.674
1029.693
677.259
133.584
744.152
582.134
476.268
3278.573
7054.000
1453.122
739.560
1022.575
898.828
1418.754
1215.338
4037.272
2104.205
63.289
8.935
210.340
1211.253
199.986
442.565
620.613
947.375
69.316
1947.991
962.013
615.467
18.362
2672.719
576.698
547.640
847.346
241.099
2694.363
148.490
3941.070
280.982
986.224
2241.574
1869.887
811.918
2278.102
308.646
281.216
5141.140
2087.797
184.409
743.882
2832.463
339.431
1090.835
4150.376
19.785
587.954
206.542
54.627
2316.829
182.954
2588.069
992.347
128.634
1617.135
154.435
3354.318
84.998
30.339
40.065
1334.931
86.976
910.162
924.182
2175.900
118.786
156.998
183.754
224.544
250.171
3435.693
2621.273
19.357
471.135
13.860
1074.484
1392.679
2239.583
517.779
1163.343
454.145
78.764
508.189
412.201
1608.249
2319.255
34.215
252.177
105.507
62.152
1691.257
2344.042
681.493
2993.942
1646.922
16.932
2523.069
393.734
1355.599
1145.789
2787.090
54.369
4099.622
288.925
735.898
38.322
227.949
126.171
1252.772
581.224
2103.148
829.537
52.185
203.299
486.174
1263.050
4343.889
2854.376
222.134
237.892
5991.443
459.905
157.190
152.062
171.049
4300.947
523.859
219.076
129.912
291.255
89.646
1.991
3929.020
553.675
234.260
513.085
283.780
141.220
1894.956
5788.588
1355.163
971.539
70.215
694.594
467.895
42.137
1867.747
1024.588
732.947
503.856
3252.952
1663.124
227.937
522.932
579.474
749.100
456.602
696.465
84.467
1913.560
1384.807
2506.177
362.535
7.357
459.789
2439.613
2545.558
511.851
368.164
20.736
1181.523
1247.918
97.233
144.239
874.381
2555.605
2297.584
20.078
2313.567
1027.633
3274.426
3250.579
88.235
980.537
17.329
222.712
873.791
527.688
278.909
175.602
1715.234
103.809
414.786
5.828
574.951
7466.131
197.730
9.584
152.367
4773.082
195.543
5914.766
547.483
134.113
87.717
2070.976
801.074
5656.074
871.912
1006.806
1375.593
124.615
790.797
537.545
417.266
411.571
1084.536
3094.277
1316.723
2622.289
1240.547
473.490
657.579
226.687
704.780
707.897
1.905
2.723
802.021
564.622
47.272
80.261
298.475
507.676
2745.176
1100.747
1327.268
235.513
830.779
3104.315
2255.354
97.151
23.524
321.809
2417.599
610.779
204.907
618.591
2781.349
538.692
1314.974
327.031
106.485
49.948
106.076
360.947
1939.381
226.042
147.913
236.388
1103.711
23.620
4942.256
2852.621
14.322
348.487
678.176
1324.653
88.026
439.889
1331.869
115.653
59.662
577.214
8.570
1658.798
1232.217
495.017
1737.816
143.568
2438.384
705.606
1861.128
134.902
112.636
646.261
57.733
83.322
1350.840
624.753
496.776
27.582
2262.028
1183.649
475.310
832.829
60.916
430.710
840.346
3777.512
1733.788
876.174
192.558
456.904
1000.509
2323.942
527.342
96.826
3219.394
1428.692
2354.314
149.634
194.911
426.640
726.002
4906.490
1037.182
3722.123
412.589
149.674
2700.213
1561.392
4297.806
17.346
5377.818
342.533
1552.700
2138.062
217.021
2247.555
57.414
825.515
726.665
744.962
1940.370
678.352
24.807
19.287
4193.541
819.318
700.989
9.693
1296.025
629.614
2182.427
223.085
266.798
126.202
395.464
2521.077
3839.168
9.283
580.333
1679.254
839.879
1360.086
104.042
32.754
1424.746
44.789
537.115
1837.110
51.186
653.954
496.102
67.036
2459.342
1383.392
51.898
16.609
4498.624
1380.503
157.787
994.854
748.385
221.337
683.602
670.019
709.501
2954.724
1294.639
626.742
427.222
63.198
1694.881
1806.064
174.660
49.256
955.240
975.684
3201.229
1993.925
11.179
960.137
228.192
2305.828
133.123
3197.342
1585.769
3722.391
2935.277
1319.826
471.798
1143.868
135.416
409.687
601.638
874.851
691.362
114.072
2265.454
3360.150
2009.051
1663.504
435.462
1047.914
32.722
3625.884
259.267
5618.619
479.479
3489.265
10.894
4691.851
406.883
2319.295
439.754
596.942
2636.599
590.343
4554.905
887.170
53.653
4854.924
3904.933
29.252
667.700
502.856
37.816
1933.231
413.666
2893.460
630.308
15.073
3878.022
1819.549
1777.179
392.518
304.201
726.684
2071.114
215.363
4778.112
452.414
6.741
1796.297
875.278
4762.239
150.686
409.920
2363.989
2047.731
99.100
6201.152
66.903
52.949
86.087
593.604
789.184
920.538
53.186
287.368
572.219
925.479
553.716
1817.312
346.965
240.695
19.793
2580.938
3038.195
332.648
4404.387
5132.198
185.699
1875.395
1872.499
1373.038
524.175
29.268
5501.573
159.667
1417.515
167.993
433.706
1800.435
236.741
339.955
534.093
659.798
980.513
651.443
69.404
302.646
163.683
1362.324
98.534
653.673
213.183
845.686
561.122
1758.021
9.018
1212.535
11.464
755.368
2202.548
9.568
894.937
495.440
632.265
302.655
591.092
3015.986
27.560
1075.151
417.566
1183.482
561.698
2204.961
73.659
676.200
405.451
893.075
171.784
2174.504
184.502
3447.430
183.051
2.522
414.842
1377.465
374.629
2438.688
876.495
1643.533
615.824
411.412
95.926
4.796
543.927
45.297
630.560
1563.426
4472.408
27.623
607.675
417.260
82.229
5729.175
897.493
3163.620
10.114
480.646
755.909
1287.829
637.726
500.620
422.599
441.735
2993.928
103.638
646.759
2595.842
1195.549
297.319
499.191
1417.414
741.080
551.196
834.417
218.423
104.033
518.889
89.504
1209.127
596.201
143.366
111.530
335.517
716.846
5707.392
14.647
699.398
659.204
93.038
2349.057
23.794
2570.587
542.061
588.004
1102.759
4497.793
59.570
3.582
4034.585
2105.279
1875.798
2232.604
47.907
902.465
448.176
1111.064
2705.538
574.991
161.098
3492.395
694.251
22.139
10.606
5069.937
243.699
3358.196
386.730
1744.665
5187.741
340.127
2438.313
91.827
372.050
1628.973
4776.455
1242.698
864.215
5157.770
715.721
1880.910
1659.514
1215.545
465.936
2529.463
7230.354
1783.992
573.413
213.685
381.973
426.687
154.335
89.268
497.255
507.638
366.301
968.949
437.295
53.971
342.779
374.046
12.713
1660.443
3458.843
247.245
2350.732
2311.120
1061.109
6653.726
628.909
1205.062
46.657
5436.829
2274.446
7694.917
565.899
235.415
107.345
1702.092
7092.743
104.851
1352.298
132.728
2353.868
2863.944
39.528
520.046
2326.162
1711.183
5109.267
766.642
60.891
669.766
674.156
1326.977
1613.075
274.054
31.118
506.791
331.477
164.318
870.115
797.539
264.225
183.355
2385.752
25.748
1724.767
457.789
263.020
379.187
608.936
3618.055
1011.229
355.368
5464.347
214.647
856.649
1283.445
114.869
130.981
762.595
324.681
1510.525
490.008
190.257
104.739
675.214
2317.611
940.786
72.537
121.981
239.053
1682.822
741.294
3423.000
1144.746
916.972
3038.169
1377.627
3297.599
2802.223
1493.219
289.535
1239.328
162.807
1485.259
359.769
4318.667
2849.508
43.662
1077.982
2479.640
3452.501
2463.550
931.488
785.256
1462.225
692.917
3009.696
409.261
563.561
505.504
2246.354
290.914
77.476
2.075
1537.995
297.653
412.449
2137.603
2321.657
3834.631
60.478
440.551
90.667
889.541
2754.099
1166.937
586.119
20.934
61.654
113.041
861.121
524.568
5712.306
5.546
6128.675
359.267
794.792
2437.515
3393.716
1174.985
1327.432
235.836
881.170
216.432
141.437
436.192
5027.899
3445.132
1396.069
706.063
4702.269
2884.143
1648.100
2194.866
1224.686
6513.323
82.005
2094.406
12.303
2084.689
1.301
63.679
589.283
1079.530
6161.931
3659.257
593.329
37.631
1652.843
778.761
3614.147
268.998
165.860
623.623
688.753
1731.192
4440.800
2179.531
275.320
435.617
329.026
3022.683
5104.606
946.022
75.319
769.984
415.776
2243.986
158.030
182.516
1330.077
361.394
782.542
311.298
982.333
3028.423
357.720
564.463
373.443
409.327
896.695
7053.364
3629.679
5451.473
733.015
3765.255
756.896
16.320
961.636
563.112
245.555
139.061
4.645
3344.258
1432.913
821.950
1906.268
219.999
879.620
574.759
2105.497
1014.625
221.259
630.590
661.126
226.017
2646.655
3849.170
1724.392
2083.953
1299.743
47.944
536.199
326.751
4415.684
331.662
2321.448
49.275
1196.490
218.141
1363.536
1304.246
498.778
374.487
51.870
10.791
1439.060
1905.278
488.797
331.828
1057.566
550.972
70.281
232.996
7.109
954.005
88.217
969.032
129.194
273.297
3570.810
11.669
231.791
4393.549
2360.934
2036.500
164.164
1539.584
1015.327
593.128
1557.922
746.269
640.001
3336.562
5708.841
2226.139
2660.281
2370.658
2458.722
11.244
411.252
850.385
3987.379
1426.250
273.206
96.867
2394.440
120.476
3502.810
102.643
3835.625
462.489
866.510
18.738
600.718
97.380
1531.217
1138.734
217.668
118.468
83.866
1749.424
1843.971
3373.617
490.556
1567.844
78.782
102.428
3164.570
2679.356
482.037
580.868
5052.370
5683.945
151.971
376.743
159.252
1427.889
29.849
40.441
1212.362
400.134
437.473
1598.372
1135.916
222.159
1189.370
43.282
736.529
1836.744
6.004
1412.633
2816.998
383.223
972.688
2044.021
2260.202
196.479
923.714
4709.891
735.662
405.687
2586.062
138.481
398.037
1417.736
47.087
54.682
727.319
5137.686
460.452
111.541
17.899
5022.088
8.569
2270.608
307.520
607.289
4343.527
2897.687
1930.216
745.849
720.716
3287.563
2434.575
38.647
44.707
653.094
2823.701
111.258
4579.890
2282.587
230.385
14.798
1561.038
750.558
662.895
1186.674
4015.415
5235.882
507.363
2066.678
59.265
154.342
3002.996
7.053
2421.173
21.098
2490.132
375.226
79.925
1454.236
628.778
2385.729
5.988
519.465
163.735
344.269
2478.284
369.845
2626.791
1451.409
33.779
358.794
1.548
4230.485
42.596
25.958
897.203
3696.403
1031.742
109.802
5443.271
1222.196
1077.592
317.601
52.780
1000.948
2145.142
41.988
535.666
29.092
269.200
5214.453
525.656
422.344
279.815
2165.535
98.678
34.801
472.683
305.233
436.476
268.162
1896.032
1185.025
0.855
291.702
877.445
71.744
70.497
926.137
1775.243
1138.132
29.363
358.084
195.760
489.915
85.810
58.325
443.083
15.837
1826.199
158.272
3495.305
1015.947
37.752
1325.810
24.500
56.989
629.818
975.636
1331.168
75.994
956.162
740.502
124.750
1159.092
40.343
810.018
237.187
62.625
596.803
3.293
342.405
2938.041
1079.052
187.610
271.167
818.594
74.974
180.200
699.950
523.716
1708.092
2508.840
2641.938
328.554
5965.857
2778.972
323.957
690.637
244.117
865.562
460.822
2515.517
711.374
722.493
1783.410
5769.511
58.854
3848.151
1834.793
2726.718
483.688
3183.732
2746.452
71.819
953.799
439.549
1052.056
1748.163
784.898
115.227
2697.168
1115.388
1.494
1207.124
1603.067
2681.448
433.446
525.896
116.960
67.292
73.421
151.781
868.040
52.809
2586.716
538.511
406.268
81.684
2762.940
1549.620
1009.669
1466.198
168.246
447.205
5295.561
669.041
943.165
489.722
179.567
2930.928
43.033
4614.753
4830.729
55.743
888.872
6.638
325.651
109.390
443.100
2655.800
2088.336
1435.121
27.440
1069.705
5113.926
104.622
3783.403
2898.087
2836.864
402.900
67.020
5604.274
720.064
1110.971
3.136
150.793
818.818
226.038
65.960
3776.156
2183.579
76.929
1294.659
46.078
2737.016
22.033
801.375
1172.749
240.472
413.473
584.191
413.517
606.407
1737.634
328.830
67.210
4478.353
265.270
215.133
5279.113
1009.065
1660.567
1115.044
7621.262
145.014
192.532
1139.460
1146.076
578.538
41.299
781.294
4110.043
2425.011
129.766
470.280
3726.465
604.790
1004.251
3212.081
2118.169
163.547
2854.005
42.580
2054.209
2093.410
3586.344
1102.733
529.835
590.489
67.884
62.405
1048.354
1577.052
1029.391
71.132
2196.445
359.619
20.547
595.249
4135.791
205.530
170.696
26.035
2778.735
221.358
349.956
16.146
5640.111
280.929
31.332
34.620
44.720
324.250
2448.406
3666.008
3012.900
560.254
580.816
63.314
671.384
1554.506
924.436
1645.778
2911.226
740.580
270.391
129.507
3409.051
1703.799
384.645
225.987
555.298
2131.498
2651.506
5.335
4345.540
2010.617
445.026
3025.741
4885.901
558.665
3581.641
1696.091
402.863
3257.828
454.730
451.818
1048.044
56.856
2730.664
926.171
7259.085
404.575
2336.754
1004.805
386.569
1480.012
1454.212
1455.876
2135.469
2156.780
950.590
1083.710
2423.891
407.395
1779.391
519.166
5075.217
1072.068
1176.278
193.521
334.471
236.845
5009.658
3437.839
2143.593
1761.207
11.316
301.156
232.506
593.010
17.462
3520.020
304.527
2722.788
467.637
2704.419
139.492
2164.561
957.129
2126.252
605.685
4.290
408.491
332.256
147.005
47.007
2671.039
2729.650
325.410
4422.382
17.343
102.079
1119.179
45.305
231.475
1528.056
74.532
1418.584
1324.308
42.295
67.999
1864.245
1585.826
182.354
1370.479
52.232
2486.265
28.577
265.198
1152.408
2015.921
3086.491
237.851
1643.284
8.565
393.604
18.849
60.565
2897.074
1127.037
2464.173
1213.351
10.601
23.582
14.370
7638.209
124.111
370.032
1587.491
2425.216
5594.449
1020.073
213.484
221.595
263.591
52.327
52.363
66.822
3874.932
5149.460
262.851
2467.840
371.283
1010.288
35.348
213.213
85.082
192.711
8.714
25.840
391.034
637.000
153.527
672.205
96.171
1996.905
592.826
135.836
753.437
2389.237
1147.595
2355.557
2160.948
1162.737
807.006
313.467
2261.798
1854.969
133.813
1000.691
327.855
5681.234
259.966
4748.645
619.094
170.415
195.906
87.041
1041.154
61.824
2561.035
876.531
665.981
430.173
3153.333
1193.449
1690.674
72.552
149.908
1865.160
4179.200
398.570
3389.433
1583.598
3361.210
848.027
570.031
849.241
818.118
236.917
804.228
373.631
2596.134
30.389
3647.011
1169.227
1983.139
751.686
41.443
1779.238
57.595
1479.380
591.221
288.775
1037.310
2719.032
5970.738
16.922
154.702
1998.779
1873.316
60.764
391.383
283.661
692.637
1487.667
3690.826
4715.711
49.318
409.552
2488.854
3187.737
213.256
4311.545
976.331
550.650
198.870
22.085
275.549
866.505
385.317
3887.976
140.933
448.461
1950.279
577.471
557.246
940.736
382.739
3556.515
287.508
2923.501
4947.747
3.916
1002.220
362.102
2562.676
523.783
406.878
1040.416
243.415
434.257
990.680
581.876
92.901
635.263
816.873
479.818
583.699
1994.592
796.605
3342.993
43.464
130.781
1845.713
1248.915
1363.777
3113.682
1666.963
110.840
45.472
293.728
691.634
1119.465
448.996
446.277
3852.647
1368.522
1017.234
642.473
159.842
9.843
766.916
801.564
45.114
4599.746
301.852
1876.484
2261.138
348.952
696.315
3578.007
592.957
233.835
2162.265
3969.912
163.354
1003.073
224.377
1156.833
2200.610
1299.040
819.351
365.325
498.127
469.702
1051.882
491.024
115.505
104.861
2030.052
77.471
2868.715
816.770
42.409
9.759
382.607
3184.099
2190.168
602.423
493.237
834.631
436.038
526.549
1697.140
36.652
102.606
81.509
2232.545
124.325
848.465
95.761
139.250
2.650
752.913
950.041
488.852
2778.610
310.550
661.554
7472.963
476.155
2026.085
442.052
3511.707
2805.639
2431.796
871.459
74.587
43.038
702.582
472.042
3422.724
5118.925
602.988
288.264
256.486
178.425
24.710
2613.879
2798.078
681.278
30.334
307.559
44.699
2933.261
1610.707
4593.759
4.011
904.770
959.287
61.378
1.060
529.864
1689.039
984.831
1404.602
435.567
2272.269
702.120
2355.494
444.174
577.917
90.810
8.411
0.667
2914.251
342.071
65.789
5733.586
676.552
577.233
35.981
744.913
1138.407
219.249
771.546
1205.776
2840.500
77.769
60.410
3679.001
2284.674
839.942
460.304
2240.449
777.350
5126.487
115.521
4863.468
888.933
8111.022
44.579
11.478
319.906
813.966
1051.908
2075.804
666.231
1844.242
126.671
944.190
268.059
3317.668
28.275
574.489
2046.102
92.241
538.019
11.837
110.795
109.485
260.259
1060.655
1689.644
2574.662
529.992
611.215
91.698
3855.045
621.612
505.945
5.376
3079.257
284.298
1098.222
121.505
16.295
27.506
3488.813
2577.855
4389.459
13.419
96.103
4539.474
373.628
1764.210
2064.399
350.845
2147.551
219.292
869.232
48.936
1007.788
2581.369
1570.453
1342.137
2034.072
365.950
533.881
374.280
8219.205
1743.034
109.920
1281.624
51.317
7064.221
30.721
202.803
42.362
195.875
4866.912
2101.649
1377.483
3355.431
447.061
176.176
295.406
1556.271
2254.238
124.467
3709.298
1441.431
699.326
3074.009
56.888
244.013
303.966
1935.337
1257.799
1217.231
14.956
2116.633
237.912
311.746
765.427
250.709
81.709
189.886
142.078
855.280
4591.937
1611.635
1089.708
425.166
623.620
2506.600
3052.609
2533.456
270.755
505.155
103.649
1496.031
4926.330
666.489
1111.179
309.855
1449.959
1413.540
2129.831
2414.462
568.588
119.484
4.153
601.600
817.163
1389.497
523.855
1577.258
3962.039
1762.627
352.745
507.301
230.359
1651.081
277.526
18.882
200.727
636.827
3437.993
261.556
2249.419
1683.336
180.761
3500.485
5588.719
3339.409
278.070
2604.761
6224.029
1142.297
845.809
3731.451
1607.349
445.214
293.306
88.385
2726.718
1943.339
1.386
361.730
160.282
239.590
267.214
1203.860
288.952
18.231
826.911
3680.034
15.095
4775.084
12.192
3708.162
6100.919
386.410
1193.551
906.534
214.600
1346.626
3937.504
210.906
1069.065
1.892
156.356
2679.664
1698.297
3041.705
4615.859
136.417
333.260
619.124
1545.557
16.563
152.003
896.895
870.870
4720.488
25.172
1087.669
546.881
1842.008
1605.462
1322.900
1535.643
248.890
1595.854
1699.685
4.263
407.646
936.352
2658.938
16.946
4307.912
3684.075
2176.648
5085.598
72.025
93.386
1543.271
51.800
41.242
818.778
80.026
5245.342
501.328
94.625
1907.323
659.828
1182.628
575.961
328.397
924.086
679.201
2147.703
223.901
1267.729
2041.572
78.570
171.477
362.172
245.498
1534.332
411.530
181.488
15.433
157.545
4104.517
64.525
1538.032
188.900
163.917
1350.996
630.648
200.456
777.091
27.787
369.610
845.429
454.313
197.673
5.866
4915.298
2624.496
1332.693
464.978
6079.102
69.818
261.751
157.046
4610.949
1708.860
94.671
147.298
1762.312
1516.629
1157.985
4072.625
4390.615
737.998
759.980
627.381
149.987
852.633
3223.726
547.312
1805.397
1064.228
1750.843
639.883
25.751
2662.716
859.357
284.700
285.626
1807.180
3179.204
697.416
22.141
76.157
3157.510
212.989
297.316
377.783
4519.708
151.196
1673.677
808.496
77.637
97.595
3543.065
253.757
1337.859
318.413
1965.842
17.321
30.775
5634.603
1342.727
121.591
1255.878
44.348
223.056
881.919
91.411
2165.518
50.072
458.022
737.824
45.965
2946.131
2713.004
503.505
1394.577
22.503
275.767
547.270
1312.282
1770.058
2998.479
730.822
137.838
2536.789
3222.368
4993.673
62.931
278.550
662.202
2668.788
6456.662
519.248
857.927
740.203
1917.914
265.001
662.890
3971.352
5600.064
2192.590
1733.479
4397.036
19.067
1292.862
1342.430
305.398
3104.260
1701.804
687.846
1519.366
12.115
24.163
3169.283
461.045
3078.922
12.400
1242.310
375.085
3.623
3738.942
978.533
402.581
668.702
8.026
263.518
1729.323
858.304
0.005
470.642
29.994
2691.434
288.379
1385.320
5807.080
2487.187
1028.544
4258.866
799.384
905.344
444.144
3398.763
3561.939
22.639
863.577
523.624
3884.319
2646.812
1589.444
94.901
123.344
134.210
116.655
254.307
1212.926
2506.454
21.182
1198.686
1440.774
641.439
835.598
46.344
251.879
176.214
487.009
650.962
317.522
3038.720
271.582
2257.557
2625.441
4438.276
159.896
178.624
1473.397
1324.754
49.851
308.999
3802.677
1715.971
2398.104
565.233
3211.488
2073.130
931.217
7393.554
429.620
204.969
1021.894
1553.183
156.328
1226.143
1677.693
231.615
2555.488
811.272
40.485
3641.329
1479.398
977.391
662.218
582.376
5882.272
2487.447
8169.872
2026.331
476.928
744.208
4830.505
38.414
2168.860
140.539
2809.517
133.096
21.910
645.554
2120.911
1004.489
932.345
1529.128
2076.285
7643.316
94.451
3234.126
2020.040
5885.954
1275.610
942.334
214.961
244.789
2555.683
1129.753
3335.673
132.863
352.706
3312.694
756.408
1622.125
2794.263
558.592
1695.793
1773.404
328.577
160.965
352.441
2.276
2822.635
186.605
218.901
321.240
1165.937
5558.983
792.416
4188.064
5111.704
303.455
231.540
472.743
483.128
7132.286
2289.179
514.959
1374.638
5199.494
406.063
1295.153
265.926
3615.530
226.654
1103.063
2022.599
524.211
2444.987
145.882
464.339
1563.937
249.450
741.399
1704.150
2813.819
392.464
377.059
173.369
9.053
3063.885
330.602
763.563
1713.940
216.639
3645.628
428.574
3910.557
3057.202
53.891
1604.024
24.236
810.648
5502.904
108.838
40.831
542.143
1099.917
9.709
2619.017
150.993
371.481
1811.451
42.410
16.721
3691.865
808.744
1003.444
555.538
2627.223
718.388
630.484
1775.614
29.215
329.423
651.703
413.199
496.698
1604.336
283.680
127.709
639.373
958.121
554.421
132.763
2073.616
718.154
2975.299
5078.930
125.291
892.958
3362.943
205.175
17.980
2346.925
74.170
1244.252
1854.370
465.900
2281.954
1170.329
3247.275
549.384
3744.135
56.382
2.118
2039.171
297.671
3627.476
562.952
1200.658
1271.717
451.464
247.324
425.777
51.424
1482.082
7.020
1810.545
153.618
2572.301
1286.007
197.107
307.695
57.480
2861.888
2115.689
68.779
379.593
910.961
728.681
399.086
2129.168
616.591
686.578
279.869
2092.307
311.978
2094.502
3924.650
173.821
60.600
2566.402
2062.334
163.136
1427.766
29.533
28.310
116.472
111.043
296.561
1024.785
310.237
1541.152
1396.589
3852.246
8320.633
972.307
4586.641
113.798
1851.959
2035.609
919.309
2461.561
6785.836
1346.389
4.749
1184.640
2443.322
1078.212
161.380
823.565
3470.462
150.756
4479.322
390.825
331.421
2740.608
3.716
668.569
560.793
836.700
196.904
1585.389
2018.327
316.696
2313.600
3152.828
145.668
1819.944
60.005
831.375
337.410
1427.536
679.320
373.968
4718.918
1883.521
1221.961
85.644
397.384
1831.453
1518.899
656.092
2402.742
850.175
1525.533
249.165
6045.708
374.292
146.688
3885.629
84.946
518.727
1232.789
33.971
664.589
440.915
1337.600
220.395
1726.705
38.183
1335.536
961.891
239.384
2241.145
1774.223
0.120
1039.317
378.404
2307.899
1870.872
3108.898
2048.061
301.225
15.242
1468.224
6076.624
73.955
859.791
1934.589
1121.478
1315.391
350.465
69.610
1363.648
469.218
3804.997
193.675
300.899
954.541
14.946
349.865
533.028
291.575
979.078
1152.480
142.342
268.876
2451.964
115.693
891.586
50.619
571.982
1639.313
6880.309
527.671
49.534
96.831
701.352
3917.019
394.172
1251.758
57.710
421.093
2.279
7550.680
2243.278
284.374
5308.156
290.857
2518.890
137.859
4112.959
2688.683
202.473
657.548
1792.363
1265.608
2031.198
3886.411
1765.435
11.017
512.865
236.726
1531.391
668.676
257.764
1745.371
600.922
177.485
3114.433
206.885
67.357
25.181
562.456
213.991
2834.541
40.356
300.453
2058.149
609.233
6471.694
2090.074
165.804
4069.816
58.217
1178.872
231.711
647.527
1295.520
81.887
32.357
206.550
5298.945
1899.497
205.339
2679.770
4095.714
1045.080
1750.365
557.747
93.060
6497.552
2766.103
362.399
5.282
1321.847
1443.544
1283.055
219.893
1421.743
1516.806
3145.193
1665.373
2253.130
1059.209
2105.955
307.815
2262.309
399.714
103.974
2516.378
1602.371
4.305
316.263
210.149
864.678
507.676
110.352
2494.776
4402.067
1283.275
2213.083
581.450
355.996
6216.625
1123.554
57.107
26.623
114.420
1353.907
261.520
225.867
762.031
5598.529
75.279
143.303
1059.149
461.448
73.559
36.018
8.429
4411.757
1297.969
1244.146
1039.189
1760.596
305.799
1553.490
35.362
309.831
18.093
1680.307
24.418
4.664
2237.986
65.484
66.221
454.187
2634.175
303.412
324.537
238.129
4129.720
705.350
485.726
457.731
1481.765
1375.660
2078.326
283.180
650.413
649.567
767.327
476.869
208.876
901.904
473.693
123.179
3247.666
817.754
339.483
158.258
6195.447
450.957
4724.238
66.399
2375.107
717.899
5553.087
574.606
67.557
88.180
103.753
36.717
376.743
432.096
2028.032
238.555
1766.567
28.177
153.805
52.013
1732.129
1262.328
106.994
216.072
2540.865
313.082
4586.024
41.095
300.063
63.320
1122.109
119.099
1108.435
760.313
171.047
2919.453
878.273
3038.519
3389.474
6405.511
32.547
292.906
307.262
626.860
945.493
3713.135
82.589
436.340
1372.167
1058.678
6.134
4265.498
705.405
318.051
627.905
135.908
6460.043
1033.086
961.911
47.967
1120.185
69.719
927.377
24.233
2478.134
72.703
554.717
5773.130
5031.349
3401.310
142.688
3385.610
2414.192
3427.735
345.112
268.495
1652.183
1672.036
1065.160
1162.025
96.155
267.251
101.647
4721.122
5.892
1111.461
1468.579
91.955
223.013
4015.766
1351.774
16.200
75.867
599.879
4049.330
1124.188
2799.301
291.923
445.239
37.294
301.164
1167.043
272.275
1574.465
211.102
130.106
766.144
1431.898
1762.857
672.822
668.973
49.864
1190.817
12.570
63.702
1485.161
391.731
55.336
5917.756
1195.030
2793.351
305.094
131.797
656.355
1549.032
765.805
25.718
5282.278
877.768
167.928
1184.693
1438.830
458.308
4158.773
227.641
17.959
53.957
150.891
1568.190
2734.929
1902.847
2280.607
65.430
5.196
4.112
620.093
156.029
1478.297
152.458
889.975
349.302
1686.666
3352.929
375.486
3218.352
153.268
556.532
91.033
542.981
83.873
1640.212
15.138
230.197
681.453
2078.388
1038.344
2436.451
47.409
417.640
122.955
3068.354
1259.832
2163.138
2316.084
1897.869
916.852
5956.170
5538.956
663.976
157.272
1338.321
3986.313
2.912
2141.914
145.985
397.808
4668.363
2224.774
50.958
463.470
112.295
706.249
576.154
232.628
103.097
2504.310
61.478
2730.181
128.697
960.483
2496.597
6185.787
754.896
2239.566
3411.253
233.149
808.508
4334.407
2347.751
1965.614
448.143
221.455
1175.725
855.274
162.086
7713.477
561.570
1861.456
446.521
4618.542
1334.129
679.562
339.870
1179.234
439.128
480.567
1582.198
3683.574
893.851
759.049
57.546
2458.623
120.138
558.818
3.148
2889.529
984.127
6023.241
33.616
2603.471
36.053
571.342
234.208
53.660
431.141
334.335
3.028
1030.289
5065.156
438.262
551.609
1608.234
110.970
1185.573
857.769
44.691
280.277
3000.707
1015.232
18.280
1709.784
4181.911
3127.789
3489.924
339.335
2192.608
5143.867
4323.744
2664.295
3893.355
43.376
92.359
445.098
14.560
3.065
204.594
1803.200
435.277
1086.344
1169.115
98.559
83.824
63.389
1077.480
45.631
108.445
1811.735
335.526
1082.646
530.779
1533.716
269.822
119.063
2087.383
3347.638
591.269
1770.832
46.396
221.761
21.625
671.843
1570.500
1604.563
552.553
895.229
5.038
199.847
138.437
908.192
2223.741
1019.078
194.669
2143.906
706.769
1578.472
205.684
60.221
510.978
2926.539
122.882
709.315
355.790
446.761
3361.611
237.343
431.463
320.731
1401.951
196.038
4495.770
1640.216
1429.679
1602.116
2944.060
524.035
1116.776
34.789
818.015
223.963
272.192
823.545
91.624
4053.829
1835.455
1125.073
1527.949
11.629
3127.087
6439.115
109.716
40.529
6215.385
312.620
3381.204
2295.310
710.138
345.507
768.644
1824.820
1816.954
4353.366
881.157
2818.986
262.799
156.734
2384.768
18.836
148.677
1987.041
1565.942
120.950
104.948
1017.681
1089.608
101.813
186.335
283.891
8774.506
287.457
3022.517
65.354
81.157
2544.476
313.905
591.543
1146.155
950.848
626.620
655.410
2160.345
972.492
707.511
1631.692
1792.595
73.875
1514.262
3249.349
9.546
4141.871
181.984
331.883
4290.638
1571.258
56.820
13.466
43.941
363.615
1600.665
2736.328
1303.592
19.838
18.938
3351.558
1493.407
2908.079
2840.412
125.105
8.743
105.758
1294.266
120.017
3438.601
2136.659
1294.042
360.585
5340.392
5590.498
149.385
5741.451
13.986
1008.139
4888.134
907.609
189.150
558.400
4149.838
7945.871
1541.218
106.949
3768.183
1313.330
980.413
1090.059
80.723
3267.304
1263.900
291.256
1820.907
188.325
144.521
2829.470
274.440
948.370
1322.965
8.771
1127.720
506.137
483.148
1920.161
6872.294
1724.866
135.177
400.463
655.218
86.998
1619.023
4797.255
791.691
1656.628
1026.203
853.074
4698.734
487.994
3990.358
1579.648
3288.180
1056.924
4430.418
3116.601
615.552
191.122
1907.695
2225.155
2397.054
1327.084
1045.638
1266.405
3067.883
2950.194
457.656
205.579
145.194
424.444
846.126
86.827
2928.408
2099.831
1928.367
204.359
312.686
606.883
2246.926
6046.273
793.734
327.933
3043.847
21.085
240.529
25.018
1180.644
482.443
962.143
230.988
3625.060
631.512
2206.434
571.855
2532.059
1932.170
1821.989
389.608
5.956
2781.429
108.545
6335.664
1147.607
853.583
829.977
100.047
2355.381
53.674
521.827
1558.163
2376.793
1013.736
1172.313
1378.388
945.619
76.058
3.105
541.894
992.572
592.171
143.048
231.661
2327.357
1025.946
191.259
1097.999
6074.849
332.368
321.499
113.874
2362.547
1724.318
3101.014
1758.660
1889.042
673.894
847.667
64.857
1266.486
2256.410
602.016
8.641
4555.910
328.498
1518.206
5.831
484.627
1009.712
1648.890
322.113
535.547
170.162
120.939
76.877
806.845
99.822
2558.976
1276.487
2765.899
979.184
1379.171
59.062
200.323
1183.740
2707.845
309.162
1053.612
593.020
5717.319
3521.857
912.069
3916.714
40.727
1630.387
5638.526
1704.328
0.822
1777.800
756.273
581.900
5445.069
44.789
489.057
412.228
134.856
576.062
199.106
1674.932
1780.504
86.725
831.269
999.028
14.941
564.483
69.861
229.440
1589.550
474.420
619.828
3004.933
62.183
527.805
905.321
1330.130
7.714
32.904
2037.207
1159.044
6911.461
892.260
1364.282
1645.337
113.421
1689.502
394.550
2895.471
1758.214
207.434
468.133
4531.249
152.983
848.784
669.920
5656.131
2136.961
19.351
2865.395
4148.248
2182.432
277.917
1381.564
426.787
58.577
722.999
112.497
1921.974
33.207
127.549
2897.424
1953.910
2994.413
533.398
231.231
645.492
8.252
999.832
927.556
326.389
1032.061
1883.463
561.229
2770.846
191.234
2038.842
93.391
1451.547
45.060
15.673
1597.461
30.844
5574.377
602.155
1847.378
46.069
3560.587
40.887
3262.358
791.610
2619.385
126.212
233.378
110.254
2841.974
1833.243
2941.006
308.554
2827.312
1905.187
280.197
473.384
166.173
132.829
374.780
3211.194
2.384
479.711
711.619
1175.815
575.948
214.458
4441.668
1416.415
288.706
1348.808
24.013
140.088
18.823
960.288
443.631
115.815
230.225
311.639
94.857
4104.573
151.720
1617.035
992.839
833.452
468.651
662.162
1443.867
410.108
350.365
2509.427
5636.942
396.239
2296.790
581.591
1650.613
5247.753
958.839
5105.856
467.375
78.169
1513.147
3605.244
1144.195
535.231
1476.063
815.368
4643.777
845.663
59.818
100.088
287.522
1467.469
2407.491
81.568
396.437
600.390
75.101
3531.138
1289.386
51.605
98.898
3075.651
6084.620
352.182
2299.718
138.418
1036.804
77.602
33.565
298.495
63.492
297.535
2547.297
3035.672
2511.774
2453.046
2630.418
0.771
1414.045
3481.161
27.551
1213.997
1552.579
1944.772
1292.282
224.866
901.653
3155.414
1504.181
2411.763
2140.242
602.273
861.169
1.536
5629.893
3155.323
869.099
48.237
891.954
2869.045
655.016
15.053
602.512
81.532
5929.266
166.591
19.803
3271.771
435.050
441.792
5966.255
2077.366
1199.167
74.280
244.788
507.687
642.456
1899.050
3796.079
849.874
971.543
23.787
301.979
1084.544
850.829
2127.897
2050.574
1082.705
2938.103
484.242
126.174
353.052
3474.717
1251.060
87.195
1749.123
416.346
25.889
2808.686
435.353
2922.530
1542.713
1375.324
914.249
32.418
395.158
288.546
890.692
2244.701
529.210
52.747
3931.227
3670.014
618.925
76.614
1061.045
543.077
1499.872
54.772
3131.237
187.219
702.735
1125.006
40.561
484.334
599.990
482.222
94.113
53.233
1852.430
103.827
24.250
1265.221
1904.105
1482.269
2249.331
5588.081
7.564
3620.444
2410.498
545.865
99.727
2649.978
778.742
596.226
907.848
2364.583
349.045
315.117
503.893
92.706
966.893
498.241
2016.343
112.508
2692.067
1673.136
16.949
922.686
744.577
76.822
3214.742
3718.219
1146.156
4739.001
5116.771
241.074
921.760
3425.242
480.531
3395.563
224.324
971.789
3090.165
803.990
2296.435
1634.688
3692.231
320.882
708.630
1374.863
619.401
2531.357
1324.966
2970.506
5047.979
317.250
1503.006
1151.569
2050.853
246.295
46.960
1490.188
696.780
999.587
940.235
34.752
3279.922
214.263
323.235
508.392
8191.007
172.570
1132.564
1726.368
1386.146
28.436
540.740
783.975
238.588
2976.757
232.005
1142.987
3473.378
241.739
566.698
4011.661
4431.674
152.889
1605.776
3374.519
2.579
624.510
2029.371
1458.996
4.223
972.190
1675.748
263.575
1042.188
1038.770
2504.548
399.062
18.270
1973.564
995.850
862.407
2005.388
2043.896
986.756
1549.244
1172.310
95.344
571.520
334.394
821.099
4637.435
937.819
2702.815
525.098
1603.339
2974.505
411.400
478.512
3217.597
5248.134
93.691
193.542
35.058
576.528
1590.016
605.198
79.106
1147.657
1394.807
1460.773
1603.398
4115.773
260.007
776.073
590.395
832.194
2849.710
752.767
2915.796
932.906
3002.959
1884.974
1050.628
516.111
787.958
9.319
820.199
3840.035
6290.176
213.855
412.998
4318.684
1465.171
759.883
70.438
424.952
30.009
362.821
2386.572
403.620
1419.608
3479.612
68.368
2001.340
104.423
100.442
328.162
396.414
1858.659
2883.498
304.551
1035.305
3194.369
526.172
7.783
1111.294
983.695
1825.376
517.104
53.150
5.492
879.386
393.937
7491.896
548.106
1059.298
996.063
890.590
49.526
2718.089
2097.419
113.166
2041.489
1878.347
2175.101
229.610
3526.320
1220.905
45.436
204.919
880.845
37.710
369.628
1774.938
523.050
1900.663
61.660
197.163
477.984
81.416
2891.954
123.983
1350.313
500.414
1642.303
484.314
855.720
2286.070
1919.588
2174.093
7.840
2371.329
1209.534
3517.610
70.218
2019.885
194.112
195.417
845.901
225.679
2011.695
1305.415
415.587
549.840
3379.920
2572.222
42.257
3762.227
1736.402
55.721
524.604
621.613
137.121
82.447
221.861
1184.688
62.196
248.412
297.344
297.846
604.445
1016.895
5946.314
2314.819
38.651
411.511
63.459
114.207
34.464
2262.009
6673.884
482.901
638.275
2025.617
1058.580
327.916
322.518
381.219
2328.237
2127.986
748.419
989.318
2538.322
287.611
124.576
59.186
213.944
1620.837
142.705
2924.619
1407.889
1342.327
2385.850
1057.672
703.277
2340.441
145.675
2796.514
1281.270
1488.895
185.117
592.682
169.105
283.621
46.424
14.081
52.017
428.857
298.024
1217.768
544.554
2316.934
3371.485
2561.634
2383.707
25.337
37.281
103.236
21.990
2305.071
116.998
263.970
60.338
3332.268
565.037
327.662
290.214
2541.578
1566.261
316.207
1144.804
129.875
3920.126
36.301
1046.445
1810.583
769.660
1318.859
1459.809
1313.092
80.162
36.577
211.481
71.135
174.461
167.689
4056.789
1708.284
1572.023
827.617
67.808
7810.666
994.878
44.577
30.196
2436.321
859.478
3727.407
1911.105
179.190
8308.596
364.101
11.177
1172.886
516.500
527.058
261.271
1014.773
5875.373
675.868
19.680
2481.217
2309.970
1014.954
205.651
34.413
4643.544
442.542
1514.151
852.786
3257.876
3248.660
25.891
182.086
2656.697
4.612
1274.558
468.405
5125.423
607.397
3376.434
714.643
1001.523
332.630
1179.975
288.622
238.322
154.828
2830.243
192.133
363.251
33.384
4268.085
532.418
555.688
3366.735
365.614
1143.590
3190.007
161.746
425.831
539.384
388.712
8.749
2635.657
1510.702
34.967
183.115
241.005
494.757
571.081
192.713
2308.667
776.535
91.386
827.399
997.009
1051.855
1091.794
461.578
4687.055
729.454
1013.300
3.710
67.586
2871.341
4405.393
237.524
60.814
680.407
72.704
812.959
2505.775
233.881
332.668
2517.643
380.338
684.656
60.618
3140.614
217.993
1042.938
1101.245
780.993
2819.804
395.497
53.242
574.513
1803.851
621.334
604.499
1345.275
350.586
864.810
830.712
645.223
964.690
674.724
230.651
3200.875
389.060
262.219
1837.623
233.283
3.669
2311.167
41.254
2199.399
106.670
1791.571
808.065
89.582
79.366
1897.179
4332.707
925.159
154.282
380.623
193.062
430.184
827.215
240.381
620.313
158.971
2197.962
1965.228
938.535
1363.784
3295.356
857.545
4328.196
4.262
1650.775
4224.137
19.483
262.913
794.033
388.137
4.899
3315.874
828.611
178.360
375.906
2442.528
780.867
1330.688
14.017
2668.813
439.529
66.583
6224.650
13.336
1984.994
2811.879
692.765
939.215
548.853
990.442
60.010
1231.764
330.491
3468.340
3.697
495.612
374.994
2998.996
12.230
228.241
1156.366
511.474
52.530
269.241
1846.585
668.414
3010.656
3519.836
927.014
861.566
979.353
53.787
135.277
696.302
2394.427
1467.076
395.103
2685.022
345.762
856.241
5208.917
243.834
5588.150
4990.744
542.004
5.717
1603.691
1212.143
670.262
3952.405
3329.486
78.621
249.252
15.381
7745.592
1692.531
72.584
211.674
336.468
2661.488
1067.230
3546.343
3081.762
45.609
5152.381
188.764
519.959
398.019
4443.020
238.244
12.234
1048.443
4069.880
40.273
350.570
55.251
57.493
3062.883
529.100
3108.692
2584.714
2136.742
1110.661
2973.385
13.709
514.831
5318.741
2680.565
341.664
281.171
2532.875
121.059
350.849
2075.549
424.283
268.604
3218.941
1112.507
292.222
2340.620
192.152
45.740
884.925
1176.203
3371.837
930.958
175.423
1311.192
455.151
1724.972
253.783
46.375
2565.236
1313.562
358.414
2177.843
3298.010
2397.779
1066.952
982.469
1973.667
732.936
2695.729
548.194
3332.426
404.697
2560.793
2449.719
678.876
173.196
507.056
378.098
5589.754
483.994
722.391
599.119
1202.374
1713.960
1270.461
139.470
246.308
15.490
1939.384
123.296
4909.998
84.150
298.988
1858.045
163.120
670.492
667.586
526.764
529.127
119.908
287.819
314.640
277.024
846.347
882.394
71.177
4223.894
346.122
2128.736
510.427
593.112
1049.810
6691.972
2291.749
109.109
78.385
1798.448
1802.637
851.817
69.961
3381.309
2513.618
3.384
643.267
3899.161
489.745
2565.995
1385.789
66.658
106.291
2586.576
34.854
1992.004
45.537
492.337
349.347
0.854
2.031
3754.674
1397.456
40.194
18.864
1677.744
140.399
427.222
3117.503
4103.374
2011.366
226.233
1995.396
267.632
277.278
2619.212
4743.762
1938.761
1978.731
1154.035
453.308
101.610
985.773
3046.325
1477.785
411.293
2754.554
4249.361
98.145
2266.951
352.972
1428.893
257.960
695.182
1631.607
957.446
25.828
375.398
454.614
1094.063
1491.078
39.158
201.946
792.879
2620.976
226.414
366.049
244.260
661.226
1263.958
421.009
675.656
1777.546
187.794
711.731
1295.843
143.595
178.810
2487.200
315.701
27.221
222.615
527.949
222.993
2366.621
2238.442
130.326
2325.158
313.611
720.890
172.451
4214.356
208.403
762.532
236.150
1125.210
2157.771
3627.772
818.709
1287.660
1360.619
922.708
175.224
4469.236
1152.305
305.802
1482.810
152.273
5255.513
2391.701
2322.665
371.416
1954.937
5056.718
468.148
31.369
4198.291
246.367
218.718
635.651
563.329
138.019
721.291
868.525
1349.039
2451.492
954.211
53.442
734.996
994.911
1361.655
1445.008
6559.838
81.779
1602.346
2440.956
742.240
1006.941
1866.410
2126.785
315.286
2850.737
1238.473
434.661
36.589
221.398
811.578
445.298
260.954
4.227
1994.259
3312.673
2817.288
1625.664
1589.478
5527.514
1046.936
47.839
457.807
5283.412
2737.571
154.082
2236.295
2176.893
361.476
2184.856
704.825
8.303
1854.941
3752.546
882.536
1427.358
85.014
147.124
3229.793
1608.324
169.923
2284.469
711.039
1316.629
0.315
129.537
395.700
25.989
1986.240
179.156
1294.865
890.630
1595.682
37.668
51.253
1533.808
2581.366
375.045
493.077
2949.272
1273.940
956.709
3513.558
25.636
23.218
233.735
1007.263
738.244
701.426
4.554
33.783
174.550
2374.061
866.586
215.682
1604.998
190.362
1648.379
1264.364
3708.649
1443.283
302.912
2981.243
540.246
139.817
1343.558
1438.587
1506.397
1512.420
6334.028
6520.419
1569.272
366.269
1682.664
3752.712
710.540
1653.427
3322.594
14.214
942.685
118.377
1279.303
5.936
1125.057
2838.870
1809.255
2129.446
1058.867
3912.122
1628.386
224.707
1140.820
372.347
3975.928
2853.119
79.475
1610.355
669.992
7.163
2343.880
2362.823
592.104
616.638
4078.817
2831.464
3952.296
609.341
439.179
259.717
2793.771
20.865
138.753
5651.201
2406.200
1039.442
3172.110
3092.388
74.905
1714.407
427.006
746.661
3947.243
190.673
66.284
370.213
2676.026
3857.108
2074.584
713.702
434.163
1119.219
3512.775
204.540
2176.106
2062.793
1217.256
316.964
3298.739
57.261
4060.652
4058.594
84.571
13.917
4312.263
2273.001
1536.440
6189.003
2580.566
736.165
198.739
2697.858
2301.354
7801.727
1502.970
1569.340
1314.700
2634.093
355.155
35.650
46.602
4510.857
8.136
298.715
1155.040
1227.246
339.991
52.699
1658.530
275.504
269.365
610.215
3688.094
3163.224
2654.195
3359.468
1443.025
95.424
2451.054
1650.138
2445.482
609.421
524.260
2130.777
713.263
6604.028
1383.049
816.396
102.121
23.809
900.379
938.154
501.812
7654.901
3260.277
1532.540
650.178
2288.082
4223.734
2106.133
29.282
125.696
1140.028
2073.225
2699.836
2534.346
38.774
2.594
1080.215
6213.308
657.193
1471.075
631.634
3738.323
1051.772
62.180
2749.579
1003.645
9.146
745.272
28.270
2379.775
1631.226
389.112
1169.250
1768.739
17.323
1402.998
1597.325
6161.594
36.694
2062.013
1057.498
1001.723
59.618
3.941
431.849
3447.753
557.756
553.754
1487.247
469.936
150.616
126.992
688.200
187.757
788.716
979.967
441.711
3025.896
55.868
3565.600
1425.464
3009.570
2088.691
138.295
1507.310
114.311
471.201
4056.493
81.861
124.782
1351.559
16.306
2101.419
721.218
4.434
402.467
401.512
1169.554
736.275
133.660
750.110
109.799
1722.247
73.916
2390.020
1605.405
553.559
856.442
1348.041
30.030
2329.892
69.169
50.862
623.681
1031.518
7952.280
148.178
262.840
2156.903
751.091
208.667
78.590
1416.596
3179.865
839.136
13.363
232.622
368.637
2443.901
892.237
3914.104
14.652
5445.304
570.131
756.264
175.161
3125.702
27.517
530.698
17.146
6912.660
1395.015
1547.826
785.563
624.856
263.841
8.973
1833.614
5556.568
265.766
1339.852
159.075
709.848
2695.792
3329.257
185.934
3668.980
327.316
302.017
866.795
130.244
3202.478
665.138
1187.574
245.867
3198.223
1067.316
399.045
534.745
4577.820
4492.566
733.523
397.321
905.430
1124.119
1030.925
54.451
3037.653
1430.905
1186.033
2063.400
150.046
0.044
147.054
232.181
2695.532
713.220
2428.303
148.226
6037.787
758.453
7362.097
4221.349
247.124
8.789
4046.096
637.635
2210.959
601.446
451.116
2756.609
1558.168
1076.667
26.890
905.224
2754.894
228.489
5450.104
478.431
5.595
2699.301
235.590
912.922
821.539
16.924
135.660
3.959
727.230
1206.089
287.687
3470.693
2153.719
3096.637
3285.177
137.560
2436.905
198.206
157.382
1007.216
3.097
161.971
2653.519
823.491
1762.387
701.170
299.640
1106.183
386.295
15.213
752.090
259.882
489.935
3912.430
42.965
1424.742
207.307
267.257
98.835
5536.766
2619.344
204.347
118.720
119.803
561.576
3838.172
518.189
86.595
3718.046
2010.413
1408.067
392.950
1.564
96.896
1955.850
3393.584
2436.702
582.173
442.521
978.003
248.943
473.957
4322.166
2885.955
506.952
221.588
91.352
124.451
83.291
292.139
253.165
275.133
124.810
394.861
1244.446
450.160
890.165
1529.602
467.276
212.761
277.274
2794.889
5194.414
3.089
157.301
183.730
1155.615
852.604
898.661
2742.106
1037.901
916.618
147.425
305.788
2005.292
50.419
377.879
625.635
382.394
44.192
309.062
2272.005
2928.612
1.025
53.064
97.794
3233.536
465.975
866.836
77.826
111.451
134.496
581.097
3501.788
236.170
8.092
556.808
2284.501
17.330
242.354
329.507
2667.211
594.383
365.343
207.580
1012.307
1070.576
1229.466
62.906
593.987
141.182
3813.481
2773.268
2189.496
4473.981
49.133
5337.280
418.416
441.369
1362.052
881.151
559.082
2283.383
4012.684
700.928
3565.440
88.919
3022.820
175.044
523.871
1287.501
126.417
658.625
781.593
372.186
811.661
80.316
59.401
4.163
259.569
3965.391
1373.264
7.599
28.393
159.645
2256.243
21.484
459.469
1157.855
1891.278
6728.292
254.789
4212.525
1329.418
959.902
1417.727
2356.135
33.427
358.820
2488.731
556.752
175.586
33.178
84.468
681.739
1797.875
1.307
508.767
2142.558
2130.015
1735.507
5598.265
202.331
2959.093
3128.175
741.741
20.088
292.605
3952.712
2840.632
47.864
243.481
85.295
2796.444
309.513
2913.567
3965.879
364.452
3328.657
31.381
4363.511
2415.673
45.675
6168.348
337.389
7305.103
12.156
11.506
2348.014
3667.438
1070.739
946.957
3832.849
4772.349
508.993
2680.499
88.042
26.814
7.368
3907.345
489.526
18.225
790.695
3597.029
4961.558
635.901
1694.964
472.978
68.667
1666.206
287.423
130.686
1879.761
88.431
2163.342
2416.696
2433.099
288.502
684.341
553.111
2354.854
1251.982
1544.602
218.493
182.952
452.192
465.738
777.827
1635.492
466.656
68.896
34.362
5650.175
540.541
1423.120
140.827
53.994
2242.679
26.347
3885.007
286.925
143.597
3891.870
3846.105
1355.147
351.154
1413.356
33.128
568.501
156.437
144.542
2662.620
877.274
1598.180
251.781
165.036
3348.700
1433.739
5243.104
1231.871
1177.712
14.538
18.811
1197.856
190.072
91.901
80.180
639.832
362.858
199.484
649.004
1194.336
582.812
2299.222
258.630
151.692
960.912
623.694
17.721
5655.191
489.698
240.573
2871.030
185.933
768.862
38.031
2447.730
1075.190
701.640
525.185
196.024
146.657
162.300
799.160
44.120
470.920
1801.475
2101.614
517.798
2745.421
502.593
387.085
11.060
6281.669
2075.667
958.364
50.465
201.527
260.496
126.223
1149.168
86.365
531.649
212.704
1186.611
1438.579
570.807
632.351
10.461
78.650
111.328
1940.769
840.824
5986.309
2044.679
117.449
1646.570
451.732
1174.204
808.321
322.346
140.812
34.323
73.257
1299.371
1905.693
2319.445
153.650
2323.443
192.898
1187.804
346.323
3440.202
567.313
165.512
102.547
49.404
1309.474
3419.659
1098.057
2193.370
521.309
447.391
131.702
3384.034
641.145
799.234
724.120
4656.026
993.841
108.388
481.020
920.245
4936.880
364.111
1201.282
234.719
1338.525
1367.582
153.438
580.298
501.742
359.799
2109.037
66.396
424.710
1627.374
900.096
491.281
795.244
22.375
558.769
4077.501
0.362
837.496
1368.826
2126.819
626.042
177.408
678.103
40.205
646.713
620.890
207.091
90.708
439.589
656.601
421.248
350.187
230.156
19.843
39.922
408.528
986.876
124.266
90.115
369.892
1057.707
3396.627
150.982
8.891
2519.798
1415.655
3145.275
3954.963
489.427
127.855
1051.615
904.872
671.396
938.808
584.346
1937.922
1464.939
1070.134
458.901
353.035
13.540
936.949
444.097
496.124
26.860
1139.560
768.149
116.804
300.029
1274.412
19.076
587.276
6126.386
766.735
670.145
518.543
718.336
2288.415
363.274
