-1
0
1
6
7
3
6
8
7
10
11
14
15
14
15
14
19
17
18
19
18
21
20
23
26
23
24
27
27
27
32
29
30
36
32
34
35
35
40
37
38
41
42
45
44
44
47
49
51
49
48
49
50
56
56
55
59
56
56
58
59
59
60
65
65
66
66
66
69
70
73
71
74
76
73
77
79
75
79
80
81
80
85
82
84
88
85
89
88
91
88
91
95
91
96
95
96
100
98
98
98
103
102
106
106
108
106
107
107
110
111
114
115
114
114
115
119
117
118
121
120
123
122
126
123
123
125
125
126
129
129
133
133
131
134
133
139
136
136
141
143
139
143
144
145
146
144
146
147
151
153
150
151
151
152
153
158
157
160
158
163
160
164
163
167
166
167
166
166
170
169
169
170
176
176
177
179
179
180
178
179
183
184
185
183
183
185
190
191
189
189
193
190
193
194
195
197
199
196
201
199
201
204
202
204
205
206
210
210
207
212
211
212
216
214
218
216
218
218
220
222
220
225
225
225
224
225
228
229
229
233
229
232
236
233
235
237
237
239
242
242
241
243
246
244
248
249
248
248
249
253
253
252
253
254
257
255
257
261
260
259
262
261
264
266
266
269
268
268
271
272
272
270
276
276
275
274
280
280
282
280
283
282
284
286
283
288
285
291
291
289
293
291
294
296
298
294
298
301
297
298
300
305
301
305
303
305
309
311
312
310
310
311
312
312
315
319
317
318
320
319
324
320
325
326
328
324
325
329
328
328
331
333
334
333
338
335
335
338
339
340
342
342
343
343
344
346
347
350
350
350
353
355
356
354
357
357
360
357
362
358
363
365
365
365
364
367
369
368
369
368
371
375
372
375
377
375
380
379
378
380
380
383
386
382
388
387
389
390
391
391
394
395
396
396
393
398
398
400
399
401
403
405
404
404
405
405
409
406
407
411
413
415
411
417
414
416
417
420
421
421
419
420
426
425
426
427
429
426
427
429
430
432
431
435
435
437
440
438
438
438
443
444
446
444
447
444
450
446
451
453
452
455
455
452
455
457
457
461
461
458
462
462
464
465
464
467
470
466
467
472
472
472
476
476
478
474
477
481
479
479
480
483
485
482
488
485
489
490
492
492
491
491
496
496
493
498
499
501
502
501
501
500
505
506
508
504
509
509
510
509
510
510
513
513
513
519
520
520
517
520
521
522
524
522
528
528
525
530
529
529
529
531
531
534
536
535
536
539
540
541
543
544
544
542
543
547
547
547
548
553
552
554
553
557
554
557
559
556
559
558
560
565
563
562
564
569
568
568
572
571
573
575
576
576
578
574
580
576
580
581
582
581
585
587
587
588
590
589
588
591
593
592
593
597
597
599
600
599
601
603
600
601
605
604
606
608
608
609
609
613
609
611
616
613
616
618
615
616
618
618
619
622
623
626
623
625
625
627
627
632
630
633
633
635
637
637
640
641
638
640
639
640
641
647
647
647
647
649
648
651
654
650
654
656
655
656
660
657
662
658
662
663
664
662
665
668
665
670
669
669
671
670
672
673
678
677
680
679
682
680
679
684
682
682
684
687
685
686
689
690
689
693
692
693
693
698
695
700
697
698
699
705
701
707
704
707
710
711
710
710
709
710
713
717
716
719
715
716
718
721
723
722
726
727
726
729
729
729
732
731
731
733
731
734
736
736
737
739
738
739
744
741
746
746
744
746
748
747
752
750
749
755
756
756
754
757
755
758
762
761
759
762
762
767
766
769
769
771
767
772
773
771
774
772
777
774
780
779
781
778
781
780
781
783
783
785
788
790
788
788
789
792
792
795
798
796
799
796
801
802
800
801
804
804
807
807
806
807
811
810
810
814
815
814
813
818
815
816
818
818
819
822
822
822
823
827
827
831
829
831
830
832
833
837
836
834
840
838
840
842
844
840
843
845
848
847
847
851
848
849
849
850
853
857
855
858
858
856
857
863
863
860
866
866
867
864
867
867
867
870
874
873
875
876
877
877
877
878
879
883
882
881
884
886
886
885
885
891
887
893
892
890
895
893
897
895
899
901
901
898
904
900
902
903
904
905
909
906
912
910
912
911
916
914
915
919
916
920
921
919
923
923
923
925
928
925
929
930
928
929
934
932
934
933
936
938
938
941
937
938
943
943
944
946
946
946
946
948
949
952
951
952
951
956
956
957
955
960
959
962
959
963
965
967
964
965
965
967
971
968
972
975
974
973
976
978
978
981
981
981
984
982
985
983
984
989
988
989
988
990
990
990
996
992
993
994
996
998
998
1000
1001
1005
1002
1002
1005
1005
1007
1008
1012
1010
1009
1013
1016
1016
1017
1016
1019
1021
1021
1018
1020
1021
1022
1027
1024
1026
1025
1031
1031
1031
1034
1033
1031
1035
1036
1037
1035
1037
1039
1038
1040
1042
1044
1043
1044
1045
1046
1047
1050
1049
1051
1055
1051
1057
1054
1058
1057
1059
1057
1058
1062
1065
1066
1064
1066
1064
1068
1071
1067
1070
1073
1074
1075
1077
1075
1077
1077
1078
1081
1083
1081
1082
1084
1086
1085
1087
1088
1086
1092
1090
1092
1092
1091
1094
1097
1099
1097
1096
1100
1103
1100
1101
1104
1102
1107
1107
1106
1106
1111
1111
1109
1114
1112
1116
1113
1119
1115
1118
1122
1118
1122
1122
1125
1127
1124
1127
1128
1128
1129
1129
1133
1131
1135
1137
1135
1139
1138
1140
1138
1140
1143
1140
1145
1146
1146
1147
1147
1149
1150
1153
1152
1151
1153
1156
1155
1157
1158
1161
1161
1162
1159
1162
1164
1167
1165
1165
1169
1169
1172
1171
1170
1175
1174
1176
1173
1177
1178
1178
1180
1182
1182
1180
1183
1186
1184
1184
1187
1188
1191
1189
1193
1193
1196
1194
1198
1194
1199
1198
1197
1198
1202
1203
1206
1207
1208
1205
1205
1206
1208
1212
1213
1210
1215
1217
1218
1217
1219
1216
1220
1223
1221
1222
1223
1222
1227
1226
1225
1231
1229
1228
1234
1235
1231
1235
1234
1237
1235
1238
1241
1243
1242
1244
1245
1244
1245
1244
1246
1249
1247
1251
1249
1252
1251
1253
1256
1256
1258
1259
1257
1262
1263
1260
1264
1264
1265
1266
1265
1271
1268
1269
1272
1275
1271
1275
1277
1277
1280
1277
1278
1281
1284
1283
1284
1287
1283
1284
1288
1287
1290
1288
1292
1295
1292
1292
1295
1295
1298
1300
1297
1302
1299
1305
1302
1305
1303
1304
1305
1306
1311
1310
1314
1313
1316
1312
1315
1314
1318
1318
1319
1320
1319
1325
1322
1325
1323
1325
1327
1331
1329
1333
1330
1333
1334
1332
1334
1334
1340
1340
1342
1342
1341
1340
1344
1342
1347
1348
1348
1350
1350
1348
1354
1355
1352
1357
1357
1354
1355
1357
1358
1363
1363
1362
1363
1367
1365
1364
1368
1369
1368
1368
1369
1372
1373
1374
1373
1379
1375
1379
1378
1381
1382
1384
1382
1383
1385
1389
1387
1387
1391
1389
1390
1391
1391
1395
1398
1394
1397
1400
1399
1403
1401
1404
1404
1404
1407
1407
1407
1409
1412
1411
1409
1414
1416
1417
1418
1418
1417
1417
1417
1419
1421
1425
1425
1425
1428
1429
1426
1427
1430
1430
1432
1434
1431
1433
1435
1435
1440
1436
1439
1439
1441
1440
1445
1444
1448
1449
1448
1446
1450
1448
1452
1452
1452
1456
1454
1458
1456
1460
1460
1458
1463
1462
1462
1467
1464
1464
1470
1469
1469
1472
1471
1473
1476
1473
1474
1474
1479
1478
1478
1480
1484
1481
1486
1486
1483
1484
1490
1488
1491
1493
1490
1494
1493
1496
1498
1498
1498
1497
1502
1501
1499
1503
1505
1503
1503
1504
1507
1507
1507
1513
1512
1511
1514
1515
1514
1519
1520
1520
1519
1520
1520
1521
1525
1522
1528
1524
1527
1530
1530
1530
1534
1533
1531
1534
1535
1535
1539
1538
1539
1543
1544
1544
1544
1545
1547
1545
1546
1549
1551
1548
1551
1551
1552
1554
1554
1556
1560
1558
1558
1560
1561
1564
1564
1566
1564
1567
1568
1569
1570
1568
1572
1570
1575
1574
1576
1574
1578
1576
1578
1579
1581
1582
1583
1582
1588
1584
1586
1586
1591
1592
1594
1591
1593
1593
1596
1597
1599
1596
1597
1600
1600
1602
1601
1604
1605
1607
1605
1609
1608
1611
1614
1611
1614
1616
1617
1618
1615
1618
1620
1622
1623
1624
1624
1624
1628
1625
1626
1631
1629
1628
1631
1632
1636
1635
1633
1636
1639
1639
1641
1638
1639
1642
1644
1643
1645
1646
1649
1647
1650
1651
1649
1650
1651
1657
1657
1655
1656
1661
1661
1662
1662
1663
1663
1667
1668
1664
1669
1669
1672
1672
1671
1673
1674
1675
1678
1674
1676
1680
1680
1680
1682
1685
1686
1682
1684
1686
1689
1691
1690
1692
1694
1695
1696
1693
1697
1695
1698
1698
1700
1703
1700
1701
1703
1702
1704
1709
1709
1709
1710
1710
1711
1715
1711
1713
1716
1716
1720
1717
1719
1718
1722
1720
1722
1723
1728
1725
1728
1727
1731
1729
1734
1732
1733
1735
1736
1736
1740
1736
1739
1739
1741
1743
1742
1746
1748
1748
1747
1751
1749
1748
1751
1750
1752
1752
1753
1754
1760
1759
1757
1758
1764
1765
1764
1766
1763
1766
1769
1768
1771
1769
1769
1774
1771
1774
1773
1779
1778
1777
1782
1779
1780
1780
1781
1782
1784
1786
1790
1790
1792
1790
1790
1794
1791
1795
1793
1794
1797
1801
1801
1802
1801
1804
1805
1802
1805
1804
1805
1809
1810
1813
1811
1815
1813
1813
1816
1814
1818
1821
1818
1819
1823
1825
1826
1822
1824
1826
1828
1831
1830
1828
1831
1832
1835
1836
1838
1836
1838
1836
1842
1843
1839
1842
1846
1844
1845
1845
1848
1850
1851
1849
1852
1853
1852
1855
1857
1857
1856
1861
1858
1861
1863
1861
1865
1864
1867
1864
1870
1867
1870
1870
1869
1874
1876
1877
1875
1874
1880
1877
1879
1880
1880
1880
1886
1884
1886
1886
1887
1889
1891
1893
1891
1892
1895
1895
1896
1898
1896
1901
1897
1900
1901
1905
1902
1907
1907
1905
1905
1906
1912
1911
1912
1912
1913
1914
1918
1915
1919
1920
1920
1920
1920
1922
1924
1923
1927
1925
1927
1930
1928
1928
1929
1933
1934
1937
1937
1935
1939
1940
1937
1942
1943
1944
1943
1946
1946
1947
1947
1948
1952
1951
1953
1951
1956
1954
1956
1957
1955
1961
1961
1960
1963
1961
1965
1964
1967
1967
1967
1970
1971
1972
1969
1974
1973
1972
1976
1979
1975
1976
1977
1983
1980
1983
1982
1982
1983
1989
1985
1988
1991
1990
1990
1991
1992
1992
1994
1996
2000
1999
1997
2000
2003
2001
2004
2004
2005
2004
2008
2006
2007
2012
2009
2010
2016
2017
2018
2016
2016
2016
2022
2018
2021
2024
2024
2022
2026
2029
2029
2026
2032
2033
2029
2030
2034
2036
2035
2038
2038
2040
2040
2042
2040
2045
2045
2045
2047
2048
2047
2051
2049
2052
2051
2053
2055
2054
2058
2054
2056
2056
2061
2061
2061
2063
2063
2063
2063
2069
2069
2069
2067
2071
2070
2071
2073
2073
2076
2079
2080
2076
2080
2080
2084
2085
2085
2084
2083
2088
2087
2089
2088
2091
2093
2095
2096
2096
2094
2098
2099
2099
2100
2102
2102
2100
2101
2106
2104
2105
2109
2111
2112
2112
2109
2115
2113
2116
2115
2119
2117
2120
2119
2122
2119
2121
2124
2124
2128
2124
2125
2129
2132
2132
2131
2134
2134
2135
2136
2134
2137
2139
2137
2138
2139
2141
2145
2144
2144
2145
2145
2146
2150
2152
2153
2151
2151
2156
2154
2154
2155
2158
2160
2161
2160
2164
2165
2167
2168
2166
2165
2168
2167
2168
2170
2173
2176
2172
2178
2177
2175
2177
2181
2183
2180
2180
2185
2185
2186
2186
2190
2188
2190
2188
2193
2195
2191
2197
2198
2197
2198
2200
2202
2202
2199
2204
2205
2204
2205
2209
2209
2209
2211
2209
2210
2214
2211
2215
2216
2214
2218
2216
2220
2222
2224
2222
2225
2223
2224
2229
2227
2230
2231
2232
2232
2231
2236
2235
2237
2239
2239
2236
2240
2243
2244
2242
2243
2244
2244
2246
2246
2251
2247
2250
2254
2255
2254
2255
2258
2255
2260
2257
2259
2262
2260
2265
2264
2266
2266
2268
2265
2269
2272
2273
2273
2271
2274
2273
2274
2278
2277
2280
2281
2278
2283
2280
2282
2285
2285
2286
2288
2289
2292
2291
2292
2294
2294
2297
2297
2294
2295
2299
2300
2298
2303
2303
2301
2305
2308
2309
2306
2310
2309
2309
2309
2314
2316
2315
2316
2315
2315
2321
2319
2318
2322
2325
2321
2324
2327
2327
2330
2327
2327
2331
2333
2331
2336
2335
2334
2336
2335
2341
2337
2339
2343
2341
2341
2345
2343
2349
2347
2346
2347
2353
2353
2353
2355
2357
2358
2355
2360
2361
2357
2358
2360
2363
2361
2363
2364
2365
2369
2371
2371
2370
2371
2372
2372
2373
2375
2378
2375
2379
2377
2382
2380
2380
2385
2384
2385
2385
2390
2388
2391
2392
2393
2395
2395
2392
2394
2396
2399
2399
2397
2402
2404
2401
2402
2407
2405
2405
2407
2409
2412
2410
2413
2414
2415
2413
2417
2418
2420
2420
2422
2421
2420
2421
2424
2425
2423
2428
2430
2428
2430
2433
2433
2430
2433
2437
2437
2438
2436
2436
2440
2441
2442
2441
2441
2443
2446
2446
2446
2447
2451
2449
2454
2452
2454
2452
2453
2458
2459
2456
2457
2458
2459
2463
2461
2467
2468
2468
2468
2471
2471
2468
2473
2475
2471
2475
2475
2477
2477
2477
2479
2480
2484
2480
2483
2486
2484
2485
2485
2487
2489
2493
2491
2492
2491
2492
2494
2495
2499
2497
2501
2499
2502
2503
2506
2503
2503
2509
2509
2507
2510
2508
2514
2513
2516
2515
2516
2517
2519
2520
2519
2521
2523
2521
2526
2525
2526
2529
2527
2526
2528
2531
2533
2531
2531
2534
2534
2535
2540
2539
2540
2539
2543
2540
2543
2547
2544
2546
2547
2548
2550
2548
2552
2551
2551
2555
2558
2554
2559
2561
2562
2559
2563
2563
2564
2567
2568
2567
2568
2571
2569
2571
2574
2570
2575
2574
2575
2577
2580
2581
2579
2578
2581
2581
2585
2586
2585
2585
2590
2589
2587
2592
2592
2590
2592
2593
2597
2595
2598
2598
2599
2601
2599
2601
2601
2604
2605
2607
2605
2607
2611
2611
2610
2613
2613
2612
2614
2614
2616
2617
2622
2623
2623
2625
2621
2627
2624
2624
2629
2630
2630
2631
2632
2635
2631
2637
2635
2638
2636
2636
2642
2643
2640
2645
2645
2646
2644
2644
2648
2649
2652
2653
2650
2651
2651
2655
2655
2659
2656
2658
2659
2663
2660
2664
2662
2665
2668
2667
2668
2667
2669
2673
2669
2673
2672
2673
2678
2678
2680
2676
2680
2683
2681
2684
2683
2687
2683
2687
2689
2687
2689
2690
2693
2690
2694
2693
2693
2698
2697
2700
2699
2699
2701
2700
2702
2704
2708
2707
2705
2707
2711
2709
2709
2714
2715
2715
2717
2715
2719
2716
2721
2718
2724
2721
2723
2722
2726
2725
2725
2729
2727
2731
2733
2735
2733
2732
2735
2738
2740
2737
2741
2743
2740
2742
2743
2746
2744
2746
2747
2746
2749
2750
2753
2752
2755
2757
2754
2758
2759
2759
2762
2758
2760
2763
2763
2763
2768
2767
2765
2767
2771
2772
2769
2772
2774
2772
2777
2775
2776
2781
2781
2779
2784
2782
2786
2784
2785
2786
2790
2787
2788
2790
2794
2793
2793
2795
2795
2795
2797
2801
2797
2800
2803
2802
2805
2802
2807
2809
2805
2809
2812
2813
2812
2813
2816
2817
2814
2816
2816
2819
2822
2821
2820
2825
2825
2827
2823
2827
2827
2826
2830
2832
2829
2831
2835
2836
2838
2834
2840
2837
2839
2838
2842
2841
2843
2842
2847
2846
2845
2847
2849
2848
2854
2855
2852
2856
2856
2858
2856
2860
2861
2863
2863
2862
2866
2865
2864
2865
2868
2866
2870
2870
2874
2872
2876
2877
2877
2874
2878
2878
2880
2878
2879
2885
2885
2885
2885
2885
2885
2891
2888
2891
2891
2893
2894
2895
2893
2897
2896
2899
2899
2900
2903
2903
2906
2904
2904
2905
2908
2909
2907
2910
2910
2913
2912
2917
2917
2915
2918
2919
2922
2919
2919
2923
2924
2927
2925
2929
2926
2926
2927
2929
2932
2934
2935
2934
2934
2936
2935
2940
2937
2938
2942
2943
2942
2947
2943
2949
2946
2947
2951
2949
2954
2953
2954
2953
2957
2957
2959
2958
2960
2962
2963
2960
2962
2962
2965
2966
2969
2971
2969
2969
2974
2970
2973
2977
2978
2975
2978
2981
2980
2982
2981
2984
2982
2982
2984
2986
2985
2990
2991
2991
2993
2991
2994
2992
2994
2996
2997
3001
3002
3003
2999
3004
3005
3005
3005
3005
3005
3008
3010
3010
3009
3013
3012
3017
3018
3015
3019
3019
3020
3019
3023
3024
3023
3023
3025
3029
3029
3026
3030
3033
3034
3034
3033
3032
3036
3037
3038
3039
3038
3042
3041
3040
3044
3045
3043
3044
3050
3047
3049
3053
3052
3052
3052
3052
3057
3054
3056
3061
3059
3063
3061
3061
3066
3065
3066
3069
3066
3070
3068
3068
3069
3071
3071
3077
3076
3074
3078
3081
3082
3078
3084
3081
3084
3085
3085
3088
3088
3087
3087
3092
3094
3094
3096
3093
3094
3099
3096
3100
3102
3102
3100
3104
3102
3102
3108
3108
3110
3106
3110
3109
3114
3114
3114
3113
3113
3115
3119
3116
3121
3119
3122
3121
3125
3122
3126
3128
3130
3127
3129
3131
3133
3130
3134
3132
3135
3138
3135
3139
3137
3142
3142
3141
3141
3145
3147
3149
3150
3147
3147
3150
3149
3154
3156
3154
3155
3158
3158
3161
3158
3161
3159
3161
3161
3162
3164
3165
3166
3166
3168
3171
3171
3174
3176
3174
3177
3176
3177
3176
3182
3178
3184
3183
3183
3186
3188
3184
3190
3190
3191
3192
3194
3192
3196
3195
3198
3197
3196
3201
3202
3201
3204
3201
3205
3206
3205
3205
3205
3206
3208
3210
3210
3212
3215
3216
3217
3219
3216
3221
3218
3219
3223
3223
3224
3224
3228
3229
3228
3227
3227
3229
3232
3233
3235
3235
3237
3237
3235
3238
3240
3239
3241
3243
3244
3247
3245
3245
3247
3247
3252
3251
3249
3255
3254
3252
3253
3258
3259
3260
3257
3262
3262
3263
3265
3266
3267
3267
3266
3268
3267
3271
3271
3273
3274
3277
3276
3278
3278
3277
3277
3279
3283
3284
3282
3284
3284
3288
3287
3291
3288
3293
3292
3291
3296
3297
3297
3298
3296
3298
3302
3300
3300
3301
3303
3307
3303
3305
3305
3309
3310
3308
3309
3313
3314
3312
3314
3317
3315
3320
3317
3321
3321
3320
3321
3324
3328
3328
3327
3327
3332
3330
3334
3332
3335
3334
3337
3337
3336
3340
3338
3342
3339
3345
3344
3344
3348
3346
3345
3349
3348
3349
3351
3351
3355
3354
3354
3354
3358
3358
3361
3360
3360
3361
3366
3367
3368
3368
3365
3369
3372
3370
3370
3372
3376
3372
3373
3376
3375
3376
3380
3378
3380
3380
3381
3383
3387
3385
3385
3390
3389
3391
3391
3391
3396
3396
3395
3395
3398
3401
3402
3398
3400
3401
3402
3406
3407
3407
3406
3410
3408
3408
3410
3411
3413
3413
3417
3418
3415
3418
3420
3423
3422
3425
3426
3424
3423
3428
3428
3430
3429
3430
3430
3432
3434
3434
3435
3439
3436
3440
3440
3440
3440
3441
3445
3447
3448
3448
3450
3451
3451
3452
3452
3454
3454
3453
3454
3454
3459
3461
3458
3458
3460
3464
3462
3467
3466
3464
3465
3469
3472
3469
3469
3472
3471
3474
3473
3475
3476
3476
3480
3480
3483
3484
3483
3486
3488
3484
3485
3488
3490
3488
3491
3495
3493
3494
3496
3498
3497
3498
3500
3500
3500
3505
3505
3507
3503
3507
3510
3509
3512
3508
3512
3510
3515
3516
3517
3516
3515
3518
3520
3520
3519
3525
3523
3527
3527
3524
3525
3530
3531
3531
3532
3533
3533
3532
3538
3535
3540
3536
3540
3542
3544
3541
3544
3545
3547
3546
3546
3550
3547
3551
3549
3553
3556
3556
3556
3554
3560
3559
3561
3563
3560
3561
3564
3565
3566
3564
3569
3571
3571
3572
3571
3575
3574
3573
3574
3578
3575
3580
3581
3583
3584
3580
3583
3585
3583
3589
3587
3589
3590
3588
3589
3590
3594
3592
3595
3599
3598
3600
3599
3598
3602
3602
3604
3603
3607
3609
3606
3607
3607
3610
3609
3612
3614
3613
3616
3616
3620
3619
3617
3618
3619
3623
3625
3626
3626
3624
3628
3628
3630
3628
3631
3633
3636
3637
3633
3636
3639
3640
3639
3641
3643
3643
3644
3646
3644
3648
3646
3651
3651
3651
3651
3650
3654
3657
3656
3659
3658
3661
3659
3660
3664
3662
3663
3663
3663
3666
3670
3669
3669
3673
3670
3674
3672
3676
3675
3674
3678
3676
3682
3681
3684
3683
3684
3687
3685
3686
3690
3689
3692
3693
3689
3692
3691
3692
3696
3695
3700
3696
3701
3702
3702
3704
3703
3703
3703
3707
3705
3706
3708
3710
3709
3714
3715
3716
3715
3714
3720
3721
3721
3719
3722
3725
3722
3726
3727
3729
3728
3726
3730
3729
3733
3730
3735
3734
3735
3739
3740
3737
3740
3738
3743
3742
3744
3743
3746
3745
3750
3747
3748
3753
3754
3750
3755
3757
3755
3756
3759
3757
3761
3762
3763
3765
3764
3765
3766
3768
3765
3766
3770
3770
3772
3773
3773
3776
3778
3774
3780
3779
3778
3783
3782
3782
3782
3783
3784
3785
3787
3789
3790
3791
3789
3793
3793
3793
3795
3798
3800
3796
3798
3799
3803
3805
3803
3807
3805
3809
3806
3808
3809
3810
3810
3812
3814
3817
3816
3818
3820
3820
3819
3822
3820
3822
3823
3824
3826
3824
3828
3827
3831
3828
3830
3835
3835
3834
3836
3837
3837
3840
3839
3843
3842
3840
3843
3846
3847
3846
3847
3850
3851
3851
3853
3854
3853
3853
3858
3858
3860
3857
3861
3863
3862
3863
3864
3862
3868
3865
3868
3871
3871
3869
3869
3875
3871
3873
3874
3879
3880
3876
3881
3878
3883
3882
3886
3887
3884
3885
3889
3886
3890
3891
3889
3892
3894
3896
3897
3899
3900
3900
3902
3898
3900
3901
3901
3903
3907
3904
3910
3911
3908
3913
3909
3911
3911
3917
3917
3917
3916
3919
3918
3919
3924
3924
3923
3922
3928
3926
3929
3930
3932
3933
3932
3930
3932
3937
3936
3934
3940
3941
3940
3938
3941
3940
3943
3945
3943
3949
3945
3951
3949
3953
3951
3955
3951
3956
3955
3959
3957
3961
3959
3960
3959
3960
3962
3966
3968
3966
3969
3971
3970
3970
3974
3970
3972
3976
3978
3977
3975
3976
3977
3980
3982
3984
3982
3982
3987
3988
3987
3987
3987
3991
3991
3993
3991
3993
3998
3997
3997
4000
3999
4001
4004
4001
4005
4003
4008
4009
4008
4009
4007
4012
4014
4011
4013
4012
4017
4014
4015
4020
4017
4022
4019
4022
4024
4025
4028
4025
4026
4030
4028
4030
4029
4030
4033
4032
4034
4034
4036
4038
4037
4042
4043
4044
4043
4042
4045
4045
4050
4046
4052
4049
4049
4051
4056
4057
4053
4057
4055
4060
4058
4063
4061
4064
4066
4063
4064
4064
4068
4071
4071
4071
4073
4073
4073
4073
4074
4076
4080
4080
4082
4080
4081
4082
4085
4082
4084
4084
4089
4089
4089
4090
4091
4090
4096
4092
4095
4098
4097
4098
4100
4103
4100
4104
4102
4104
4106
4105
4110
4108
4110
4112
4113
4111
4111
4115
4118
4115
4119
4120
4122
4118
4121
4120
4126
4124
4125
4127
4127
4130
4130
4132
4133
4135
4136
4136
4137
4136
4135
4141
4142
4143
4142
4145
4142
4145
4147
4145
4145
4150
4150
4151
4151
4150
4154
4156
4153
4159
4156
4158
4162
4163
4159
4160
4162
4163
4167
4165
4170
4168
4167
4173
4169
4174
4171
4175
4176
4174
4179
4180
4178
4178
4180
4183
4182
4187
4183
4186
4188
4191
4192
4188
4190
4195
4194
4197
4194
4198
4196
4197
4200
4200
4202
4203
4205
4204
4206
4204
4209
4211
4209
4213
4209
4211
4212
4216
4214
4214
4218
4221
4222
4218
4219
4225
4226
4224
4228
4226
4226
4227
4229
4230
4233
4230
4236
4235
4233
4234
4236
4237
4242
4238
4240
4240
4242
4242
4246
4245
4245
4249
4252
4249
4252
4252
4255
4252
4256
4256
4256
4257
4261
4261
4264
4265
4266
4265
4265
4269
4268
4266
4268
4271
4272
4272
4275
4272
4276
4275
4278
4279
4280
4279
4282
4281
4284
4286
4286
4286
4285
4290
4288
4290
4292
4293
4291
4296
4297
4298
4297
4296
4302
4299
4299
4304
4302
4305
4304
4306
4306
4310
4309
4309
4312
4314
4316
4316
4315
4314
4319
4317
4320
4318
4324
4325
4322
4324
4324
4325
4330
4331
4327
4333
4329
4335
4331
4332
4333
4337
4337
4341
4341
4339
4340
4341
4342
4346
4347
4345
4346
4348
4348
4348
4349
4354
4355
4354
4358
4356
4359
4356
4359
4358
4361
4364
4366
4367
4368
4368
4368
4366
4368
4373
4372
4372
4374
4374
4378
4376
4376
4378
4377
4380
4382
4384
4382
4383
4383
4384
4390
4386
4388
4392
4392
4393
4393
4396
4394
4397
4398
4401
4400
4399
4399
4403
4405
4404
4404
4405
4408
4409
4409
4413
4411
4412
4411
4415
4413
4417
4415
4419
4422
4421
4424
4422
4422
4422
4425
4427
4427
4431
4429
4431
4433
4433
4433
4433
4433
4437
4435
4438
4442
4439
4442
4440
4443
4446
4445
4444
4446
4448
4449
4449
4449
4455
4451
4453
4454
4458
4455
4458
4457
4458
4459
4464
4466
4462
4463
4469
4466
4467
4469
4470
4473
4473
4473
4472
4478
4475
4477
4481
4481
4480
4480
4483
4481
4485
4486
4484
4486
4490
4488
4491
4492
4492
4495
4494
4493
4496
4497
4497
4500
4501
4500
4502
4501
4505
4503
4505
4509
4509
4512
4511
4511
4512
4511
4512
4515
4517
4520
4520
4522
4521
4520
4525
4524
4523
4524
4526
4529
4531
4527
4531
4534
4535
4532
4535
4534
4535
4540
4539
4538
4540
4543
4541
4545
4545
4545
4544
4548
4546
4548
4553
4550
4552
4556
4556
4553
4557
4559
4557
4560
4560
4559
4564
4561
4567
4567
4564
4565
4567
4571
4573
4574
4574
4573
4573
4573
4578
4577
4577
4577
4582
4582
4584
4582
4583
4584
4587
4586
4589
4587
4591
4592
4591
4593
4593
4598
4599
4597
4597
4599
4600
4604
4602
4605
4607
4604
4608
4606
4609
4612
4613
4611
4611
4612
4613
4614
4616
4619
4621
4619
4622
4619
4621
4625
4622
4625
4625
4630
4631
4629
4632
4632
4633
4633
4636
4638
4634
4635
4638
4637
4641
4639
4640
4641
4642
4646
4645
4646
4651
4649
4653
4652
4651
4656
4652
4655
4656
4660
4657
4662
4663
4659
4665
4663
4665
4665
4666
4668
4668
4668
4672
4674
4673
4676
4673
4675
4675
4677
4681
4680
4680
4682
4681
4685
4684
4685
4688
4690
4686
4690
4692
4693
4694
4692
4695
4698
4695
4700
4701
4702
4703
4704
4703
4701
4702
4705
4705
4709
4706
4707
4708
4712
4715
4713
4717
4715
4714
4717
4721
4721
4720
4723
4725
4724
4722
4724
4729
4726
4731
4730
4730
4731
4731
4736
4732
4735
4738
4736
4741
4737
4738
4744
4745
4746
4745
4745
4748
4750
4748
4748
4749
4754
4753
4755
4753
4753
4757
4755
4757
4760
4762
4760
4762
4761
4762
4764
4769
4769
4770
4769
4768
4774
4775
4774
4772
4774
4774
4780
4780
4781
4778
4780
4784
4786
4785
4787
4785
4786
4791
4789
4792
4789
4795
4793
4792
4794
4794
4799
4800
4800
4800
4799
4801
4802
4806
4804
4806
4805
4807
4810
4808
4809
4812
4812
4812
4817
4816
4818
4821
4820
4823
4820
4821
4825
4826
4827
4829
4829
4830
4832
4828
4829
4832
4832
4834
4835
4837
4836
4838
4841
4841
4841
4840
4846
4845
4847
4847
4849
4848
4848
4853
4852
4854
4853
4853
4853
4855
4858
4857
4858
4858
4863
4863
4861
4865
4867
4864
4865
4870
4870
4868
4871
4873
4872
4872
4873
4876
4880
4876
4882
4878
4884
4884
4885
4882
4883
4884
4889
4890
4888
4890
4891
4890
4891
4895
4893
4894
4895
4899
4899
4901
4904
4901
4905
4906
4903
4904
4909
4907
4908
4909
4912
4912
4911
4913
4916
4918
4918
4920
4921
4918
4922
4920
4925
4927
4926
4926
4930
4930
4929
4933
4931
4935
4932
4934
4934
4937
4938
4940
4941
4943
4939
4942
4943
4946
4944
4946
4946
4946
4948
4951
4950
4955
4952
4956
4958
4955
4960
4957
4961
4962
4963
4961
4964
4966
4964
4969
4966
4971
4971
4968
4973
4971
4976
4975
4973
4975
4980
4978
4979
4978
4982
4980
4984
4985
4987
4984
4985
4991
4987
4991
4993
4994
4991
4993
4994
4995
4999
4999
4998
4998
5003
5003
5001
5007
5005
5006
5006
5011
5008
5011
5014
5012
5011
5014
5015
5014
5017
5016
5020
5019
5022
5023
5025
5023
5025
5026
5028
5031
5027
5031
5030
5033
5035
5036
5037
5039
5036
5037
5037
5043
5042
5043
5044
5044
5047
5045
5049
5050
5051
5051
5050
5050
5056
5056
5058
5059
5059
5059
5059
5060
5064
5060
5066
5062
5065
5067
5069
5067
5071
5068
5073
5072
5075
5073
5073
5075
5078
5078
5078
5078
5083
5084
5085
5087
5086
5088
5086
5087
5089
5092
5094
5092
5095
5097
5093
5099
5100
5096
5099
5101
5100
5104
5104
5106
5108
5105
5109
5109
5109
5108
5112
5112
5114
5113
5113
5119
5117
5119
5120
5118
5120
5125
5123
5123
5123
5124
5127
5127
5128
5128
5133
5133
5134
5133
5138
5138
5135
5137
5141
5143
5139
5140
5141
5144
5143
5149
5150
5151
5152
5151
5149
5155
5156
5153
5157
5155
5157
5156
5161
5162
5163
5164
5164
5165
5166
5169
5165
5166
5169
5168
5170
5174
5173
5174
5174
5174
5180
5176
5182
5179
5182
5181
5186
5187
5186
5189
5186
5190
5189
5191
5189
5190
5191
5196
5198
5196
5197
5200
5200
5201
5202
5203
5202
5202
5204
5205
5207
5209
5212
5209
5209
5212
5211
5214
5215
5214
5217
5218
5220
5218
5219
5221
5221
5222
5227
5228
5226
5226
5227
5228
5230
5235
5235
5234
5235
5238
5239
5239
5237
5241
5241
5240
5243
5246
5243
5244
5246
5249
5247
5251
5250
5255
5254
5253
5256
5255
5255
5257
5261
5259
5260
5260
5263
5264
5266
5266
5269
5267
5272
5270
5274
5273
5272
5274
5273
5275
5278
5280
5281
5283
5280
5282
5285
5287
5283
5289
5286
5287
5287
5288
5289
5290
5293
5292
5295
5295
5297
5298
5301
5303
5301
5301
5305
5307
5304
5307
5306
5309
5309
5310
5314
5315
5315
5316
5316
5316
5315
5317
5319
5322
5323
5320
5322
5325
5326
5326
5326
5330
5331
5332
5330
5331
5331
5335
5338
5339
5336
5341
5341
5339
5343
5343
5344
5343
5348
5349
5350
5351
5351
5348
5353
5350
5353
5355
5356
5357
5357
5360
5357
5361
5360
5361
5365
5367
5364
5369
5365
5366
5367
5372
5374
5375
5373
5376
5375
5375
5380
5377
5382
5381
5384
5383
5381
5383
5385
5387
5385
5387
5387
5392
5392
5390
5396
5395
5398
5396
5400
5399
5402
5402
5402
5405
5402
5404
5404
5404
5405
5408
5410
5409
5410
5414
5414
5416
5416
5414
5419
5419
5422
5421
5423
5420
5421
5427
5423
5429
5428
5428
5430
5430
5430
5435
5435
5433
5435
5439
5440
5438
5438
5438
5444
5440
5443
5444
5448
5448
5449
5447
5450
5448
5452
5454
5455
5452
5458
5457
5458
5458
5457
5460
5461
5463
5464
5467
5465
5468
5470
5467
5469
5470
5473
5470
5475
5473
5474
5479
5476
5476
5479
5479
5480
5482
5484
5482
5486
5488
5490
5490
5487
5492
5491
5494
5493
5493
5497
5499
5497
5498
5502
5498
5501
5503
5501
5503
5508
5508
5505
5511
5512
5513
5510
5515
5513
5517
5516
5519
5515
5517
5521
5522
5524
5520
5526
5522
5523
5527
5528
5528
5532
5528
5529
5535
5536
5532
5538
5537
5535
5541
5542
5540
5544
5543
5544
5547
5545
5549
5550
5551
5550
5549
5551
5555
5552
5555
5558
5556
5555
5558
5559
5563
5560
5564
5566
5564
5564
5568
5566
5571
5570
5571
5574
5573
5573
5576
5574
5574
5579
5580
5580
5582
5580
5581
5584
5586
5587
5585
5590
5590
5592
5589
5592
5590
5594
5597
5593
5595
5596
5597
5597
5600
5602
5601
5606
5604
5606
5606
5608
5608
5611
5609
5610
5614
5616
5613
5615
5617
5617
5618
5620
5621
5621
5622
5621
5626
5624
5624
5626
5630
5632
5632
5631
5632
5635
5636
5636
5636
5638
5640
5641
5643
5642
5645
5644
5645
5643
5645
5649
5650
5647
5651
5654
5650
5655
5657
5653
5659
5658
5659
5659
5658
5659
5661
5665
5666
5663
5669
5669
5671
5670
5668
5669
5673
5674
5677
5676
5679
5678
5678
5682
5678
5683
5683
5682
5682
5688
5685
5686
5689
5689
5690
5691
5690
5693
5697
5695
5698
5697
5699
5701
5700
5704
5704
5706
5702
5707
5708
5710
5711
5712
5710
5712
5711
5716
5716
5714
5719
5719
5721
5718
5718
5722
5723
5722
5723
5728
5726
5726
5726
5727
5731
5731
5732
5734
5737
5733
5735
5740
5741
5741
5739
5741
5745
5744
5744
5748
5744
5749
5751
5752
5750
5753
5752
5755
5756
5757
5757
5757
5757
5762
5758
5760
5762
5762
5763
5764
5764
5767
5766
5770
5771
5773
5773
5774
5775
5778
5775
5776
5781
5778
5782
5781
5783
5785
5786
5787
5787
5786
5790
5788
5790
5791
5794
5796
5796
5793
5794
5800
5797
5800
5803
5804
5804
5804
5802
5804
5804
5808
5810
5811
5812
5809
5810
5814
5813
5816
5818
5816
5816
5822
5822
5820
5821
5822
5823
5826
5824
5829
5831
5831
5830
5831
5834
5834
5833
5835
5838
5836
5841
5841
5838
5839
5845
5845
5846
5845
5846
5845
5849
5848
5849
5850
5852
5854
5853
5854
5854
5858
5856
5857
5860
5862
5865
5865
5862
5863
5864
5868
5868
5872
5869
5872
5873
5872
5876
5873
5876
5876
5879
5881
5881
5882
5883
5885
5885
5886
5889
5885
5886
5888
5888
5891
5892
5894
5895
5897
5898
5895
5896
5897
5900
5899
5900
5901
5904
5907
5905
5905
5906
5912
5911
5914
5910
5916
5915
5917
5917
5920
5917
5918
5922
5919
5922
5925
5926
5925
5927
5929
5930
5930
5928
5931
5934
5931
5934
5934
5939
5939
5940
5940
5939
5939
5940
5942
5944
5947
5945
5947
5951
5948
5952
5951
5955
5956
5956
5956
5958
5957
5959
5957
5961
5959
5965
5964
5966
5963
5964
5968
5970
5967
5972
5970
5973
5973
5973
5977
5978
5977
5979
5980
5978
5980
5980
5986
5986
5984
5984
5988
5987
5987
5991
5991
5993
5993
5996
5996
5995
5995
5998
5999
6000
6003
6005
6002
6007
6005
6008
6008
6006
6012
6008
6010
6011
6013
6012
6014
6014
6019
6016
6018
6019
6019
6020
6023
6023
6025
6029
6028
6030
6032
6033
6030
6030
6033
6036
6036
6034
6039
6038
6039
6039
6039
6040
6043
6045
6045
6048
6050
6047
6052
6052
6052
6054
6052
6056
6058
6054
6058
6057
6058
6060
6062
6065
6065
6065
6067
6067
6065
6068
6067
6070
6074
6074
6072
6072
6078
6078
6080
6077
6080
6082
6080
6080
6081
6084
6087
6088
6085
6088
6090
6092
6094
6091
6096
6096
6097
6098
6098
6100
6097
6101
6104
6101
6101
6107
6107
6104
6105
6111
6107
6110
6109
6114
6114
6115
6117
6119
6118
6118
6122
6120
6120
6122
6125
6125
6123
6128
6128
6127
6127
6130
6129
6132
6133
6132
6133
6138
6137
6141
6138
6141
6144
6141
6145
6142
6144
6146
6149
6150
6151
6150
6151
6154
6153
6153
6156
6155
6159
6161
6157
6161
6160
6160
6162
6162
6164
6165
6168
6167
6170
6173
6171
6173
6176
6177
6178
6178
6179
6181
6182
6180
6182
6185
6185
6183
6186
6189
6190
6190
6189
6192
6193
6195
6191
6195
6195
6196
6200
6199
6201
6199
6199
6204
6206
6205
6206
6208
6209
6211
6212
6208
6210
6215
6216
6217
6217
6216
6220
6221
6218
6220
6220
6221
6224
6224
6223
6226
6228
6231
6229
6231
6233
6232
6231
6235
6238
6235
6236
6241
6238
6240
6242
6244
6242
6242
6248
6248
6247
6250
6252
6249
6253
6251
6252
6252
6256
6259
6257
6260
6261
6258
6264
6260
6261
6262
6268
6265
6270
6267
6271
6270
6272
6272
6275
6272
6276
6278
6279
6281
6280
6279
6279
6281
6285
6282
6286
6286
6285
6286
6290
6292
6293
6293
6291
6297
6293
6299
6297
6298
6298
6301
6303
6300
6301
6307
6308
6307
6306
6310
6309
6312
6311
6313
6311
6317
6314
6314
6320
6321
6318
6319
6322
6323
6323
6326
6323
6325
6326
6330
6329
6330
6331
6331
6335
6334
6338
6337
6336
6340
6342
6339
6342
6344
6344
6347
6345
6349
6348
6349
6347
6351
6350
6352
6356
6356
6357
6355
6360
6360
6361
6363
6360
6364
6361
6367
6368
6368
6367
6367
6369
6373
6374
6374
6371
6375
6375
6375
6376
6381
6378
6379
6383
6381
6384
6386
6385
6387
6387
6391
6391
6390
6394
6390
6393
6392
6393
6398
6400
6396
6401
6402
6401
6404
6404
6403
6406
6405
6405
6408
6408
6409
6414
6410
6412
6415
6414
6416
6418
6417
6422
6418
6420
6422
6425
6424
6428
6427
6430
6430
6427
6432
6434
6433
6434
6436
6434
6435
6439
6440
6437
6442
6441
6443
6445
6445
6446
6447
6448
6451
6451
6451
6450
6452
6451
6457
6453
6458
6457
6457
6459
6458
6463
6461
6462
6463
6463
6468
6465
6468
6470
6469
6471
6472
6473
6473
6473
6475
6480
6478
6478
6483
6482
6480
6484
6483
6484
6488
6486
6491
6487
6491
6490
6495
6491
6497
6498
6496
6497
6499
6500
6498
6499
6504
6503
6507
6503
6509
6507
6510
6510
6510
6510
6515
6513
6514
6516
6518
6520
6519
6522
6518
6523
6525
6521
6524
6527
6525
6530
6526
6528
6529
6529
6532
6534
6537
6536
6537
6540
6537
6542
6541
6543
6542
6545
6547
6545
6544
6545
6547
6548
6553
6554
6555
6551
6554
6558
6554
6559
6560
6561
6559
6562
6563
6566
6566
6568
6564
6568
6569
6571
6569
6574
6574
6575
6575
6574
6579
6580
6576
6580
6580
6581
6581
6585
6586
6587
6589
6585
6589
6587
6589
6593
6595
6596
6595
6598
6598
6596
6599
6598
6603
6602
6603
6606
6606
6605
6609
6607
6611
6607
6612
6610
6611
6612
6615
6617
6618
6615
6620
6622
6621
6620
6621
6624
6626
6626
6624
6628
6626
6630
6628
6633
6634
6633
6634
6635
6635
6636
6640
6639
6641
6642
6643
6642
6644
6643
6646
6649
6650
6650
6653
6653
6650
6655
6652
6658
6659
6657
6659
6659
6660
6662
6660
6666
6666
6666
6669
6669
6671
6669
6671
6671
6673
6676
6672
6676
6677
6680
6678
6678
6681
6679
6683
6681
6684
6686
6689
6688
6691
6689
6689
6694
6694
6695
6695
6697
6696
6700
6700
6697
6698
6704
6703
6702
6705
6703
6708
6708
6706
6710
6709
6712
6713
6713
6714
6717
6716
6716
6721
6722
6721
6721
6722
6725
6726
6725
6728
6728
6728
6730
6729
6734
6735
6734
6734
6736
6735
6736
6738
6741
6738
6743
6743
6744
6746
6745
6747
6747
6748
6752
6753
6749
6755
6751
6754
6756
6759
6756
6760
6761
6758
6760
6763
6764
6765
6767
6769
6768
6766
6770
6772
6769
6774
6771
6776
6776
6774
6779
6776
6782
6782
6784
6784
6785
6787
6783
6788
6788
6787
6791
6789
6790
6791
6796
6796
6798
6798
6797
6797
6801
6798
6803
6801
6803
6805
6808
6806
6808
6810
6811
6810
6809
6812
6816
6817
6818
6818
6815
6821
6822
6820
6819
6821
6824
6822
6826
6826
6829
6826
6832
6828
6831
6835
6832
6832
6835
6838
6836
6836
6840
6840
6839
6843
6844
6845
6845
6849
6845
6846
6847
6850
6850
6852
6851
6855
6858
6856
6860
6861
6859
6858
6862
6860
6865
6866
6864
6867
6865
6866
6871
6870
6871
6872
6876
6872
6875
6874
6875
6880
6879
6878
6883
6882
6883
6887
6885
6884
6887
6886
6890
6890
6890
6893
6891
6896
6894
6896
6896
6896
6901
6901
6899
6905
6901
6902
6908
6908
6906
6908
6911
6911
6909
6912
6915
6916
6917
6915
6919
6916
6918
6920
6919
6923
6922
6927
6926
6928
6929
6931
6929
6929
6932
6930
6936
6933
6933
6937
6935
6940
6938
6940
6944
6945
6944
6943
6945
6945
6949
6951
6951
6952
6954
6953
6952
6954
6956
6955
6958
6957
6957
6960
6959
6964
6965
6967
6968
6968
6965
6968
6971
6972
6972
6970
6973
6973
6974
6975
6975
6976
6980
6983
6980
6982
6986
6982
6984
6989
6987
6987
6990
6989
6991
6995
6995
6992
6993
6999
6997
6999
6997
