2
1
5
5
2
6
6
7
9
8
9
12
11
12
14
15
16
15
17
18
22
23
22
21
27
27
29
27
29
32
32
32
34
32
37
35
35
40
39
40
43
40
44
45
44
48
48
49
48
50
48
54
54
53
55
57
58
59
61
60
58
60
60
65
65
68
69
66
68
68
73
73
71
72
72
77
77
77
77
78
81
83
84
81
82
87
84
90
87
91
90
93
94
94
95
94
95
98
101
99
99
104
102
104
106
107
108
108
111
107
113
114
112
114
112
116
114
116
119
122
120
122
121
122
123
123
127
127
130
130
128
134
131
134
132
136
139
140
141
142
138
142
140
145
147
144
146
148
149
150
150
154
155
151
155
156
154
159
160
160
163
163
162
165
165
167
169
170
167
167
168
171
174
176
172
174
178
177
177
181
178
181
182
186
185
183
188
189
191
190
191
194
193
194
192
197
199
195
196
199
200
204
201
206
202
207
208
210
211
208
212
211
215
211
217
217
217
218
221
222
223
222
223
224
226
223
226
228
227
227
229
229
232
231
232
237
238
235
239
242
238
240
240
246
245
246
244
250
246
248
249
254
253
251
254
256
256
257
261
259
261
262
260
266
262
266
267
268
266
267
270
270
271
272
272
274
279
280
277
280
280
279
281
282
283
287
289
287
288
288
290
294
290
293
295
296
297
299
299
299
301
302
302
305
306
305
309
306
306
310
310
310
311
311
314
314
318
316
316
320
319
322
323
321
324
327
324
329
330
329
330
333
330
331
335
336
339
339
336
339
338
344
344
346
342
346
347
348
348
349
349
350
352
353
355
356
359
360
358
361
361
359
362
363
363
363
364
365
370
368
371
374
370
373
375
377
378
377
380
378
381
380
385
384
383
387
385
388
388
389
391
394
390
392
393
397
398
400
398
397
403
402
400
406
405
405
406
407
410
410
410
414
412
414
414
418
414
416
416
418
419
423
421
425
423
423
429
428
428
431
428
429
435
431
434
434
437
439
438
440
442
444
442
441
447
445
445
446
450
452
449
450
451
454
457
457
457
458
459
457
462
459
462
461
466
464
468
466
470
472
469
470
471
473
477
475
474
475
479
481
481
484
482
482
483
484
486
485
488
490
492
492
495
496
492
497
496
499
498
500
502
504
503
505
506
503
508
506
506
508
511
512
513
516
516
518
519
519
516
522
519
523
521
526
526
523
527
530
526
531
532
532
534
533
536
538
536
538
540
541
543
539
542
542
542
547
546
545
549
551
549
549
554
555
555
558
558
559
557
562
558
561
560
563
567
564
564
568
566
572
570
573
575
576
577
578
574
576
578
580
580
582
580
585
582
586
588
585
586
590
592
589
594
592
592
595
595
598
600
602
602
599
602
602
605
605
605
605
609
612
608
612
610
611
612
616
616
620
620
617
623
624
622
621
627
624
627
627
631
632
629
632
632
631
634
636
636
635
638
639
639
641
645
646
647
648
647
645
646
649
651
651
651
651
656
655
658
660
660
660
663
659
664
663
666
667
667
669
671
669
671
669
671
674
676
676
674
678
681
679
681
679
685
686
687
683
687
686
687
690
692
693
693
692
694
696
695
695
701
702
