-20292
-59573
70519
-17108
-98244
-43631
36756
14030
1287
96221
87266
52053
13703
58006
25795
41444
-85874
-63327
-3734
-95985
-11375
45207
-9976
24310
4442
-60375
-63154
-48506
-97287
46426
-60771
-58479
5468
-29294
-28450
76329
-62518
-99580
-35389
-75121
38150
78462
-41702
-14898
53831
80755
23574
-81445
61005
36961
-50814
-92205
-9017
-88898
-3018
-75349
-29536
56074
98168
50941
1539
-29264
-70872
9164
21500
60850
18216
89379
99724
20789
-85227
29492
-31756
-89086
-53397
98071
-34936
-33248
35813
71160
55819
-44719
-33003
10262
57620
-43172
14413
73246
9801
-41820
-50692
-37236
7187
51775
66796
-47561
47232
-32984
-95890
-93442
19700
9776
77247
-9726
-13792
-81216
35874
30835
-81698
20275
-98896
34783
40294
-76871
64646
-27607
-1752
72675
77843
91174
-22205
-54198
81488
-84562
-60518
-29604
9363
97290
-42465
10673
-36776
30279
-34956
53838
-90394
67586
-98840
63683
-86153
23942
-75301
71627
-79439
4738
6533
48103
-79269
46050
-35320
94575
56166
-66331
-68282
37266
-18093
-29287
-50513
-37058
26167
16940
97174
38044
-18770
66627
61651
55212
-68701
42966
-34183
-69770
17219
10869
66420
57046
-80038
-25256
90673
-29942
-80706
28799
-14819
7057
-73940
-73403
-88550
96939
72682
-52179
68616
68758
6930
-76324
-52100
-1726
66632
86418
87614
6576
-85507
-28334
-47354
-87760
-52785
-77227
90551
-19429
8987
-50747
-14839
-82631
-5139
1911
-64022
-81504
-32285
6124
-43911
90707
4438
25684
56
-64737
45259
-21871
-9392
52987
-88970
-57088
-73105
37932
-75148
-43596
72510
41472
-62801
-59353
-18025
67423
1759
-75047
-34233
-73783
17229
1852
98770
74221
7091
3768
-98875
46524
41493
57962
-80495
78760
2812
21204
71869
30306
69459
-42606
41629
-58595
72409
14633
69337
29080
67608
89262
26595
86283
43642
-3954
-12591
68858
58537
-9915
-16526
97061
17521
39638
-7354
74122
-12655
91749
60249
63421
-98175
-76273
-64109
41014
-6568
-57869
-94208
94681
-62712
67313
-2477
47031
71982
49816
-3310
87908
-51734
78171
-3084
77179
-48215
-35050
43142
68869
97771
-98069
64093
-88336
64210
44573
73507
39058
54204
-31673
12303
-60575
-27148
-25413
-78407
85555
-13102
-18145
-50602
-33443
-39330
-2352
64070
-54121
-78391
76745
34723
-28065
43578
51507
54959
96574
-51454
15494
-6926
51074
-63963
-41190
46865
-18167
58994
-22841
60257
51746
-6871
58360
43730
-89507
-23555
-61954
45471
-2852
-30644
-85131
70162
39850
36336
-90124
-32359
-15511
63364
44197
-42740
-45722
-37966
-93952
28288
-40080
-5610
-94206
92853
91586
39268
144
91404
40757
-51250
-91589
-67541
-93404
15824
87609
-35221
96578
81955
74109
-31461
30126
12123
-15159
90024
-92046
76663
35135
-10613
58360
82753
99522
-64577
95847
45562
1094
37921
-14099
26502
-1706
-8989
-9026
-78264
6711
-2175
-75815
-80621
62642
84349
-53032
72102
56658
29729
-93571
-34559
-59307
7154
-32636
45225
-89739
44604
-49535
-49216
70663
-41204
70845
-13808
-93642
-24150
17334
-29862
-14632
-35671
1731
99335
-92573
-55841
-37313
-2293
-21259
-16543
-1934
72377
47373
-99822
-78736
94946
-83045
75590
83553
99756
98773
73578
-86463
27416
-82601
-29532
90410
-52977
20504
-1298
26279
-15262
-60693
-5603
36237
-26688
-44520
-24244
-99204
83756
3980
-94692
-68028
-4486
-4478
38921
90994
-93271
-44584
59179
-51936
-69014
-13036
1349
-5849
-90457
-10920
30296
16191
-98850
27886
-70679
-75388
87480
2416
-64445
-62776
-48491
2910
3758
66066
49866
26463
5944
-50990
28642
-46001
59745
-79723
-87787
-38515
-1852
32662
-69537
97933
24839
-78246
-3130
64408
-48567
-87446
-30562
62724
-84585
81954
33644
-30720
-56413
-37897
-21653
22813
13094
-36809
59254
41412
-11683
-21925
25100
9086
-22674
-48933
-14061
78599
-20298
-39528
23125
95484
86631
-61976
-39538
-40158
-74865
53129
50036
29738
27192
80629
-76468
-96831
-8697
23138
-92279
-41033
75236
44180
-1487
97798
-3259
35954
-2290
-55015
-8850
1274
87835
-77467
-61101
-58944
87173
-99997
87313
83824
-13168
61938
97214
-81660
61623
-27450
95661
70447
41888
51675
53728
-17928
4244
82818
-5255
-47687
43340
5336
64882
-92594
-88285
66556
-21339
15378
89340
-16015
-45076
47551
8410
-43984
-43332
84815
24898
-69770
-99004
-18066
74602
-1524
-17152
29125
13752
-70167
-29273
-99755
33895
-21958
-94746
99222
-67153
-90553
-9117
46127
-81901
-91345
-69420
-92242
87011
-78547
-70215
-33666
-45339
-89801
-49064
67260
-59038
-98873
66023
61103
9822
-42870
8875
-32908
-72607
-83231
-17753
10454
19935
10110
53548
-97063
-60426
-55909
28622
51293
-65322
69710
41848
-50396
13030
-83249
15439
-56027
81468
-7642
-65367
-29900
39273
-44742
-27111
63108
8748
48172
