162.468
943.051
387.207
5068.553
1890.291
279.984
858.076
980.864
183.355
424.788
5.031
1810.668
1805.502
445.123
242.428
244.806
5532.207
2236.523
3678.058
1804.507
2259.204
410.562
3011.553
14.592
66.046
227.270
741.906
475.669
655.000
1233.435
4364.759
1741.415
173.700
852.328
244.482
1306.228
264.539
5496.477
316.363
169.343
477.782
172.759
146.098
6803.432
3168.911
4451.095
1627.199
118.339
3310.831
3863.711
3.669
3067.489
3656.703
131.307
1197.325
113.313
755.990
21.718
389.474
267.278
398.934
2635.192
1871.256
3781.539
61.910
4659.429
2261.251
2397.450
153.785
196.564
775.739
67.942
218.508
1024.699
358.846
4080.834
2728.364
183.719
586.632
756.372
1010.122
1119.066
1576.109
725.519
2563.784
25.221
98.277
55.904
96.695
26.132
2788.705
14.938
301.299
5740.799
1956.562
289.000
1538.457
1015.368
4683.656
3979.693
2283.013
4545.672
678.811
2349.398
476.228
107.239
2.108
86.723
710.790
688.176
787.339
4007.303
2178.294
446.817
988.906
559.646
1745.436
59.046
892.709
36.228
398.632
25.041
260.585
1842.090
1175.808
908.895
942.263
661.981
1031.754
1109.546
175.955
712.644
12.362
1022.730
174.954
2093.935
2184.763
1383.643
260.925
353.027
100.643
576.621
644.191
3562.155
1071.191
1177.005
2553.354
167.786
229.834
3978.838
1470.322
1542.236
99.174
447.699
48.669
1423.125
1887.748
2914.567
1343.546
344.444
5693.193
772.599
1148.533
2665.225
1022.612
227.452
5368.568
599.925
2479.555
180.474
38.027
1126.603
253.781
479.684
204.643
867.230
806.186
587.118
1823.862
92.261
143.012
58.563
326.862
126.672
430.420
1118.284
313.592
177.252
2563.332
350.649
170.095
96.713
2581.486
5094.729
1626.077
3068.319
618.471
2830.946
3145.948
261.355
33.894
306.237
416.002
4505.889
183.060
551.119
733.826
6580.343
1917.978
1577.407
1321.062
912.118
1125.263
4970.254
1925.466
2763.819
2565.643
4879.470
15.022
2477.686
4351.553
7219.822
2092.657
792.298
130.858
567.802
209.722
639.611
226.982
3104.903
1496.474
2135.878
36.825
31.555
3572.557
1516.727
123.375
191.068
2003.296
903.219
2656.538
323.554
1859.496
88.617
6557.291
1254.434
1603.161
2331.259
475.574
2168.559
687.559
1709.068
1433.974
4663.933
437.810
4986.867
614.676
158.815
609.246
103.058
0.961
111.663
656.070
484.243
2981.776
113.856
34.874
999.087
1422.204
401.119
214.159
997.388
740.377
1726.879
3681.743
6084.532
1157.505
672.358
1746.203
655.077
2.359
30.239
3469.704
237.421
21.830
1426.967
139.846
2329.530
27.538
3149.589
4081.629
45.492
880.401
2301.157
763.241
1118.697
39.998
2055.014
461.840
1671.091
5285.839
365.111
340.653
170.626
146.628
41.802
241.877
2684.955
1448.102
4062.658
917.775
182.277
2975.001
651.324
124.288
292.202
356.870
5701.078
102.263
3658.488
0.009
439.774
41.282
324.990
332.847
883.759
316.636
267.786
3316.980
1692.676
47.033
135.953
2054.249
1372.322
414.459
721.223
611.288
8109.856
1622.152
4358.897
398.712
1372.573
247.805
3459.716
60.172
58.129
276.466
58.951
312.305
3214.840
110.220
2417.290
310.035
138.553
68.244
150.609
3651.223
81.716
3533.388
4.325
575.282
1382.980
3515.528
168.320
1678.426
896.668
241.589
1184.466
2668.633
527.803
68.746
345.077
4299.747
1714.421
93.424
538.353
3768.456
1212.174
54.970
330.460
1676.920
28.997
420.064
2125.236
574.551
3658.930
299.544
601.403
1828.002
327.900
975.002
1202.297
158.343
413.751
1685.948
613.301
7831.661
1318.205
819.610
301.759
2891.712
416.097
429.891
899.343
220.977
536.666
3046.796
1237.271
1257.881
1364.543
411.870
1034.302
3255.389
2926.291
167.256
3182.573
197.270
141.079
329.126
2450.692
1021.438
2777.438
221.294
153.552
2634.436
1345.536
2153.985
1909.082
946.962
225.360
90.880
344.724
1807.834
95.512
1271.270
4727.367
1325.794
1312.076
753.703
93.687
2693.937
21.874
290.922
496.880
2072.031
56.178
1973.655
6261.792
2557.483
240.579
857.761
512.157
4168.386
413.845
2789.674
1989.590
920.356
2721.161
17.722
4390.512
1437.583
6148.133
337.978
541.860
7859.649
586.627
2455.480
1155.796
932.732
178.045
264.549
80.028
3078.656
94.444
913.891
2376.580
1325.580
100.993
50.607
19.395
2382.766
915.403
1607.017
400.195
1459.062
2904.368
1761.050
2912.613
180.816
1245.358
728.189
65.865
965.696
1167.137
295.724
138.772
6333.995
88.968
98.847
1017.460
1.993
1969.722
209.685
4257.649
395.654
133.289
1377.148
4534.492
1023.083
685.315
55.864
2674.901
278.533
4381.331
1315.362
316.571
4472.501
160.211
63.577
2406.803
1300.557
193.046
4190.034
1412.247
533.727
2153.855
192.898
375.865
325.340
333.014
501.577
1842.162
1345.197
0.828
388.262
1007.334
483.681
4385.882
732.732
2291.716
3220.815
62.529
25.296
462.322
2110.586
2147.378
5108.355
2156.268
235.596
3705.753
6.373
3501.407
214.493
1397.914
1058.262
22.579
1414.093
448.857
124.005
362.717
1306.266
2793.073
222.631
1155.191
180.465
4545.471
2013.494
323.076
91.449
170.920
1303.655
30.368
3131.939
12.323
26.630
2681.601
560.159
122.457
390.946
887.539
2828.906
1628.095
524.918
51.286
778.600
1613.792
224.953
2172.692
2660.600
413.407
2068.299
63.716
59.777
939.748
7.265
5186.773
233.076
88.694
26.656
116.579
712.597
520.978
857.421
2.331
55.139
4191.112
266.807
620.773
575.758
78.087
1850.416
241.280
62.770
1716.790
3114.320
189.957
3.403
2593.957
1219.225
8287.911
1226.741
71.173
2801.396
445.090
2615.238
262.926
866.816
1059.633
296.336
1347.214
259.692
962.487
77.911
351.538
580.472
135.146
1875.112
542.978
166.831
110.177
1288.419
3.680
1652.307
4265.145
948.830
1285.064
2355.162
459.695
50.546
4103.016
276.053
629.333
519.160
592.237
3816.693
500.634
365.733
732.815
2320.497
1714.918
107.686
3014.580
2969.652
647.466
73.207
279.162
579.098
1196.490
982.928
1997.709
429.620
19.514
1122.761
798.003
2692.223
4543.284
415.561
459.641
97.494
3236.247
1798.188
416.576
2168.823
3087.506
2982.787
2387.138
1001.961
123.479
1677.722
7388.800
965.870
7244.499
131.819
72.773
42.587
35.217
3268.505
6070.846
460.263
1496.402
