0
1
2
3
4
5
6
7
8
9
10
11
12
13
14
15
16
17
18
19
20
21
22
23
24
25
26
27
28
29
30
31
32
33
34
-11473.816377427398
-26131.341583794376
-5300.730839560359
-441.26125573460564
-13526.95650440613
-66382.66902171448
-10105.04969061673
-16819.760221821343
-1241.6892040188368
-28572.96534340282
-6897.441177052049
-30582.036204997996
-26491.215113846705
-349.692570254307
-64054.83482466563
-19976.702094022952
-49454.552805066734
-19702.057471949654
-5268.330382993135
-34394.777799576084
-10994.107581717935
-3344.826022085495
-72151.02554694348
-5301.597411818504
-27138.112753628484
-33959.26288307684
-27385.227874093718
-41413.21995996123
-56383.83934209343
-9074.12934586653
-1872.9566668985674
-39912.701370267205
-64965.713795210715
-22620.447469805757
-2692.591194323076
