1794.073
1556.858
669.907
3904.380
852.434
4009.610
0.024
276.392
397.444
64.682
1868.285
832.656
956.588
4916.297
558.575
120.738
381.582
4997.722
82.147
1445.803
801.067
2374.968
1674.479
619.404
1804.384
188.899
1898.951
670.119
1455.518
407.608
3085.777
1775.537
52.007
47.364
417.029
792.361
486.617
175.041
2676.370
173.223
4760.194
2530.914
3608.523
1919.156
113.997
2796.504
690.696
1748.956
1605.903
4347.453
3459.419
224.289
1364.296
2254.887
302.910
422.988
1048.487
1150.972
180.674
111.929
4533.517
161.580
1483.682
6.224
1185.558
895.989
32.361
3.485
1925.286
253.138
