-27844
17976
-35437
81296
-15758
-58093
73919
63193
-1860
-97286
96395
38650
44153
48200
-31410
62183
10042
47279
91735
-65505
-58317
-95934
76633
80614
-30077
-81484
-23934
94676
31230
-25007
-91073
-28252
34752
-7711
-1585
-7895
20853
-42651
-16414
34542
35911
-9120
58009
-9638
-74338
50974
-63168
72858
50761
82962
40507
71990
6991
-19996
72043
77395
61316
-10613
64091
50160
9365
-29921
-18622
-55108
-89003
23497
57652
80859
-25799
-3718
77056
70670
-22294
39480
-62119
87741
76689
-8744
60826
11710
-24255
-45509
-36403
40147
76316
10411
-53788
59390
9162
-97084
47198
27785
-47568
-59106
-87412
34124
-53682
-28635
-50922
90434
56340
91806
-94347
-40837
27967
-17584
-28989
10104
-13977
-85003
-13365
-32397
7928
-94957
-18082
18043
-5959
-53926
80288
99100
40074
-53638
8700
35640
-25971
30641
42610
-43545
12072
39635
70780
44911
-28521
-18536
35943
-40251
90328
81730
-61927
27486
44552
33618
44753
-50677
79527
50987
-70659
-91690
89794
-91787
13008
10082
-5336
-34
1151
23977
91189
-88481
-44415
-84037
89439
65894
-26726
77327
50393
62789
97419
8144
-35467
55794
75903
-53844
98786
76200
54416
-33537
-7513
-42136
-30615
71632
-85542
27265
96379
35095
-83496
-97394
32613
64863
5829
-8135
22146
2604
77566
28395
-68934
75059
55986
-58756
-22320
-96671
-39769
65307
-98743
-66637
-56562
59401
63545
33510
-16902
45037
14701
66923
-81552
7883
-18255
-67381
-98149
-19764
45396
-14660
61302
99875
15457
22783
-5759
81383
14627
65675
96606
-16222
25037
85872
95432
-1578
-15909
-55425
12112
8727
-43753
-68458
6153
60007
-80840
61831
-8463
-52875
45094
-57209
-92577
18707
-20784
-98539
-56362
-9826
-36614
-87565
-24216
24886
-44080
59635
-56592
-19883
93778
-48808
51300
43703
-12622
-19225
23137
-70840
-70101
-66438
-84125
21349
-5361
-66004
72352
-23999
-82648
-4163
-78427
352
26566
-87722
-1886
-52678
-38766
-10601
46678
-10477
68847
-8047
-37751
-20136
-66096
80715
51580
-93197
-70761
97113
57636
82308
-75598
-1525
39057
-15125
-25493
-74051
-45778
-84543
24311
86328
-60898
-67300
65769
-84637
-66579
93148
-24364
5830
-90342
96231
50349
98422
-47472
6749
16355
-55132
-73066
-18568
77829
17600
-48889
26569
39953
-98092
-79483
22200
95843
23815
39352
-73169
27772
-23955
-60901
3175
92698
-82293
70581
53837
-76188
95150
43765
64747
-9286
-68549
-70515
52565
-81510
81928
-38405
-14659
-10999
-66362
-56284
-79774
3447
46093
52059
73870
73446
99372
40145
23553
-5603
28546
-73662
22764
-18074
77264
-37458
-99464
7114
-4967
-30605
24907
18546
90343
55804
-60274
-79318
-89024
53709
2731
66408
-69370
-88898
-64940
45161
44398
-11300
38212
-50660
11775
67205
-94162
-42958
65699
-24596
-46182
56367
-57723
-87222
86117
-66978
16151
9794
2816
4300
-3415
58519
48279
27300
-47842
40741
98917
-85128
38691
-65634
-11214
-50628
72471
13049
92073
11077
7023
-27864
9598
47225
51103
-35889
-64246
44631
56938
-22608
13470
19096
-46678
39887
-73146
48980
8250
28186
-98440
-12222
-9213
30564
-94658
12731
-26304
-16763
56620
-71986
5553
-85342
-59098
-86878
93560
36798
-38588
31064
34772
44371
-56957
84787
1871
-56599
16820
-5592
39781
-54648
-74524
-70163
57051
-25186
29953
-49305
20144
-71992
-56682
44034
-53100
13653
-45379
-22628
85388
-27505
42203
46675
54494
37910
35018
-18565
-69959
52450
-19497
88375
54868
-97691
39634
-14955
-5997
-12713
67264
-10051
-9611
-35485
-51836
-82781
97451
49331
-70491
-4504
20570
-83068
-78612
-82743
77525
-83508
88173
39581
81986
35566
83225
-13582
-10482
66532
-94767
87696
24328
-16368
49188
22836
-67
-71431
-49722
-94494
90344
81127
-5540
-6655
12311
-27145
-14305
66004
-33310
90831
57252
50311
-93789
31173
17436
-49839
-62579
-42765
-24865
98732
-62477
21527
-79147
60551
68839
35604
-20390
-88258
-7760
-23529
-44245
50828
-69966
-87250
90049
-83732
-97773
-78741
-12528
-50111
-337
-59095
5241
39807
-37886
56723
46760
-61044
9246
16768
-72541
-4755
2880
15841
95894
32506
55013
-96101
-5517
56423
32183
95050
-85280
-17998
-807
34675
-222
52537
2217
91933
-34786
79851
-14804
21378
-88929
13130
-33649
-22435
11756
33250
-61998
28216
-70088
98828
-20740
-49434
-98754
97583
-65282
60150
-79832
23274
-93989
-38684
83813
83912
-11641
-21840
80838
35376
88615
99573
-73565
38217
-38998
48188
-90971
-94237
-9777
-97079
20662
86976
-4811
-42715
-58349
25397
-85395
-68097
-35667
20508
65901
29206
-52189
-29453
79286
-26083
81284
65767
96412
-25273
-57453
93764
-21036
12726
86211
-6968
-4066
89916
9373
-22726
99710
-71886
-82121
-71346
60369
32823
-69618
59224
28258
82947
-24669
43398
-28105
-90588
67328
36570
69019
-88896
-81620
56604
30424
-84461
93150
-26108
-25188
-8073
98848
2638
-32916
-50046
-48419
52339
-32074
-33901
-92498
42220
-97483
-43085
66117
-16321
-49204
-69087
-55988
77702
80664
72790
33928
-5173
2190
34884
-8876
-75304
22680
-64801
84886
97599
-68463
3279
63946
-10014
-66399
-55216
-63395
55731
-98956
-24214
-62314
-68735
64024
-44132
69206
-9810
74460
88210
-17494
58382
264
-93172
46851
63311
33971
-75720
-93969
-16503
19380
-17191
-97877
97078
78832
78720
-44854
-89705
94553
-45992
-4773
27097
-97647
61322
-83820
94372
17247
32228
65473
98392
83280
-58012
-51007
-82132
35470
85545
14135
-88114
-586
63228
-83114
35335
-94302
46172
-10617
-2629
73408
-86088
-33267
-17924
71667
-55332
-59303
-23996
-99842
-79757
-41268
64555
-93691
66899
-8109
-93185
92585
-1490
32730
76148
46500
-42225
-37034
9239
42365
-29332
71165
843
-77530
57941
58546
80763
-10533
-49405
54443
23368
56811
52233
28169
32040
12766
77612
-37978
-69475
-80540
-34801
54676
28122
96172
-13002
12728
-73772
-56593
-26114
12406
73824
62412
72578
2726
49971
-86326
-19378
64225
-69852
17634
3359
-4811
64932
-77651
-45131
94584
-23052
-43864
-25945
36191
93599
-38424
-92355
59897
-79266
82883
76518
71886
-5709
-11891
-36223
-28704
-40210
-38025
17973
12838
-26436
41790
-74110
50157
-12191
-84996
69805
52356
92820
55185
-48930
66012
74236
48178
73621
-54436
-57800
-33016
80365
16018
-71806
-48972
-88696
83282
-65609
25120
82844
-37103
45719
90295
37408
-13453
73686
-92326
12835
-64998
-48750
-34361
26978
-60006
74251
36691
95089
-11565
61986
55950
-30806
-6031
15709
-46109
80714
-60432
-30569
-53380
-78585
-35905
-32738
-49295
-98251
39670
-31157
-35834
10418
66690
48732
-97208
32677
-37816
-30400
-44036
87268
66257
-15591
54128
40114
47822
-67500
-20171
-84722
-10129
65137
46605
-58709
61784
18766
66909
-30134
-50696
-24242
-9619
30055
78732
-80686
-48638
15697
-38685
58657
-39968
-90442
34438
-93026
-83343
-7228
-45660
11564
97233
19260
76195
-79707
68019
-46864
30357
-87140
68163
10851
-64579
25606
-59985
81807
12326
93692
46324
-65260
80813
-87098
-96927
48175
14310
33416
-44889
28660
-80646
30811
-36845
36173
-50330
41497
-70354
-29826
60546
-20165
-84570
-99978
75387
42781
3057
37994
91119
-29054
-5835
1941
-42734
-75278
89991
-62771
-89380
4181
-44845
-73051
79496
-3503
-98252
74223
-81208
-2508
61013
4937
23231
63745
83283
13366
80658
44062
-76326
85683
-21130
53124
-29322
18593
-73673
-96018
-98810
14531
-99134
-59965
-34711
82892
-64632
-9860
67886
-67175
-40322
1551
-23339
84736
47347
36846
22775
-49248
-38525
67976
33398
-22891
-89080
54797
49582
2067
58410
11982
25636
-37493
36284
97970
4446
47914
-35239
32974
-17630
-44472
39317
-98066
2981
-88800
-70040
15763
62607
-43552
-4130
-60523
-32752
-45297
48340
11970
87632
15859
-41356
65236
-98861
-70761
-28727
68963
46627
-52708
50131
-8207
-88264
19045
92883
-62315
38201
25049
-31761
90308
-37261
-26928
-7994
-43618
33013
-91094
80256
-11595
-65084
46148
-93044
-17469
73283
-81155
75352
-8959
-85697
-14498
56394
29336
-89155
-12575
-49546
-97845
11865
-55200
-57856
-63590
90384
-95619
91018
-27482
-177
-61951
-8712
59438
49028
-15798
64622
91753
-48485
13700
93307
-22180
-30311
-117
-62368
-39323
-91106
3130
-49971
35838
-11153
13347
25485
52321
52848
80938
-52173
-45325
20281
-11197
-55886
-56304
31872
48920
73603
87373
-91520
18614
-48406
-61647
-68385
-9926
48592
64309
-90731
75994
61672
12450
69105
-6118
-3176
-13431
-93592
-39521
1143
-68964
-75830
81084
-50410
36677
63120
-38797
-17691
-21128
-7066
-53926
-26803
1447
10836
-45862
-46893
78744
69562
-89552
-57243
35520
-12145
-19680
22684
11477
73420
10562
93198
-59051
20080
67272
-13846
25449
52417
-64406
93763
84047
-79228
28249
55082
99632
-55554
-43117
-81959
5133
-40255
74737
63527
78238
-67472
-52402
-7525
20179
77532
91460
-47518
84102
-96885
44103
-36109
-88513
-48922
38663
87067
-46095
-7035
-2513
1050
4931
-5708
85386
-9511
-75777
-63030
81669
810
-99607
-60119
90515
94683
-52176
28932
91762
-27415
-74081
65687
26032
-81876
48701
-43525
-70702
-57641
-32800
4271
44796
-86832
11688
-10227
-92544
53434
74161
-83914
6860
74332
-28540
-11835
14721
6264
85723
96076
52846
-1648
-28894
32488
39185
11395
-83716
-53705
41032
-56333
-61967
-8743
-86453
-39143
99728
-21183
-37387
13791
-93990
73829
-24395
-31401
-23607
90789
95742
-81215
6087
13827
-3289
55922
-18807
-39704
3365
-51999
15570
-1397
-20001
36483
17825
22350
60291
8728
73612
-51014
32046
95446
-21698
63827
61489
-8769
59466
53913
-90158
81326
-31547
98341
59737
30805
60778
-4463
-77231
-65647
-55403
29479
97785
79249
36897
95383
-53919
38971
41299
-56711
99214
23967
-28817
20622
-66517
64297
4961
-16312
42772
-16480
24110
6268
47988
12689
-43909
-37412
-57951
-3830
-65344
-56512
85222
27263
32267
-85865
96876
-44059
-43574
48683
-92253
50154
77129
95247
12761
87753
49634
75102
-79911
-9725
30087
-83021
900
46216
89730
53548
83208
-3776
-67194
-85504
63170
-22873
65149
67736
70323
-24572
-53712
72618
11085
45192
27181
3671
56060
21413
-64312
-76723
78196
43257
49462
-26154
43641
-91527
-9147
-74306
-34327
5791
-41096
-46764
-39229
91130
-98148
-85115
2623
79675
-66886
-62133
-58954
-27590
-2053
-32322
76878
69561
-82455
55948
-92106
-84356
-7946
68504
-49389
14112
70797
-55750
-23613
26230
-96753
97238
-92159
63470
-2017
-34951
-85326
81687
-85800
-82256
-90791
35526
3152
-82695
81292
-98226
32954
98668
-56423
-65794
-60686
-69526
81684
-76432
-91455
-96974
-64459
-55532
32325
-14430
35086
9792
40864
-66092
-32035
-24598
66924
-95498
41711
-73693
47549
68096
-36563
83661
1129
-95962
20042
-64193
-51960
64131
-1019
64107
-78581
-56284
-47912
334
-70310
36045
94973
-70851
62156
-27586
-51011
25171
37977
12181
-85948
70299
49991
88952
-85788
-50052
57840
97450
62485
-16323
-53705
29603
16519
60739
-72146
-75525
-46778
75486
-15446
47560
73676
39632
-36544
-73756
63571
97211
74207
-12112
33459
-37722
55373
87195
-51083
4669
-89321
54908
5032
-36599
-98322
-79506
5682
-95188
73584
-86121
5209
26346
55668
58570
-67356
2763
-13098
16832
1061
-9619
56212
72230
-37830
81465
66139
83067
98970
-19916
-32736
14022
30151
-8338
-58287
17733
-45196
24292
-29072
9416
-89787
-46827
84286
57728
-12430
74875
-27401
72882
83623
-64428
66945
-78300
-83576
27553
91242
66448
-63567
-65923
30329
-29539
-27350
76090
28265
13960
-75439
75111
-11173
6353
-2408
-26200
-71412
-66658
-56359
-38483
-97225
-30000
72695
38273
67385
53025
-72363
51156
47962
-49329
60163
-33998
-27926
-41673
77162
-38528
-74800
4836
20843
-40665
-50174
5304
-73130
89420
-62388
-33930
-11926
-32565
-12368
4409
-72552
73154
-64872
-78736
-72221
-90893
47091
8465
-58055
-64362
45933
-76283
95030
-29183
77078
-78366
-40565
88523
46892
-52296
16965
33602
42031
19297
-93502
94259
48304
79693
93001
-70299
-24320
-47103
22000
91763
-70317
-94157
-47434
-22499
29633
37594
-96750
-97562
76164
50274
-26942
-67021
-65338
-40641
-76004
96066
-23943
83766
51784
82834
23361
92124
27708
-32782
93357
-53311
73618
-87291
-39412
25476
-71770
64812
-591
10449
13011
-92839
-38730
17463
-83285
-34550
-707
34507
-59174
-81538
-65141
-11332
5218
4197
96782
80704
84933
-98807
-38502
-10512
44910
43743
-23821
-42473
32125
-63152
63244
58652
90364
-3881
99334
9749
-25702
-51158
-30576
-56873
25114
74870
-99496
36879
-70289
44186
-96364
-25393
-44327
-8257
46250
-16640
27514
14126
-58986
91918
23545
-36549
43176
-43478
16391
-68566
-14479
-49818
55538
-44146
1904
36222
36273
-21305
-18585
21826
79343
47197
57738
-76316
-64848
-35402
-90732
-79793
-77624
-64659
87120
-4015
46433
-84539
-99776
-68524
-24419
-88475
31305
-63848
60106
-94809
54817
-53651
73600
-19012
35113
87350
-35263
-3051
-76422
-2538
3883
-97883
-21904
-28867
-65757
92254
55313
7577
-72997
71037
5488
81163
-77310
33144
51905
-77160
7746
76056
-80203
41046
34364
32392
-71983
32925
41704
-72847
-79934
-51101
53740
-87541
-53329
-28499
2379
-98
-29839
17085
49785
-52219
-60014
33300
-83850
-94517
76204
-85746
-28594
74792
38070
-94159
-9204
-57540
65147
-4218
-74542
78695
-57538
1053
69509
253
3413
-15066
-40181
84466
98011
1835
-85771
-27881
-29103
-7266
-39893
15689
-30036
-26276
-19838
-88457
3919
31402
-86592
4669
8432
99354
-1887
5280
10222
87439
5079
-88806
-82623
-67533
83896
6725
69881
44250
64491
55173
-10278
37716
-31748
97194
-56926
-1796
14942
57261
-24648
102
-16315
-21697
-58637
-91738
74214
36376
-72760
-52048
83025
-69171
75145
68104
-24585
75861
77179
49590
87611
-81805
-95157
49301
14846
72412
-84756
17620
-78050
6583
-22634
-77945
61331
98530
-4892
-38227
28303
-56477
71752
-95828
26780
88298
-81899
73566
82697
-75531
-45223
-53973
54155
14833
71261
35750
47334
75035
-73503
96423
-27264
-36579
-57336
46446
-21364
-83299
62154
78559
49905
-2710
26950
57537
40415
23479
96524
-38455
44325
-74952
31317
28982
30483
49666
-54978
58572
-56605
-92400
12529
40205
-97107
62413
36125
16419
-26717
61535
-24295
78813
71466
89689
98223
-10297
28015
47200
33313
64014
-27071
-36648
-10973
-71963
-97121
-16295
-90082
73492
-56423
90012
-50948
9753
-84588
-34866
6890
82970
59257
-75014
-5733
78807
-26601
47765
-74671
21760
-12595
-38478
-9725
-3486
-19109
-7854
-94131
-19668
16876
72924
-77875
48161
79221
56234
19080
-21630
-921
-68692
44717
90997
-84132
47467
14836
-23523
-50705
12752
36603
8315
-98714
49331
-53196
-70349
-3954
92618
-6331
78810
-55933
85845
-84520
70354
10121
-31433
-73503
-72595
-12342
-85492
-12126
-44285
91071
85478
-23084
70213
14040
-5139
-81840
-58976
51810
-360
-49266
-63929
-41344
79428
-79459
9198
60091
38010
43849
54476
58756
-10261
9831
80971
3662
-25235
-86342
8645
-13825
38660
18673
-61229
-83412
-62276
52782
-11604
-24559
98701
-98559
-48001
-80210
5597
-71800
52048
58905
-46136
-28555
-22701
77351
-54196
-73654
-36077
-98882
87444
45192
56723
-21403
-14337
-67082
61724
-6511
4286
-66114
59511
11354
33011
-41243
53166
-47936
85578
47924
-61353
-26710
13500
82177
-99899
93656
68023
6905
-43311
12332
86475
-28879
8334
10425
-66810
63626
-53906
34446
76396
-94131
72684
-44283
-4251
-44952
57435
84880
-31896
95495
17866
-92860
-58846
-9728
-50804
27737
42873
-6800
87085
44683
-51661
78527
-51193
36788
-48579
71568
-89751
36583
-91654
-42446
-61
-17883
50624
45123
-45226
-80579
64045
-18729
-98495
-81016
99216
-73430
-20047
-63071
-88047
22822
-26278
-2536
-77569
-1194
-14353
-29693
57094
-71870
-47295
98196
30096
74774
-92856
20239
93613
-46892
33359
34100
93015
-63125
60950
-41324
44704
-31026
84924
-30989
84195
-92314
80073
-34735
78332
-40599
-73551
69351
-33575
-58884
16202
-88682
22114
-85837
85926
73245
-74733
-88386
10147
-68532
-51963
-65129
-78583
-31217
-63691
-64708
-79149
64688
65623
-60027
-13335
-66823
-46420
-48165
-78968
32295
-64312
86534
55608
26322
-37958
83279
78235
-817
-27747
56459
-46825
-28311
82640
38843
-95494
99638
4062
-74788
16604
-5369
-40986
81018
22113
86719
-88607
28425
-8301
-14560
49712
98128
-771
-11871
86787
51635
66287
88849
-94831
52220
46151
-38246
56067
-49196
-29808
5011
97590
93495
49291
-34833
-50745
-72107
18097
-10487
80081
13274
29901
28723
-20399
10979
-40888
-8317
-72757
-40199
-54955
-15604
50829
27277
-64217
13193
-65047
-92094
25465
86158
-29657
-54657
14015
70189
1726
-76601
91336
-63891
2429
-61254
22841
65082
-3099
36084
71188
-92227
-10713
-66661
-41420
19978
78353
-30328
-52261
81893
-53575
-26445
66658
-54544
52319
85467
13642
-90485
93135
65515
-23635
84617
-50766
34631
70669
-78889
-77930
-98486
-10301
-87549
-51903
55873
41770
58823
-45653
37080
22774
-47176
10253
4057
30792
-29281
-52311
-20669
2111
63098
87937
5937
-84850
66136
53272
34908
-81219
5333
-55661
55784
18035
-69791
7552
97616
2781
-63437
32733
66849
-35109
58977
-17498
22678
-58989
-41579
76065
56088
20745
-78923
-3229
88337
97476
-45726
-58840
23281
-59392
-24623
96263
96283
45884
26166
-73859
-27474
98544
51378
97576
-58140
90185
93350
-8059
77152
67130
-69532
10146
-75690
-20319
77833
30111
18390
-1292
34498
-214
51485
-75742
58869
-92913
-35382
-61835
7244
87193
82441
13914
-3825
-26485
-8118
57957
78572
28508
9218
20073
35898
34366
48292
-80123
-55317
-71332
7837
-6563
-22077
-42696
57466
-4485
-57182
33697
-22713
99630
62413
63261
39113
85218
-53540
-44135
66509
-12237
-825
-15095
26025
36540
-29973
-57367
26679
88983
56547
-76236
20391
91151
55425
82695
60558
-38800
-78085
-79485
-13119
-58021
-42739
-86881
-88937
25355
44731
96251
-14842
-34484
5617
84711
57251
15347
79809
83632
18661
-98245
44658
81901
-95802
-54439
33166
-21004
-38689
-15479
63449
-28946
-43110
63699
-24502
8497
90810
64210
55480
-57899
96619
-90960
-99897
-47053
54257
-92346
24765
99756
-44109
55651
21777
58449
-23596
-30079
-2637
57537
62349
-21064
-18716
-98326
-96091
60652
-60403
-81946
-61622
-13362
49793
-83706
65350
18414
87525
-65478
-99908
90922
-13710
-84176
-67061
56910
79634
-97487
-37165
84920
65939
27577
42384
22684
-72411
-94572
45292
69765
25262
64189
72092
19386
-75515
41066
33295
-61717
-96024
53996
-24955
68644
10572
-64147
-89062
-48910
30911
-9248
-55195
34360
23201
24617
-82894
-4231
-98108
19924
-36781
72353
-66690
25669
-29892
-88085
-41846
82111
-22988
88301
56051
-20712
-16767
-67624
-87927
-15487
-65231
11989
21949
-38727
56925
72211
-22440
70177
-97041
74469
-75770
-44210
-64791
-55743
29662
-67130
-56965
7106
-60117
69611
48498
-94550
14026
-96659
-73145
-45200
-3494
-15991
-71566
88303
-91756
-26557
22086
96998
25715
26389
-7008
-55579
90673
-67830
-432
-25526
69915
-81058
-14294
37047
57439
38841
87215
-38314
8440
66922
-73737
-74842
-72492
-91024
50443
-78619
-3614
87544
-97938
-5752
47780
-20346
84246
76329
64733
-81410
65847
2384
-63993
-15125
-7408
83607
-54452
68695
20822
63178
65767
-96070
-51800
-99971
-10838
-95602
-79082
85032
61384
-81838
-91410
59843
-66597
-55222
15391
-92620
61339
32647
64291
-39795
-66806
88211
-99249
-17886
93813
-82639
-56442
87144
56700
-23343
61900
-67348
-30630
-51902
-67582
9418
11124
-76656
-56186
72757
-98780
-70152
99702
-41425
88769
52648
-24832
-50195
-95727
-4186
-82162
40817
82787
-13847
17709
17813
-28413
87290
44434
-16426
12538
70693
45594
-71135
-17968
-14796
-38521
-97474
-59814
14969
5206
90768
-11523
42332
-62426
47842
-20360
-30838
44732
55832
18502
-19131
11705
-79358
45667
-93232
27142
73321
-38327
76094
96530
43571
-15772
-7070
59298
-49330
-85002
-32227
83662
-13793
8924
75805
-88166
8537
-3759
71622
96639
79182
-65833
53048
47690
66234
61174
31513
36615
32167
-17870
-90774
-49808
-35808
26415
8702
-30315
-53815
-66709
63178
19370
-88935
94057
16846
-21501
12118
60
-97217
60728
-93380
9290
-57721
-807
-74878
1816
-70795
62353
-21411
-75214
48958
65758
-35505
54007
60552
33179
18612
63140
-91438
75606
63649
-78752
19692
-60354
55774
66014
72152
89928
89074
4239
21897
-69078
94616
22064
63055
-21223
-40915
9807
41806
56510
-1923
68588
-62771
96804
49307
-60790
-39261
63545
-59033
-9353
96709
-6962
23556
49645
93456
17292
-47502
-64645
85451
43603
-68000
81382
84969
-37523
19432
-98311
-29546
-82216
-86707
7249
-2890
56414
-28693
70107
52668
-18139
95752
-51968
55048
-40595
10850
-94007
79959
41619
-68174
-39466
-41900
81678
-51184
-14732
25666
-80471
45415
16656
-25984
-81974
72969
-17363
-36627
52558
-48209
25152
-84509
65579
-73408
54682
-34513
-44696
23334
3577
88109
-78078
11545
-39631
-72641
-77133
-32908
-70003
68417
-33309
37315
73353
78565
-75032
-90306
7633
22610
-56437
94326
-9964
52145
53926
-32199
-39332
-12396
69120
51220
-85323
-25301
98126
66124
-79677
84167
-16332
-21341
-83017
-62929
1632
-22447
-87739
26318
27967
77740
62177
73828
46600
31296
-71619
59447
55027
-12865
56454
-25511
46224
-62285
-18035
-71764
67469
49317
-60779
90947
81849
-31722
52661
-20772
-15446
-52450
36757
-8746
21836
-72788
34630
-94736
73104
68044
-93780
32018
-29961
-80296
-30618
-56514
81619
-21262
85443
29108
55032
-8513
66938
43730
-11446
-36920
-31439
15046
-91827
-88019
47794
-31733
-54959
-12887
77075
-40251
39817
-81362
59683
-72309
78536
-3785
31083
-8840
95162
-51865
-56745
-41319
71962
-89154
3593
-66507
-12842
52152
43391
-79534
28660
16157
-3940
10620
-45207
-26866
-4335
34292
-94288
-61968
64682
-58129
79520
-80541
-96866
-17438
-52535
74744
-61364
-90491
-33268
95293
-15389
29352
-3860
-22643
51257
14905
24420
-52700
69802
-31287
-66387
-51855
48366
81917
-5674
48126
-53281
8391
-53626
79872
6021
-37940
-65157
-59727
-23307
-38307
88572
96075
71816
58127
-13441
51334
92552
-17189
-45217
-56110
-37490
38032
-34414
-97774
-19789
-54490
-59454
15854
-12468
-48606
-61463
23365
28931
47027
34498
-1460
43677
5248
84706
24780
-22323
12379
80500
81654
58680
62173
-59780
16486
72722
-52870
91215
685
-17068
-73752
75800
34896
85213
79932
82095
4933
32342
71491
-92127
76866
91328
-99663
93548
21751
-29581
95691
-70376
-59877
-52608
88822
50964
-20058
-48990
54106
39756
18090
-34566
20567
-55508
-99124
-33094
-58139
97428
87084
-89421
46433
82773
77797
98425
-31868
27663
70074
-5113
-34382
25039
93615
-53514
70968
-86175
60330
80970
-8429
-2974
-21240
-63421
-4069
14997
92792
-82044
72756
37396
-86134
55773
95298
50514
-75861
-30127
47748
77225
45554
-66425
59294
19459
-72413
15429
-45388
31910
-91725
-44217
-17707
-5915
-85893
-71589
-6082
-69502
34609
43259
81855
94022
-86821
62761
49676
3887
-36383
-83384
63142
-43608
-39761
99727
-24661
65182
-18550
56671
25769
-69331
69652
34084
83233
65876
-76572
52138
-27019
-42288
80374
-98304
-1248
-20468
57027
-80667
72674
77545
16939
53650
38486
55150
35638
98715
-86398
-16138
10285
-95983
-29150
58439
-48924
3863
-55394
902
35149
-46195
-89018
55106
90911
-65429
36026
20404
-57640
-77791
73349
-84022
55867
58290
59074
72978
-7388
4688
-62161
-99771
-60788
98289
14414
-29716
21102
-46564
-24541
92013
8031
-13733
63665
-16413
-84524
-13326
-22967
98589
-59809
12166
-13227
51742
32747
92665
58613
16841
-92200
-52829
19863
92004
26954
-48467
-52520
44283
-36641
-23682
93361
-54379
-48213
-39930
30704
33700
-60683
47572
-80795
47801
-26207
25128
-49307
-99001
91254
-24696
-24842
55921
84257
85945
77380
-39247
21538
-92648
52721
54472
-33790
-25798
-8583
15841
21415
-3340
478
-59732
17237
86665
-15231
-98269
-39764
13771
26141
-42552
-71793
-10050
45096
78751
-69416
7163
-59649
-10713
-77104
-90966
-79694
-78906
94837
25028
-32579
25953
-30068
51321
-85564
-42498
79999
-61652
-29240
99478
-3394
-85493
59477
96606
45567
75183
-24306
-41589
-40175
33070
35190
92427
38176
3491
-81863
69847
-94271
-32214
46697
-22507
14822
84863
8074
-29896
99045
21213
-43153
-46683
-22283
-16762
-18778
-23647
-56897
79120
23121
88315
-56705
-40376
-46743
-36284
-16887
-93531
3626
66661
59959
98980
-90449
-73071
-37680
-84871
-53803
-94342
-27771
-30849
-10055
-38616
-9629
-57880
-34412
21060
75749
-83287
51691
61612
-3788
68972
99185
46941
39891
94064
-45000
20194
-97770
-96199
34552
6625
-18116
94251
-72361
67717
-32661
-57670
66593
-17782
66991
-96136
63121
-3504
93853
-1535
84084
-20961
55182
-18313
-42285
-31029
81686
77462
-61267
77844
62362
-59888
24000
-83236
-26685
69935
71856
-93336
31407
-35714
84596
54011
-11807
-4023
59653
-40778
40620
-55306
73729
89456
92967
39138
-79582
67154
-49888
7541
24324
94319
-26071
51042
-47613
74518
-44990
24884
53525
-67566
1697
50402
87793
83525
23208
66966
-62764
72114
70474
11593
26824
14652
68547
41607
85688
-44887
65896
42192
-64916
69374
-68305
29355
-54483
-99520
-23752
65502
6944
-77647
72924
-71739
44946
88854
-93440
37505
-45188
-80335
-28478
97828
20279
44845
86002
-15570
-8368
-44978
-17529
-87882
-3745
38796
85276
-36507
-95868
42120
-5293
69575
94147
-43654
-51214
32896
23419
-36575
-9280
97361
-69601
91911
-69888
-33687
43836
-77529
-57617
49731
6152
-41855
50193
59965
39654
-7952
-6904
20114
2943
66428
18200
-97120
-19183
82758
32155
24955
-93635
36866
80491
-39852
82657
31487
-93306
-81201
31356
-66038
74380
-22590
-45427
70455
-34719
78136
-68777
-58640
93118
-16836
73519
-404
-61511
11310
-67074
17227
97440
-70674
-26825
-52293
1568
-91114
19924
-19121
-61713
-54896
59998
-58211
46525
74739
-51625
33864
-98824
55976
-90362
-15692
62780
-87219
695
23247
31440
53267
47734
-72144
20566
-77260
-82138
17502
-98950
-61256
51724
-20347
-40577
53008
-9023
-81361
37345
46072
-96571
63185
-67773
89373
-26144
-26639
96742
-26359
-32945
-69884
37634
-23447
-17925
82621
-54133
-416
98903
-13946
-50191
17496
35044
80507
70496
32837
13985
-77455
57119
78601
311
1090
18082
96872
-35088
7051
-90341
83673
-48137
-99220
16134
-41843
67582
-51913
-97557
26768
22736
2233
-97102
-95385
42420
99386
-16171
-94335
-94766
-66576
-70422
-39873
-49868
98992
-44478
26342
88094
-92875
47826
-1950
73232
60121
-15146
89814
93936
-91465
-12172
-88598
42252
75329
67384
9967
71045
-87469
-77668
-95545
-4643
-9673
-62295
43366
-85814
-11759
-88569
92127
17446
10992
-83018
-95969
83383
-87281
-10700
-78515
79770
-18817
20668
-14204
-73799
-22010
79575
97812
-22992
48469
31150
-95892
-49233
46751
10303
-25442
55408
-98341
-4152
34965
33964
-1480
29657
-70385
6025
52571
-65498
-49220
99023
9016
-79449
85172
-34190
-65531
-83409
-12268
14259
66331
-25678
-81611
-24582
-60264
66914
-91566
-46411
-59806
66629
80693
21774
-45948
20948
-25221
62567
75726
60573
-31365
-47651
22134
-40517
-83635
-66552
-73371
-55996
14637
90828
13004
82580
-91168
70045
17575
18393
77737
-74927
-30471
-3097
70875
-48152
-65159
-87779
-87833
-73588
-73226
50821
40758
-1381
-90159
9029
-93724
55528
14168
56781
-25902
55556
87998
-19821
-69487
63421
67423
-76257
-28482
70824
8424
96627
-46802
-22869
99365
-80342
-82631
-91763
67329
-10744
14287
7747
-38543
-57017
48061
73175
-78575
55003
79286
45721
-3744
21737
45667
-51774
38232
40206
43006
-58198
-65317
-40891
12748
59299
-25594
53440
-1757
68824
9943
97535
-74939
-68825
82270
-21298
-84400
15688
-62268
-43035
30313
-73621
52731
-24957
-92096
54913
-9196
-26461
-90089
88199
-79246
13239
-35494
17614
-99310
52840
35131
-82879
71610
47407
-9901
2036
43808
28973
-92308
4374
50132
-62461
-50145
46500
-87449
44355
-7409
-91911
68702
-3518
81841
8586
-83740
-98136
-8092
68185
86653
71816
-15423
-60608
57232
-71766
28012
-52710
-193
24945
-27055
-15776
-37383
-14794
17858
-2720
36186
-6960
56021
-25671
-99825
-63914
-35240
-35087
70742
-46405
-80120
21416
-45915
66758
-6242
-50919
86728
20005
-20418
-28583
62695
7935
38286
2831
1493
-90496
-40444
57043
2533
89031
5720
-14817
98710
-29634
38483
-50366
-36272
-99858
-95394
24131
74729
-78518
56853
39231
15131
-7485
-43172
-48858
-88011
-74750
-77495
-61693
69354
32939
15163
86192
97520
45875
14071
2267
-32886
71194
29796
-17693
-52294
31796
68696
-50430
35926
45677
-29111
47535
72838
30567
76561
43871
-39555
-73898
8585
-28094
-47989
99848
19666
37163
-69582
85577
-49688
-57329
-96676
-89358
-35815
77989
-68089
45583
-98752
76011
21166
-74519
-47072
769
61418
-90914
-58531
-52642
10579
-33203
1400
58004
-56054
-62737
24587
41286
-39981
-58253
-72802
4804
-51260
57383
72059
-38015
-12305
99649
31847
12908
-2478
-89643
-98118
49540
27873
-63205
55061
-90272
83150
-83954
-44734
-78574
74138
65371
-27160
-75853
-60870
-20494
-32028
94749
52065
97035
93832
93719
63782
-56633
-56468
80799
25501
9592
-38966
47152
-89379
-86581
20989
75437
-95219
-33495
-46409
25006
89256
59799
25009
24803
-97001
-56021
-77477
56919
-93538
-72500
84720
19791
36170
-88748
65742
82427
-10081
25110
1270
16336
19833
-27351
90818
-91711
-1092
-64001
-38797
57006
-20646
-2278
86487
40208
95618
97481
23138
53652
-57883
-22925
-58059
-46698
-73426
96687
65867
94323
-81080
6792
39182
-42545
-11030
-42654
-70062
-95255
-40250
13139
-92289
-13710
31259
13782
-93235
28314
-72873
-59370
-93417
-15307
-64246
-14677
-78825
-95778
6167
-6203
26798
88268
-80210
-44827
22166
-9819
-24679
-23986
-75547
27213
-29909
-77043
2525
75227
29464
15435
-52511
349
-50600
89560
-28133
12176
-77833
66999
-88368
26052
19529
95828
-80311
-4594
91859
81471
51639
77358
86182
61167
-13144
-14213
89999
-94957
-75776
-23119
-13797
-87
66601
-34556
-26982
9720
36758
-71645
23290
-90381
32907
-24155
97340
-28598
24646
25694
-73531
8706
67993
-70573
98234
-90919
-46529
-68053
16916
3858
-56161
42678
-76057
87443
80257
26367
-40746
-72465
40158
-25338
-69972
-96874
-70685
9083
-63886
-54971
-82958
-60276
37864
90945
22439
-7012
-11113
70208
54517
-74049
-71957
-61192
28079
18528
-66526
-26466
7763
1163
49763
-37020
70338
-84963
-12609
77348
96035
5581
97054
5574
-33807
-28810
-27970
-13595
89726
-81817
-59671
33581
-33379
60968
86356
-18474
31072
-96149
21182
-12769
-53011
85777
-96169
-19283
47377
63411
-69081
-95262
6639
-35951
33699
-6835
-39509
-26776
-35471
-13663
46923
55955
-61845
9952
96253
-79320
-80555
91560
-51302
-69053
61038
95674
-25320
-90989
78198
-9203
95082
35223
-86116
-75267
37075
-10872
35567
72071
-4925
60420
-50606
10444
-46354
90143
9657
-22688
-3284
-17155
-89811
-57466
-10951
-35636
53761
111
76143
62030
-20484
-11205
37903
-86064
72306
-49108
-55288
-40650
-11018
33499
-83042
-61902
-32343
75165
2481
80235
-81021
-91716
-60769
60125
-72537
33196
20290
-61034
29209
82274
59412
65868
28044
-44883
94492
-53472
46675
-63811
-66552
-30535
26691
-39265
-64613
92473
75480
99799
61189
-88190
20513
21258
-56647
80211
41269
67380
-10947
42826
-49007
29558
-79333
-85048
-11604
-9680
-42590
50497
77635
-50001
-72110
69053
-99697
89555
79693
-12668
78098
99456
-4444
-71493
-52350
29196
82148
59508
48855
-44955
47703
-92185
-51536
15836
67662
-38610
-95951
-10236
17794
-83000
-20431
27147
71509
12114
-67686
-36075
53223
-64920
-86311
-49628
-98678
89183
92888
77595
-54177
-33004
18740
-11654
14867
36949
-66861
88728
79188
-42243
-83442
43805
-51562
-16233
27281
65688
-35374
35761
66143
2023
49782
-36547
13794
-71048
62388
52409
78169
-75436
7907
-50185
-81124
13905
-16783
85725
76977
462
-45980
99599
52357
78096
76583
-19266
-86313
54128
75331
-43240
22874
89390
-8250
-77265
53795
26968
80262
55033
-83181
78963
51139
-40373
-70261
13118
-98248
-44236
-2363
-36570
1507
-50545
-54312
68309
-72312
-81001
-5526
83157
52285
42152
47576
-13399
-10971
36847
-36685
76838
77374
-42501
-83337
65887
-30406
-41086
44596
88156
-26974
84432
32329
38376
-7867
78950
-58222
-73683
99064
-51471
48318
34969
41001
20103
96637
62573
-19847
-32174
48653
-59952
-2657
1732
15494
2710
-38182
21405
-55260
60600
93869
-5512
-62571
-21886
-52277
2048
67451
-99553
500
-58547
40725
-82063
-28279
-81892
14650
26960
47109
-18041
26689
70291
23013
3985
-67265
-8080
-87422
-18899
-67865
-93309
-9882
-98663
2441
-38175
54890
3500
32910
-10790
88746
35440
-20492
52847
82354
99684
98494
97532
68419
-89104
-15846
25544
60802
-40541
-59616
-27023
73890
17232
-50975
37375
-5596
-85527
-71480
-77541
73351
-53953
49347
-78739
38976
-49689
-17660
12
20831
-65653
-43218
-32633
1710
4014
53958
36957
-91698
21025
88329
39933
-15218
-32078
31087
38391
-36619
1332
-24744
60752
-69985
-98630
-76474
-8854
47501
-70251
-11366
-57590
-55656
-81396
-21361
-82012
-56198
-78815
9520
13541
74316
-47950
-85875
66188
78382
36585
-40596
38817
-29608
58170
-56442
42615
30465
-16970
24286
95429
99721
64385
-90233
-33293
-8481
99609
83830
-98050
-84451
71227
92662
-10916
-44736
95903
67200
-22363
-99913
79131
40729
44909
15500
-47648
16311
10217
-68669
-68984
18715
57407
49261
46079
-71399
70772
92428
-46132
-62881
25028
-66201
-40356
96278
-90806
-59075
-94226
74057
-63984
-45101
51399
-63559
50309
25360
-56300
-83715
15847
-22859
-10585
-28893
31119
-12607
-20744
-80998
-71884
-44031
-13906
95318
-68821
24215
-18529
31160
43970
58359
-25730
-11120
-65118
-76639
31926
-26897
-20656
-91662
-28588
-93918
-21919
-37076
-97042
86239
-79278
-67325
63885
-17407
22318
-72289
-33605
-55755
-34330
-28918
75980
75231
10807
-28934
-39136
-26717
45097
82232
-38052
34233
-78020
-50969
-28019
41668
-61863
48392
-63850
-10310
14476
7182
-36231
50125
-3743
-99679
-8198
75860
-17731
83637
41780
62230
-10431
-19532
-52955
-26962
-29836
4049
93292
-46034
98411
51351
-89826
-61320
-91736
-69826
-96303
13457
-27203
48718
74589
33459
83589
8775
39205
-64743
-6694
73075
-23877
37346
-17121
72953
-99391
-26104
-50699
30404
62054
79756
-99073
3455
14410
-47307
88747
-25128
-91079
33996
43830
64481
92626
-15228
-6462
-98569
-5034
-36047
-48992
-68753
22665
32236
20744
59573
25743
-34055
-87121
-55073
-2289
20085
-26992
72158
6179
-60360
-44430
-36867
-64627
74872
-83376
30128
6554
21026
41878
20251
-68842
-31272
32498
-50050
-58497
-75350
-3777
8666
-66354
-75919
-332
-98573
-45060
14348
71591
-51000
-62437
-11735
17324
-64848
69856
67291
18140
68391
55422
93373
85672
39210
88290
-62991
-82231
-69333
79292
-19847
65071
10149
5550
-41982
10183
-51164
-38884
-29823
-19799
-70249
-71725
-63601
32945
81869
-95171
99407
28682
-14381
-37103
48444
-55798
-59591
94116
-20357
66383
-70952
-13381
66869
-25898
18377
-90961
-96735
40624
-94287
91961
-20059
31870
53033
-78225
-47447
-81151
-18579
-14811
-79945
15311
-13875
-78752
-54611
88938
-66033
11641
98052
48335
21283
93307
-86271
50140
-34128
53288
46457
38584
49920
1310
-54775
-2341
42427
-56290
66480
-99496
-48638
-39356
-74556
29242
58297
-43090
72300
-33203
-52531
51625
-84091
40274
-81021
-55728
-3358
93965
16145
11618
-99851
-91748
87338
39791
34437
-7556
-73574
32834
97157
-432
56900
40022
-67501
-17711
58629
-19884
-31796
-6355
20029
4992
66579
-83825
-19864
32267
59708
59727
84702
-91441
-68354
90969
-65853
20682
-64912
94936
76478
-14124
-8988
7300
81208
-57170
-79371
-72624
-47840
-4842
-57193
-21872
95538
64965
32922
-52203
-95130
29568
70108
-14238
-35092
-75481
-20982
23563
-82559
60116
-4890
-22600
-43822
83872
-59100
43674
-83261
-90339
2314
29953
38675
84991
-18814
35833
71211
-15272
92250
-82061
74376
-91149
-86487
5678
-41224
59789
-24157
37668
55824
5646
33541
46004
-3076
34316
-40893
10539
69563
-56902
42891
-57993
-76324
20002
36995
-17974
-10699
45369
13973
-54885
-96658
-28612
92458
-464
-9145
23999
-92226
-63110
-75985
77415
39924
-68115
75761
-29346
15802
-287
-36764
-89922
76612
-92765
29420
93631
43526
-90169
-13058
-21082
76308
37156
-64988
-93607
98684
-90291
12683
63954
10716
-55755
84993
-95915
-47972
99729
-24134
-12754
-4903
-95852
81646
10302
-27886
-16667
-3542
-91877
-81059
1204
52793
25757
98418
-47381
55942
-11627
33515
-40848
25677
41930
-46803
33642
-10781
-17756
-77750
-45872
63904
-3296
42603
-34779
25733
-3909
-87913
19246
-61862
61881
-2886
-51057
24336
27392
65637
73212
-41256
13577
-97627
-49619
6295
11471
89382
-61324
-4393
-93109
92644
-59030
-50671
-59015
48938
45749
43470
74075
11746
20018
-43406
84269
-18886
43008
17958
-79392
-66783
-92341
-50837
-66796
93770
-45582
77139
-79362
-69038
83479
-49847
94923
-33180
-43586
-4412
36842
-33582
77526
-40827
-78068
69607
-53483
4160
1845
81554
-96689
-11751
-43180
-4891
-94600
76414
-83716
30443
-17641
41249
-92976
93236
-70091
3439
98012
87233
81162
6192
40704
-66965
-61489
20269
38574
71774
-53087
47985
-52006
38990
25877
72795
57728
44091
-26268
95564
96652
-94243
-55192
70098
-71693
68967
74625
93866
80261
10450
42261
-33061
-65323
60371
-82376
-81273
2167
46549
95788
-70294
-70073
-83746
-22246
86446
89299
14711
-50908
-49953
75445
-82904
-4365
80566
40037
-29952
43917
63335
-95226
-56722
-13067
-65311
77132
-64700
-80160
-98983
-34974
-25386
-54228
-22764
-34428
55196
-83257
-51349
52516
-99996
20629
-48713
768
54065
-92515
5180
-5372
70695
-48051
21555
61365
52418
-52486
-83688
-13421
-80068
48016
16665
74521
10870
96706
295
-79419
43640
57969
51153
58476
49175
54287
-35855
-27829
-2067
-48121
31694
-36223
-30337
74540
-38705
-40582
-71028
2864
92753
30330
45887
48832
-1505
-10969
-8253
52503
-37001
-46119
-11500
-79642
-8240
3078
-97708
-56760
-54493
-13597
-33266
80063
-43840
60183
79288
-83397
20769
29098
23264
-51434
-84594
-59695
86016
98889
13741
91242
-30494
18328
85231
-95080
11545
36192
-41129
-67510
89727
-4051
2909
82070
81132
1046
-55148
15685
-55147
7503
-7801
-58744
-9302
-95285
-50335
73850
-95377
97941
75585
9234
-61234
98239
26318
26834
-24236
-28577
96016
72043
-1722
74192
-37980
-13679
-69804
-86645
-39929
-23496
-83229
-82807
54675
-92380
-28058
-46112
44432
-79577
-17933
51427
79999
-34796
-34125
-73791
46132
2991
17568
-29862
-24528
-36029
-7061
72490
-97987
40781
-5125
-38675
-6476
-69575
52151
79244
-96033
-11183
59925
-20026
19626
58049
-70047
-19306
-94333
-79739
-12987
-6575
-93050
22061
79716
5778
95994
54646
-36560
-503
70130
-25326
30115
-46904
-33982
-39668
-25400
85229
90488
-60699
-6938
-41163
98250
-7422
-78
18638
-42360
33625
73940
96117
11304
-5168
-93333
-52479
-22218
-6555
-89732
-35158
40040
67510
26936
6226
-87985
50519
-94663
19630
-71423
44462
-8821
65123
63856
-42245
-21517
21548
26746
-6165
-19749
-25042
-68088
934
92067
-94713
43561
-7106
37623
-25438
22505
86583
11394
30609
27497
46301
-77545
-72788
-87756
88935
81905
-40428
16372
-84423
-46454
-79606
41631
-20572
70595
-52648
-31656
-29923
-12921
-1874
90262
24724
98904
99995
34068
-96064
94085
-69997
-5990
-98351
17598
83796
77233
-9667
18916
-45680
-75084
68099
-8816
-34492
-66384
67338
-39524
-47989
73898
-17256
-76038
21813
-48395
-93759
25793
-69717
-13598
59756
-96711
68003
72242
34994
-96559
92848
48622
9919
-12783
61216
-91856
19002
63870
85386
77692
-21995
-12231
-55318
7001
89202
95815
61119
-75885
55146
-36486
98695
16293
-82656
34597
98066
-41916
-71998
-22687
13648
-69561
27237
34167
-96168
1459
-32385
-52938
-91697
62191
6007
94392
-63909
-18748
-50355
-19119
-94246
-85164
58141
-94431
23346
-10566
59767
64066
82367
85221
35486
-95098
-7274
-83527
94391
-75484
-11915
-29498
-94380
66967
14748
-49760
24628
-5328
10588
96806
82773
39042
96035
-21122
77479
18647
89314
82854
-49299
11649
-70420
47252
-50042
18619
14227
-28500
64443
2298
44816
91950
-7690
51878
40813
-17358
-13533
23608
45318
-75716
-44254
-31797
-76866
-17613
-17770
79761
-99739
54463
78766
22521
-59954
45979
91814
-8548
-55905
89133
-44173
-25873
-6418
-58563
-11942
96454
49748
-36403
60507
95486
-47006
88999
-95162
-95490
-47801
-81068
10685
-97708
29744
87229
-80315
32379
-22055
75479
68453
-1135
4138
-59275
-41947
38345
-35078
53767
7529
-61364
-69759
86565
-81076
11635
54578
34661
-59761
27692
-50986
27461
40349
-55631
-46311
-68937
-12038
90771
69106
36723
65113
5492
82151
47552
-16354
67679
-23551
98739
88177
79812
8140
-18009
-72206
-23177
48239
-85223
-51081
57332
8924
27300
-64660
5449
-63337
69793
13015
50234
-22932
11723
76054
45018
-55530
-17824
-54695
45580
41454
-1026
-81975
86403
-30650
-48330
58781
-27841
63944
-73399
-39867
52743
96247
-18028
37799
42281
26347
-55366
43121
-61295
-45539
-83349
26778
84187
90470
-87760
-1349
-11848
61659
19214
-35528
44601
-70522
-54316
-47675
47905
38190
60575
-34082
39596
-71095
84123
65089
-31747
23045
-22201
-60185
19306
-35724
4873
-67386
66826
-10723
98787
-37968
75213
26308
133
-5616
-69278
-53671
-26767
61017
-83711
-32196
38072
-69593
-91496
96829
-54775
-89687
-50145
-83288
2863
3913
-12813
-36800
-94407
-33471
-73432
15743
36122
-28583
-28447
-75730
22498
88465
64105
-90426
-84867
-75670
-41099
47494
-74871
-58182
94454
-48913
60529
21344
-21241
-1122
-87459
-712
97256
90629
-41343
-99062
-8759
-29639
71943
-29725
-98934
-79763
-38362
-85192
55364
-75503
54910
-85005
10056
58100
-18128
80060
90044
2643
53728
59408
-67214
-10739
-25970
14994
-55297
-11584
14324
47132
-85906
4462
37277
54312
54381
-72227
-5142
-42192
-40912
-53209
-96640
-47239
77069
-58502
50184
1451
43292
65356
99132
42070
75296
27014
-20042
-94451
-34553
95222
9546
-2556
50850
87280
34274
-59439
-34561
-80604
-49351
-9234
26641
28132
60010
-46074
-16664
61282
-21244
76590
-37893
-99950
5694
-95896
62730
4573
66404
-95616
86726
72442
-77531
-69126
-50978
-29475
-3508
-11228
-38905
90217
31691
74524
-29169
-23766
2418
85597
-25168
-80399
33451
60026
-92917
-24253
-38925
10927
53083
-93947
-47944
-38949
1560
-3247
-52188
-37167
52764
-58219
72500
-67314
-21125
9641
-63024
-28333
-82641
-20707
7058
-75817
-72351
-98333
40649
-34455
48737
68220
-97012
2651
-72615
60160
37415
78270
40050
-22393
49282
-11929
-75369
9486
52763
40512
-42204
-33775
-57390
52709
-31861
-53678
-80820
10242
9138
14861
57931
11162
-69383
-79543
58004
-69089
-66911
-74153
83596
98068
-48265
-84120
-37345
75342
49694
-20219
-98676
-5075
67346
-90020
40666
95143
-81454
-97004
-70248
-56655
-82146
-60811
-13097
-40637
45599
-28459
-17260
-20529
-33125
73077
26957
41543
-16068
-24777
-36201
-69222
-6428
-99463
-54557
92442
29535
-57359
-40162
23022
-33653
-13703
33148
-7714
-28809
-85304
-62381
16460
-1779
30122
-24578
-64538
-4964
-4129
-40820
26177
-89010
93106
-80602
-70742
-5232
26364
-56570
-88953
21479
-9158
-32808
43485
-44969
46569
-65608
23669
80432
10931
7595
-45437
57128
-47226
-70079
-89944
-62198
-81775
548
60330
-77620
-36578
-62863
-6874
-2943
-26616
87350
-49396
-73239
69762
-38714
66779
-84825
-3417
77526
14441
35345
44267
16654
91903
-24613
-44682
-81440
-40622
57584
11568
-70313
-60168
-46358
-30844
-87789
-37933
-46772
66803
82381
-57323
-16761
-36828
-6330
53932
-25125
94004
-52711
47644
95289
65545
3664
-9886
-50905
-17616
97750
-42823
98830
70447
-78670
19297
-77429
-97553
75127
-93163
84246
-32861
-11587
83795
-29499
67791
27034
-42864
82046
-44506
-5356
39326
83526
17396
31096
30427
75897
-52895
87648
-79825
87231
23246
89633
38896
42951
23317
-13829
-9312
77485
-54509
-2444
-74226
-38486
19251
46563
-32966
5066
-23415
430
57128
38765
61735
-19422
55939
89661
-15762
25204
51298
-57348
-89151
-38836
83070
-10480
37724
47482
-8166
51714
-22101
7148
53676
-62331
-2035
-82145
96971
41911
-74412
-44771
8109
61118
37456
-28361
-83920
-33740
67079
45860
-57893
84440
51521
-60796
-80012
-66567
-90172
21966
16090
-60651
-78975
55662
63243
17143
46241
68464
29756
-38359
35075
40074
76312
-42336
79055
-31252
-46856
26685
-95412
25704
44656
-39770
-17516
-79614
-37727
-23338
57398
78785
73939
-15412
73460
-97154
50168
-31886
95370
-83384
-94641
-20154
-43232
-84860
-68222
-27597
12486
52326
34988
-47899
-16569
26577
-68960
-71726
-44546
-71134
33916
26865
-33974
6832
97986
-97300
82332
97193
-58937
-85745
24711
36054
80950
18455
30009
26996
-69654
70722
23406
32988
-86726
-66220
-7972
-17028
47594
-62028
-95243
83115
73342
95550
-80022
50134
15710
-95889
93540
-89308
-18782
-41422
-33737
-30353
6535
-62610
-94821
50817
78317
22793
-45710
13018
-68615
-52092
47896
42574
72556
-39559
-95091
-63556
-60257
-29979
8639
26733
96118
27355
-28225
63160
-27526
-46639
13829
-51055
57797
13025
85281
4692
-57936
22777
21262
94901
43062
-71773
49906
96617
-2884
-20540
-86885
40856
52779
-69996
-22333
-94730
18499
-39025
-40440
71709
19159
-23487
-41788
-77926
6289
-51590
-14138
-35048
-52068
-25451
-10938
-88520
98658
96025
-39531
94713
75990
-23705
-88937
69512
-35041
79110
-38902
20293
18133
-69724
5370
-96801
-74758
-17646
58178
-45176
-7091
39091
90702
-76753
87607
-20989
-19264
62193
-96329
12460
84448
-60220
39516
-74823
-46069
4241
-10332
45598
87330
6314
18913
-1036
70360
-14188
96382
-82536
-11984
-78417
-71854
-30222
30953
-2883
50287
-31768
-18310
-49873
21609
-13150
55367
-23015
19482
96382
-95830
-62065
-73909
-43346
-62597
-89981
89409
70501
75944
87859
77433
44858
-10864
-52635
-84674
-55882
60042
-75880
59749
-40339
-55988
-25753
-75954
-7914
-97817
-36277
-60984
89335
-30296
81406
-20193
-23829
-28488
-6314
6719
-28680
-21912
49028
88811
4809
9985
-37410
53837
-99466
50716
-9934
74436
-20637
-77306
34652
53981
-80701
-93139
42952
-35266
-39335
-95113
-29076
-59305
73166
-84863
-75454
-34922
3199
-73211
62717
-54440
-95918
73264
-84925
67776
-80536
2521
33473
-69015
8749
-82960
-32427
63202
-10517
-9778
59521
99592
-14439
5466
13470
84334
-54983
-45621
-17155
-40453
-35004
55307
94060
-98748
51076
46621
-52979
57458
-32180
-267
-62599
-74692
-5396
-20209
94432
-91886
13351
38513
-87396
-33038
33951
90275
6360
-81982
69661
25590
-70354
89791
-12209
5493
-20709
-89784
87743
54460
15930
92418
569
-38571
-9390
5167
-46752
58116
20435
-47412
98717
77621
36549
-28319
-91921
61828
81074
12338
78370
11847
66835
83149
-80147
18610
57979
96382
-36294
-75138
-35661
-76271
67381
-14566
59340
-58113
6948
27694
-77129
43290
19638
83971
93861
13340
53115
45839
10155
-94878
-843
-97657
19442
-62845
-67152
831
-31570
-80480
2637
-64192
37697
95022
88956
-92435
43916
52427
-67928
-72112
-3821
68409
6287
-61413
-4697
77931
98197
81454
28020
-30906
-72815
-98534
-41333
-94826
-9699
53237
28571
78325
-79918
-97609
-15556
50826
-27845
91347
82117
-79186
-99757
85563
-35506
3325
-99970
-52238
33195
3460
72144
58490
32369
-87871
93428
-3151
45035
-99348
22102
63184
-71145
18634
-17977
-52366
-58468
62814
-95918
68441
-67838
-73268
8369
30658
-52280
-11284
-33926
-23104
-29092
70155
1402
-61139
-41661
-21850
-92782
-76360
68194
-28519
84162
3903
17238
51799
-88449
93308
94353
-33811
17713
46323
47284
55079
73790
-74564
64000
52672
-17871
43165
-465
-29130
-63444
-16067
-37534
80267
20669
-49806
-24304
-90063
-37420
6025
-64688
41482
96577
-74380
-15456
-41825
48920
-63458
16801
61516
-79778
-69790
77655
82924
11949
-44006
-81648
8393
74463
-18848
-11205
-40644
-6658
66771
9708
28255
72785
-89766
69733
-91281
6614
-83072
86219
77495
22049
-5800
3789
-50706
-18413
21916
76217
-36501
17560
-90616
95320
99583
26816
-67478
1451
-91357
-89978
16708
-83933
-8155
-11455
-74307
10026
74047
-34085
-87104
-10695
-6411
-50765
3635
10802
-36445
-61137
4140
-85219
18167
-75979
34168
-45139
40965
8831
49593
-46884
-21833
84673
-53758
-27648
-31464
34305
-70557
7429
94545
94778
73842
-20029
56218
5704
-23029
88915
-98488
-3683
39145
76636
43085
46981
-3693
-57635
-41193
-22324
-26506
82582
60823
34639
5499
-10208
-37231
-38972
71193
78375
-84540
-85284
111
65835
27429
24197
-7948
51383
88001
-75745
20570
-3176
-96751
-86948
-7517
-88031
29008
-72007
-8048
-66590
-35569
-25496
93170
-20258
54306
-10115
-29423
45803
-51095
-190
38291
-7749
92984
-78377
-2945
99754
-20333
30063
43531
-75014
54031
-46760
-96149
-43841
44626
28379
-5333
-16241
51678
98397
-63875
-85658
52079
-85773
89235
69705
-64058
-74659
-27443
-77676
-61749
58392
-92126
-44795
9313
43018
767
-3887
71092
-4456
79074
17526
46027
-95001
-67119
-67815
40363
-43578
3789
-62924
81776
66674
8762
-90227
-63176
70218
-56123
30758
-52997
-75076
82987
-37246
-4003
-18388
56432
-41773
-20222
387
-39767
-81149
-39119
-1074
97130
-30457
12933
68989
530
-85311
66113
55330
-47078
-80760
88095
-85140
50824
-90220
21606
56769
49673
4276
58847
97253
-3261
26415
11712
-24579
76964
-71678
-28034
64992
-32650
4670
-76122
16017
-44983
69493
75645
36828
-68809
-53375
35922
-64383
46483
-9261
-49213
-68137
-78268
26100
-18361
-39457
14706
-72066
73013
-61558
-83882
-31872
-34360
-50932
12802
17424
71097
-18499
-34528
-37184
23880
69840
41355
6478
19639
19421
-28529
-74447
78728
96318
-30807
73768
-88023
88756
66213
-2664
98490
62296
-84127
13939
-6683
76479
-8744
-2653
-87353
18812
74441
-64091
-27153
-80548
-57812
86808
72202
-46451
-67762
-89196
-65072
-62223
-81321
-9432
-98979
-88171
33666
-57288
-64506
-15063
31876
-18007
15072
-31424
21500
-25718
-57889
90432
6616
-69838
-24263
84333
-8674
-52431
-72111
-87986
80424
-44592
72980
93434
21988
84182
-38496
-986
14682
88194
-17296
67034
-57591
80537
-10450
-2331
74557
20729
-43204
70184
-67033
-28070
17648
-78061
7393
-21644
-69955
-54391
-93381
-90708
-66085
11159
57710
-8721
-53623
-44932
-83647
-92009
-36884
78936
41368
32159
-37373
7847
-2848
-24549
55574
-16528
-66673
37040
-83071
42477
-39435
-27892
-57298
-10872
23348
-85912
-64721
-45054
-25533
-44985
45443
-1113
-70504
-62327
52404
-49494
54684
-84899
43674
44995
-47413
44916
-98058
62219
-15732
-80838
-94282
85894
-76980
-76107
-52504
-97622
-58836
-49081
-45810
78206
69621
37834
58609
23703
-48745
-53538
73974
44640
-23703
-32468
-65305
67596
74358
87930
744
-69216
-22866
-97134
76121
21718
-14186
-23820
-48432
95271
-79209
38272
-85178
45186
16728
-16314
-26449
12918
1718
-30725
84122
-62657
85713
-62997
-92295
34728
4891
-18904
69663
35755
51713
-79289
28503
50217
39558
48093
4407
35844
38461
-13013
-47692
-80022
40928
10346
50912
-44422
85556
-17458
73786
-44092
44631
-90155
-5618
1535
55292
40515
-34696
-14395
46824
19863
-43341
87929
67646
56290
-26537
60203
-10537
-62276
-58104
27201
57183
-15126
-4833
25706
77787
-55661
6905
73388
91510
13481
-26072
9749
84922
37724
-75878
76454
-76721
49419
99454
32936
-11418
-25624
-18673
13174
-70351
-39554
25818
-89129
-52258
83235
28973
7583
-19526
-20675
23119
68113
277
-78945
37881
1892
-44185
-65518
-7844
66183
-24244
53682
-65214
-84513
-54938
-93046
-82464
68849
18173
55910
52955
-93267
50998
-18910
-71731
2809
-30065
-74520
-4779
25952
15365
-58093
-39862
36882
52480
15494
-91979
-80880
81370
-48047
-26770
76996
-22397
77691
80603
10753
94314
54175
6436
-11187
-93157
41046
87614
10423
-8905
-63482
-83014
18383
-92181
-65642
79002
19200
-31625
42290
3862
-96815
60023
-83021
27017
-99896
-34556
-37199
-81344
-66427
55757
-6921
-80827
57787
-32165
-87443
-97619
79857
44469
-51439
58957
-57046
88145
-32041
41745
-98806
-54359
1267
-8145
65086
74656
69554
-3168
49117
10387
14735
71773
-20113
-32173
-64284
-6905
-65443
60521
51922
44236
49957
51738
55550
-23767
67909
24792
14382
73039
12895
85160
26883
47399
19981
1914
39098
-39997
46009
2422
-69799
-99089
70087
-13646
36036
-92220
-23635
1076
-47485
66441
-59402
1860
6349
-44591
64210
97193
75450
-27690
35906
-46906
28836
-91811
-29548
77671
88464
-71511
91456
-68718
84091
79833
20276
19482
-90784
-99286
-94402
-39263
-39778
44592
-17052
-3866
-37946
93173
-35449
36150
63537
21389
-17121
-54901
-37231
82656
-45171
-34931
58709
7105
16418
25532
-52688
-61060
75404
77096
-72828
-28178
-16522
69011
-67606
-42253
-33082
-23541
47079
22311
54482
-26510
-49688
-81665
-25451
49427
52855
-54490
83226
53613
24696
99051
48823
-77061
-4227
23854
83458
16540
-70679
-17243
-45726
-95852
2887
-50880
8706
-26984
-97010
92641
65495
45798
-22245
-38225
-84055
-57631
96550
-86459
69164
70126
66210
-65227
42406
-82271
88208
-12852
-36838
68527
-96623
-54389
-74516
-2988
-96536
48137
34286
-14901
72571
-51486
-90324
31215
94875
-38654
46680
-30643
-63030
-63418
44245
91862
-99136
-88795
-84407
-45532
61247
-64242
-45267
4807
54017
-56590
95409
24965
-74776
30741
55071
-22669
65032
36802
-37995
-83235
-98820
-41297
-28068
-68258
81070
-49292
-13437
38481
98192
-97267
330
50638
-39069
86382
7758
81842
-4376
-91765
-83204
99310
-33852
-65056
-8457
34058
51900
41950
24500
79361
-25178
-4554
-15528
-80509
5545
-15206
45143
18199
48420
-96188
-51884
14065
21919
-92047
95984
-22902
65078
-96263
-66598
-33586
-72781
-44403
-24237
-56912
75075
-86888
47893
-82292
68389
-32780
-58347
34879
1485
919
-8322
50155
-62364
69164
12384
99733
20823
65901
-7510
-66155
90767
-1657
-44984
69135
-5362
-41987
-88225
45926
97698
-93685
-95359
23077
41905
59888
80892
-36364
-96813
-96330
-54100
-73974
-81644
85568
53896
78430
30426
69846
-41454
12881
-80457
-83835
-55240
-16830
-42997
48940
8673
-53644
14887
77826
32889
23696
83890
9562
52384
-51998
-62925
-92967
-80631
1354
-76109
27557
54588
63577
-83818
68526
-97855
76663
20578
91026
64044
-81578
34016
55236
82828
-43327
21054
3103
-26450
-80740
21125
34578
-61385
-66617
43994
23133
13212
-69568
10182
-1446
41396
12523
-59777
-86103
31017
68749
51585
-23162
-47274
60901
-83397
47046
-1973
46364
-73826
25794
-25557
52376
-18527
-63339
-77533
-27062
13574
57150
-23816
9632
-21268
96539
-46330
85800
-68988
-33827
64062
-91270
70289
-26730
35750
-59785
36629
78918
-11807
11727
-16409
55412
-66166
-91169
-83868
-48183
16071
3439
26685
32520
32236
20165
-7592
-3999
65716
66892
17930
-39510
57012
13757
-48113
2844
45569
-47401
48652
59839
67567
-38866
-41422
-46929
90891
35509
6978
6935
-2084
1614
-19937
11620
-70769
90620
18325
97565
26731
68221
21740
-32907
89702
86897
-45146
-57442
-69569
-66071
46000
-87418
29587
67477
-95911
-82670
27479
66189
2380
89337
42675
32949
94328
-476
19288
-64394
12892
-34994
91567
20471
-13023
48662
999
-14142
-64181
-52123
-77273
7591
-16194
86933
-91583
19445
-11632
14199
29393
-86661
93465
42474
-78065
60701
-80261
-82169
-99679
38931
72196
-91711
93158
12859
-84547
69076
57222
35603
-49673
65744
85501
-90955
-9048
-29503
-92135
24299
57059
25991
-9620
-2732
-1542
41926
78944
-60343
-52828
28576
65591
-37290
28594
-9071
-98645
25603
-39842
-3274
63895
15527
-63787
-48433
-72956
-40466
-79442
51380
21506
49252
88760
-59679
-17609
61954
88023
-24205
91342
-23620
-32929
76524
90087
22285
-53658
-44249
34935
41303
78897
82926
40226
3553
-86351
57339
-12211
73299
-74072
-84408
-45045
-79555
45886
-14202
-66064
-17317
75125
-57400
-27914
70608
94536
-45847
-48056
-56612
-747
6430
28477
81926
-25169
69334
-75367
-29662
-31805
-61859
-16542
33768
-2263
-35245
-31508
20462
-62362
-26300
60396
-80917
33594
85803
90749
-70754
59226
2282
55534
-78431
-15606
33024
13665
32300
39669
-61127
-3222
-65868
50842
-88515
37183
98693
-93967
-46667
22497
81496
40112
-59151
-25526
29731
-54809
-52744
-94546
50223
-73363
-57640
-20724
26348
51095
12899
-41049
-74576
-99368
9381
97114
80482
-96166
56714
-41025
19756
10546
-96868
91799
52377
-49254
646
-80564
-33621
-12618
-66303
-10602
-89672
70885
-62370
30360
-35127
-89147
19573
9957
-46390
89528
18184
36698
29223
47952
66204
-47163
-11789
62885
81479
80257
-68336
97893
2522
-80001
-60952
6895
92053
-19594
46765
-15779
-45239
-39303
-78966
75025
82292
21132
-85726
-91459
-54949
-36594
-44083
12403
29720
93446
-43907
46760
-11617
-5986
-7339
41602
-6693
-40292
58912
66358
85696
-4091
-87985
-73442
-50848
-77852
94546
-70822
35961
-24869
81087
-50827
74853
-27361
-15481
-77280
58838
26051
-77110
64339
2649
-87263
15966
99577
7395
-50159
77771
-37894
-35584
26506
69602
-82460
67095
68004
76465
-73091
27353
91194
74799
-99961
-25505
-94704
-78897
-35628
-14441
-86954
-84788
69864
92878
-34173
-55644
19732
51284
10602
6213
-48019
76644
90534
47293
-53306
-14832
-45850
-69041
63534
-97577
74501
62200
70375
44561
-69857
-8235
-78107
7153
97187
-34204
-34030
-17709
10773
-60482
-27926
64021
-25705
12966
-25605
94494
78429
99928
-83220
-29899
47219
-87175
31026
-55172
-14855
-34820
-83194
-39594
90519
16632
-66463
-79687
151
-47861
-91944
47238
-97060
8942
-81635
-11904
63018
16309
68900
87448
-83075
-84717
73810
82430
99764
-93272
-22327
5944
-43234
65570
-56241
-5811
1013
-83534
84062
57839
40585
8937
48719
-67287
73779
-33943
66902
-50417
72302
51290
43342
17474
17029
-52591
-20707
24196
-97061
-44138
-56838
-4322
-40729
-14822
65468
51767
-70208
82522
27108
-97201
-81951
18975
35472
75926
-36255
92449
-98856
7367
76605
87882
94824
9739
-20217
51106
6125
-68982
-47060
60386
65054
-12144
15603
-21819
28881
11776
-85269
-85805
-45766
-68323
37331
45684
-83857
23277
29165
-62493
-89834
65641
-65667
6894
4578
-12041
-41515
-16874
61866
6060
-69
39828
-49517
97462
-86925
34236
-62466
-81352
-81138
-87901
-563
-81738
22235
51965
-25081
55549
-77410
-78638
45905
65816
82155
-41406
-60549
-70750
-21708
-43693
-91398
13238
-32258
43155
-1996
6162
-29297
59572
34122
51116
93883
-23029
-59731
71335
86794
23130
7776
50229
-6071
47988
-57326
-43147
73335
92034
-56726
-35265
-82612
-61669
67913
42746
78680
39360
66644
55246
53599
-20027
85418
46616
58281
45711
-10207
18851
-87272
-18419
-93545
-42415
79618
75812
-76585
82941
36124
89519
26581
49718
48479
81590
75519
91084
84047
15473
-35726
-35464
37678
116
10576
91855
-58126
96657
-4626
-16584
-3223
60975
80262
-50147
5179
-83726
-98160
68441
-55169
-99618
84551
80086
67265
-32175
95029
8622
91985
-96207
75684
-69178
-39208
43801
-80248
10565
-77320
21635
14274
-68062
64644
81454
46412
18690
53963
43405
35813
18261
81178
92595
13261
-62750
-99510
55559
-15098
96385
-4094
-48546
27673
76890
-79370
-79734
-5958
-6457
-45891
-31164
51526
37498
-43601
67562
-61076
-82995
78239
-1566
35546
-83358
19086
95865
814
20415
17841
43641
76933
62673
-80710
47550
89635
92133
6254
-68329
83583
-72851
-42946
-62746
-35267
3509
-38244
25890
-65192
-97907
26899
86224
58867
-4464
53091
-69100
-52581
-12924
87471
-42390
84232
42713
5472
37548
-5439
-82813
-10378
-57456
88114
19443
-88673
-2699
94396
5484
44214
-44237
72690
27607
92789
91606
85676
6843
86400
-66850
88654
55491
85220
61596
46708
30380
87588
33409
5562
57826
-83125
-95444
83745
10328
-52023
12719
-46802
18857
52240
5594
88750
69913
-32626
-86721
52531
-64985
-35199
22408
66061
87310
-54858
87811
486
98279
69612
75383
26761
70957
-4536
91241
-41075
-97148
-58530
-36408
-47237
-14207
-40464
-96771
12454
69829
34557
-21541
58327
10019
71685
-22211
13097
31174
68847
-85843
-96466
48755
-99862
96763
44703
-20137
95042
30475
-94995
25507
54838
-72130
-58822
10473
-61539
6869
72582
-32004
-78400
-43029
-99628
50428
50488
-70887
-64555
66479
68650
-7268
-58594
-1528
-43610
86184
59011
-55816
-23893
8910
-60933
74757
47597
6896
-23177
24565
84627
-74645
-35588
57644
-28306
141
-74122
-95062
-64198
85395
5495
-37217
-66386
-87989
42990
22123
55793
75523
-66886
-46676
-89888
78854
12393
77669
63422
-55222
7336
-79869
70976
28751
-81785
-32622
81275
79463
56809
-26858
-90136
-83800
-38543
-69450
51537
47586
-46793
91503
71803
77090
-27516
38615
12724
-26326
-54628
-34851
-47361
-77544
4783
85313
80219
-99692
4608
80000
-85562
-2953
88675
99288
33080
65679
-81908
-46289
-41249
-60359
-38566
51646
7741
-32882
86610
75347
-52068
-6329
46539
-73958
-2883
87518
-87808
55571
64790
-79885
-17098
-48081
-19046
23687
34437
61510
97892
-16512
-71004
21321
72525
-68305
23431
85125
-14575
4174
-75626
-61818
-59322
62210
-44021
-75277
-67039
17898
84573
78300
-17768
48118
42815
-34821
-76739
36116
