244.333
242.025
503.341
3179.336
2303.370
441.031
997.605
2702.001
2362.865
269.376
798.920
561.460
5378.876
2587.552
639.403
174.357
192.956
3798.167
405.918
757.134
3482.540
762.434
4133.015
2122.839
44.593
422.836
10.410
113.571
774.377
813.591
243.703
1742.321
1972.556
1907.731
1214.186
109.789
2981.540
2536.476
954.104
1274.635
2025.192
4131.665
2345.475
4161.381
2382.834
608.707
1879.527
62.628
2616.619
69.646
376.282
413.126
1849.418
2541.256
4629.211
408.513
2083.189
600.697
3381.744
1138.361
1209.199
713.737
14.625
71.048
688.537
289.468
317.204
315.672
686.657
2228.311
1000.147
2520.590
197.789
310.813
998.144
848.283
4946.826
2523.860
1729.322
590.657
69.265
573.005
133.349
81.320
994.414
75.975
212.319
166.899
418.024
74.783
303.592
680.792
840.822
2877.124
44.836
1685.379
1054.072
69.821
2181.295
59.369
296.429
304.468
352.669
291.570
1450.903
122.579
3012.105
555.265
571.424
2766.614
331.688
4904.136
191.448
1484.774
403.790
130.880
516.826
6871.823
1960.221
4800.521
1590.417
6998.803
1059.377
1140.636
1185.188
277.888
321.553
314.238
2892.492
340.723
639.412
964.081
34.541
494.688
274.393
360.999
1362.785
56.130
2234.684
5298.139
233.408
1573.435
174.001
413.432
506.265
3917.639
822.387
3084.621
4897.482
306.926
103.017
5953.773
948.862
468.595
38.187
844.700
2466.648
5107.257
3.461
2465.377
1675.066
65.368
282.368
1122.154
776.219
1789.209
635.999
200.576
281.384
3787.074
77.405
23.936
377.338
400.709
719.032
2016.433
50.334
1058.242
1444.389
832.201
1620.061
1191.712
119.503
178.926
803.610
1623.613
2300.828
355.899
651.097
4625.417
1392.084
5663.566
1555.135
1099.682
1125.577
570.780
13.922
2774.221
68.761
64.618
319.320
1806.497
24.414
279.601
792.485
2125.853
102.112
1380.753
1067.919
5190.745
1224.362
3078.330
579.063
3872.513
240.898
390.718
946.290
1445.236
113.018
25.716
1056.848
1970.135
1222.332
666.680
2010.211
209.463
695.707
577.891
701.353
101.379
2784.300
104.248
573.478
2667.829
1849.768
10.494
131.945
735.517
3864.582
93.944
1706.610
162.580
20.223
372.208
11.360
3023.548
654.038
1315.947
111.314
16.952
1934.991
498.221
110.768
3071.890
916.345
1378.390
511.851
2607.574
746.402
1841.853
2274.167
866.943
483.250
2945.608
2748.861
2114.436
1.037
968.208
804.517
280.125
12.417
285.444
1420.196
651.896
1400.049
1399.313
1234.987
1452.455
1612.827
213.509
877.771
32.743
79.217
3295.807
206.190
403.135
496.069
388.922
516.903
456.190
204.686
128.055
787.142
3875.700
15.001
58.257
4319.797
3.071
994.242
1676.952
1863.221
5783.655
605.191
7.710
29.605
291.043
710.627
1365.097
7313.992
2926.830
211.598
64.853
124.904
1257.623
4177.234
50.553
34.542
26.175
2101.190
38.180
19.668
622.042
55.118
1543.102
223.299
1211.457
2139.488
2751.078
219.407
18.135
213.410
260.491
2.880
198.612
1332.785
1053.479
6664.166
536.634
1321.717
2990.986
465.725
1266.765
635.089
2521.957
1057.858
3150.974
170.186
7.712
519.269
649.946
88.553
530.694
732.979
420.852
367.085
2170.717
187.657
260.894
1173.943
178.665
3017.021
2786.414
2837.012
588.410
2889.634
1260.744
2184.712
733.636
647.629
401.025
5718.076
119.334
496.221
326.033
612.565
156.285
1437.704
380.931
50.962
860.126
1385.859
1535.880
4259.869
5532.013
385.579
19.930
21.843
2794.756
777.213
5.975
326.414
7.346
331.316
589.462
75.837
126.250
91.918
350.619
558.529
2387.390
3646.824
875.512
536.848
38.327
68.932
552.151
645.750
111.371
585.326
26.397
183.957
1585.641
369.560
442.275
144.840
5017.646
173.663
473.988
1522.225
130.164
107.532
169.532
416.912
74.434
46.621
91.606
3388.465
1319.498
230.950
1356.152
2006.956
46.696
131.353
1194.267
1410.975
786.320
3312.402
83.053
31.782
386.770
3509.610
2326.790
1712.376
3524.665
30.000
1868.593
12.980
198.434
1715.859
4148.280
2461.923
634.044
3574.353
428.396
2047.566
35.670
265.925
1321.066
4354.511
166.135
39.447
2429.351
1225.695
2075.753
1612.392
342.971
175.645
141.716
516.658
280.935
442.308
1131.349
97.401
2490.925
218.424
1736.404
1437.949
1221.017
296.380
26.003
3375.367
273.697
2387.447
421.961
1156.754
1358.347
156.077
360.660
5227.269
133.079
1.259
688.139
12.548
221.857
378.361
1943.801
841.933
4683.653
693.960
584.884
12.689
115.389
33.490
683.561
1041.606
94.354
667.099
122.722
336.493
1473.723
703.996
1694.736
153.491
4037.489
138.651
23.414
13.345
5.297
334.092
14.836
2838.452
70.877
2906.242
290.018
2.471
1052.903
529.545
336.576
26.691
1703.817
625.020
481.694
71.229
497.389
114.620
164.282
926.804
1340.168
489.966
975.228
1126.883
2590.439
217.570
26.265
3973.775
3916.072
1097.006
2931.289
47.022
4539.102
127.653
3776.950
1605.212
576.446
82.383
102.754
3586.527
652.968
100.621
3894.175
349.388
136.961
796.032
1805.074
1256.894
227.868
34.873
32.306
2985.994
1167.921
2.656
271.640
3180.785
56.521
2749.976
384.388
401.581
1033.992
1.409
260.536
21.153
112.890
212.772
26.804
117.998
2737.671
157.864
515.191
98.764
3396.556
126.355
258.896
1643.776
2809.050
1658.695
722.792
77.441
27.153
1822.233
418.235
954.179
298.089
281.480
4979.156
962.156
42.445
1071.396
541.159
145.407
1238.262
2113.483
551.985
984.877
6712.379
282.565
222.207
195.270
897.756
878.521
2305.061
102.513
7.921
881.329
2207.790
453.988
195.321
756.067
4007.554
613.704
12.325
2302.796
667.293
283.846
4825.546
914.375
2073.025
4.868
64.530
1967.449
2258.139
38.712
1146.531
253.241
2488.295
219.116
341.824
860.007
104.674
266.463
253.348
72.497
1637.889
864.029
560.086
97.746
4524.872
1977.153
1812.039
2946.141
4.101
1399.642
671.198
45.484
3991.334
240.029
3082.024
155.476
5339.037
2899.875
1176.513
171.858
442.486
125.038
103.250
211.415
2192.696
1493.833
1479.240
120.101
8796.672
431.861
18.897
554.292
1014.136
1349.739
2228.252
964.031
334.088
536.830
3327.103
687.250
1164.245
1076.700
121.424
362.722
1504.378
621.146
36.789
148.443
1395.175
5774.767
143.580
170.671
520.299
4172.131
23.925
3070.877
2475.069
3855.891
944.954
593.219
3934.895
1329.718
2655.406
3048.488
152.912
1262.458
39.410
1005.208
5564.632
250.108
13.256
1003.604
763.222
1511.358
1852.888
414.944
656.790
534.834
474.513
213.966
1.326
676.077
1064.105
1074.441
19.073
88.848
140.340
1665.599
6876.264
3636.909
1.751
1247.147
579.555
1312.216
842.421
5623.702
5307.870
989.775
1012.039
5460.472
827.175
2145.802
856.901
1684.589
95.223
0.647
161.692
56.250
1892.847
611.402
815.078
35.894
542.196
304.776
441.474
174.949
366.395
1719.894
315.941
5823.463
158.498
1562.034
1258.004
617.761
151.171
690.080
889.429
3283.207
971.050
1776.209
3581.657
1733.127
235.840
1185.637
1109.714
1297.013
3150.843
106.384
68.948
290.408
783.294
62.488
260.648
1206.626
4519.169
2866.826
2721.948
3782.385
1057.705
4545.484
62.620
913.842
305.158
2088.923
2750.171
6771.570
2445.219
12.205
165.065
104.348
1361.665
305.150
490.363
1618.973
1177.794
1292.982
562.371
1774.033
1009.745
518.084
3011.726
439.231
811.152
36.739
490.878
598.033
772.720
6111.783
21.515
741.972
2133.118
18.337
941.902
1515.724
21.245
696.167
55.045
889.354
185.729
2046.083
139.344
416.208
206.303
279.684
22.098
1616.922
560.786
6914.832
1929.739
4754.460
1662.530
132.848
139.957
1150.582
5952.583
51.623
3739.351
158.380
2472.808
155.286
648.696
383.559
151.651
362.649
819.501
444.342
341.650
601.723
4410.815
450.116
362.923
110.326
414.128
594.447
1511.070
662.373
3901.326
7.914
3898.132
3606.681
838.997
2112.665
1031.920
865.061
735.568
2953.818
3200.489
3449.428
59.174
3388.663
196.834
143.661
135.123
5146.886
1303.111
922.496
655.912
153.625
688.878
1234.377
774.452
715.851
687.864
109.670
2555.159
118.766
212.771
84.423
19.026
302.843
1853.864
404.068
627.322
164.844
223.906
2074.492
1489.888
1681.619
2609.507
1572.723
145.047
2151.638
218.673
49.009
1015.111
84.470
355.274
1947.427
2375.578
1854.981
257.168
10.500
959.371
3347.494
1467.930
151.749
1846.669
61.602
688.470
689.469
2076.642
1292.363
1153.823
3597.852
25.035
2786.630
3054.632
473.841
32.357
510.156
2782.189
98.794
1261.875
827.704
119.161
549.578
834.681
599.010
37.562
2262.146
3474.785
42.614
649.730
294.875
55.640
718.903
6.172
2293.586
43.347
1031.903
10.940
306.739
41.090
63.200
1435.809
1318.489
2281.777
1004.778
901.408
2779.827
112.422
1751.447
665.681
69.684
2198.382
5564.805
122.226
797.323
5051.333
1209.142
1364.179
721.828
1914.174
558.995
926.183
5569.535
398.191
1250.058
538.065
623.035
870.991
4035.864
290.532
579.197
231.820
4360.352
607.814
2758.425
229.577
103.725
104.579
620.976
3192.046
1523.150
929.729
391.593
136.531
432.492
997.583
489.436
146.892
40.129
6963.109
2689.559
962.729
464.427
1025.148
1059.860
180.213
115.923
5612.238
70.931
1488.981
1186.428
515.057
162.846
1433.571
33.465
4743.081
2.984
33.621
522.095
1754.758
579.678
410.170
53.201
188.334
47.562
735.233
3032.241
520.222
4248.224
1143.199
24.714
168.439
1103.774
105.760
2334.210
1941.532
832.586
643.299
2334.811
135.031
994.107
290.208
416.286
1632.519
3484.345
159.728
634.506
129.161
44.992
6055.541
348.321
329.185
79.971
254.126
1112.251
43.321
3337.132
693.193
7569.760
1508.704
627.488
1430.196
962.382
112.001
1203.927
2955.497
21.393
4188.832
54.286
2620.913
1466.319
2565.442
2053.717
2092.943
1293.445
1827.250
776.955
3672.564
243.941
559.571
2722.938
122.982
704.833
2735.055
3558.814
2376.901
532.958
524.524
3838.374
779.651
708.935
2081.269
1046.711
1317.685
2020.514
815.555
254.524
7.534
3849.438
307.312
1020.231
431.501
5387.930
2.747
9.097
4111.421
4719.743
3536.243
1317.928
90.092
279.737
134.264
86.287
690.420
380.111
986.000
1556.593
3397.720
177.460
1087.552
4524.378
1095.066
1137.729
4277.354
855.956
3754.494
4217.544
549.746
4.767
1052.459
3418.018
3703.359
476.195
1273.043
2229.707
302.924
756.800
2930.184
158.344
184.439
64.439
559.508
819.344
378.330
351.269
1808.653
1001.275
97.896
644.523
3108.637
863.073
510.212
1175.877
356.093
246.659
1619.417
244.232
3915.757
223.911
2092.596
120.996
958.161
1801.387
1271.809
4867.778
402.326
991.587
394.564
2702.912
1636.405
1766.387
1715.595
6.634
1095.665
276.345
38.636
2742.004
1094.257
958.002
1256.759
1723.379
551.252
457.585
3196.262
21.259
39.971
142.463
2853.910
10.987
1066.616
127.774
99.309
1608.038
531.767
1620.940
66.620
13.132
272.754
4.777
573.253
1937.993
586.476
29.229
2316.256
848.175
807.152
35.104
1520.046
1008.439
3071.347
1719.882
3986.184
2519.544
1637.541
2453.262
292.570
148.137
764.660
639.471
211.751
480.220
676.083
1469.162
460.670
480.246
1363.205
479.951
1709.302
951.697
2080.879
199.910
413.250
4346.865
865.203
601.426
74.513
1293.724
263.686
3087.774
1858.629
1195.365
1066.014
13.597
1116.363
136.852
1210.069
8.913
167.386
82.987
524.873
727.625
1240.375
108.481
140.856
1117.031
234.325
123.291
94.850
720.168
542.096
917.043
1319.239
4814.381
2208.969
420.012
1901.667
888.404
1659.701
675.790
3617.987
334.713
144.023
1650.854
270.876
2657.195
507.854
1612.354
1419.406
3595.634
89.401
2676.694
227.766
288.952
249.407
1261.400
1460.005
990.197
1548.230
37.613
401.954
769.912
2734.463
0.772
976.487
87.274
2855.307
1495.174
2572.074
3265.854
3350.945
6.641
4302.221
1222.146
705.623
2507.277
1247.424
2430.291
4718.253
128.608
51.465
333.111
25.599
1146.194
1268.760
2485.100
3175.956
494.591
2425.997
776.472
725.460
443.271
2.868
283.733
288.182
2977.461
147.904
1585.242
83.427
315.106
711.076
317.254
102.118
50.080
1772.411
3953.260
398.648
6513.294
1757.733
2232.010
1763.704
69.749
2738.324
4489.593
129.082
160.714
56.885
397.745
190.007
2144.083
459.358
2441.761
138.841
2612.934
856.723
8.900
118.801
281.711
3346.627
23.450
2783.481
1006.223
428.290
1307.283
1690.259
1997.875
883.339
67.384
222.485
3.578
1316.698
351.589
855.976
259.396
15.217
3960.782
661.948
2885.138
2413.944
39.170
4073.016
1086.848
298.283
328.577
726.635
69.305
225.783
2279.514
3240.326
1936.826
921.005
350.535
973.428
1635.962
231.191
1230.085
159.668
262.056
353.927
442.997
3479.595
259.131
254.152
2777.715
821.325
68.141
1280.467
6.341
331.386
3359.134
2768.606
943.613
1164.493
1544.904
348.990
189.313
286.987
310.555
2614.893
47.540
394.123
784.641
2661.162
985.026
1628.815
1647.482
2503.530
1974.877
2823.083
1523.912
2366.137
2673.030
53.951
2172.155
43.876
0.047
82.417
7139.338
286.520
3289.172
138.667
2446.041
65.019
2601.348
876.429
541.957
1322.052
62.082
2486.685
5316.676
2123.329
50.718
342.083
2540.448
558.206
501.220
296.246
3700.796
126.137
1482.396
291.044
799.595
1927.956
397.630
964.056
2227.805
5654.290
536.191
435.185
45.273
70.281
451.679
318.933
519.752
70.667
1480.537
670.267
6575.541
2131.832
32.544
251.046
1771.631
260.524
501.727
2855.402
92.892
271.579
1523.512
1817.841
379.360
63.956
10.301
3161.010
75.777
440.247
12.845
2661.669
1849.395
268.670
772.002
496.468
6769.762
326.526
2291.143
3305.261
1255.250
214.616
311.551
963.955
1986.729
151.381
546.550
279.709
4375.192
48.349
2637.372
2009.101
213.949
2133.267
3586.102
186.332
1740.745
471.547
221.431
1790.906
166.162
968.691
386.810
217.686
44.734
805.323
1198.669
734.635
1072.525
3037.903
787.108
575.834
277.823
1227.898
3973.115
3157.654
318.957
785.725
163.029
1616.343
311.320
1236.079
340.180
599.561
4772.839
354.415
47.750
395.913
86.871
2100.595
2974.511
281.426
422.270
3886.714
5289.911
920.361
726.730
367.453
3656.301
628.413
5734.745
1884.568
161.777
2217.659
11.273
395.936
422.850
3164.255
3018.659
259.474
2366.753
137.273
303.611
47.161
62.111
9.028
673.614
176.236
108.554
694.534
18.735
128.633
1417.041
112.618
277.853
2662.808
642.248
166.131
32.171
343.412
90.892
378.201
4507.801
70.177
66.273
927.919
2398.724
471.105
6.459
103.710
3903.180
2392.682
1481.411
1322.617
92.687
228.686
27.235
221.014
6400.934
257.739
162.534
1409.165
2508.546
636.454
2551.167
364.522
2987.324
86.622
1742.590
2578.689
5844.885
493.525
5101.776
7.198
7203.384
83.504
3768.264
403.351
3008.712
412.206
1281.271
3414.079
1088.209
388.895
1545.543
28.005
2003.428
2215.275
28.477
519.001
275.789
103.702
1096.531
87.146
1762.693
126.706
14.043
1676.593
745.208
23.807
1214.288
48.715
15.490
2.516
2188.626
1821.777
203.665
84.281
305.218
2061.350
1035.735
269.697
781.198
399.330
195.563
2279.249
161.324
419.213
508.678
100.744
1262.223
16.810
46.962
622.524
27.242
282.856
683.822
2992.426
172.094
74.635
9.175
628.489
1246.993
820.673
2513.761
595.586
2299.612
6147.717
3981.213
4111.594
822.132
210.424
27.337
37.921
5130.788
162.766
3293.739
192.875
89.396
3012.522
4379.611
35.383
1124.269
31.366
850.251
2434.357
3687.661
1698.543
707.764
1507.872
277.941
3426.009
2368.733
3625.063
2043.212
2166.121
91.057
80.011
409.654
2074.026
77.259
4.555
433.691
975.976
795.499
303.161
1232.201
0.721
1306.640
1325.249
205.989
28.040
7.754
151.797
19.030
367.815
626.019
1313.944
2567.083
117.684
387.910
327.316
108.757
1668.125
3743.901
4279.497
3095.141
702.643
54.023
1155.629
7.365
441.001
684.473
1887.169
1035.103
25.644
677.230
25.807
367.097
1015.371
958.085
202.170
500.987
220.526
396.564
995.214
377.977
1444.570
453.780
445.867
1380.746
126.666
19.426
62.204
262.699
417.329
893.517
287.236
672.690
442.443
407.490
543.075
3811.816
330.430
5014.912
3748.111
3197.356
930.284
1576.252
638.329
1236.087
1934.105
21.779
224.066
1376.525
297.938
13.334
2358.339
2754.737
1515.340
268.603
906.410
3135.963
115.746
113.608
319.349
122.096
429.572
1.766
402.909
1617.554
1034.952
860.506
1997.081
1998.369
161.151
539.379
259.424
565.577
316.779
918.192
498.730
214.743
566.227
910.772
3209.457
2320.366
639.353
565.542
2611.821
84.139
230.809
1576.673
111.374
146.539
1995.417
247.768
64.362
745.068
1602.604
1167.959
480.343
21.819
4145.638
461.589
125.992
1705.053
8.064
403.382
464.735
474.384
2263.309
98.988
1294.233
1913.659
727.970
411.504
105.743
2054.159
218.149
1164.113
719.850
48.608
1857.866
138.361
4507.535
446.327
5364.008
341.960
587.961
1240.364
2217.880
179.737
3117.019
369.637
370.514
611.365
2692.361
1742.095
125.610
2036.575
711.207
628.926
1983.041
9.027
310.559
1647.035
87.077
406.767
3800.921
1736.554
141.533
1428.066
1560.400
3966.392
1222.681
4081.373
3400.360
809.486
1418.719
3051.780
1949.658
418.259
1875.970
1521.118
1865.558
1769.638
840.119
39.265
4371.831
752.499
9.320
288.637
118.992
3.229
2817.991
824.203
1814.217
1598.152
574.765
6.666
1983.020
1629.775
2371.400
8407.193
215.725
1443.568
1502.022
38.126
175.145
1298.342
106.042
146.845
3711.249
65.743
2531.711
167.260
1625.337
1650.338
3068.589
124.810
54.948
3272.652
92.421
4010.134
1401.006
6.726
277.527
1197.064
516.543
1710.751
2197.014
1456.398
393.786
689.999
412.981
101.217
607.248
1555.376
2465.028
191.234
979.981
282.045
89.574
42.413
2818.733
299.528
1166.370
990.908
2443.066
1243.399
5746.238
220.146
6069.181
741.878
2126.805
5341.206
354.123
4620.550
29.428
12.788
2018.659
1830.968
133.039
2130.522
257.523
1488.363
2466.516
445.042
98.349
247.040
1042.546
510.156
133.945
5669.405
297.119
770.867
53.398
2426.056
470.437
202.902
527.307
2685.998
1159.317
402.244
4138.500
36.903
1827.584
350.445
1722.492
280.515
602.758
1975.205
1507.815
1042.303
2038.165
252.540
307.973
203.748
5761.606
700.560
50.110
950.800
2456.479
4786.120
166.952
1643.495
323.203
1113.860
131.243
1773.517
120.008
270.970
314.390
4562.653
1308.800
334.612
71.491
101.576
186.803
19.088
3095.282
378.462
270.641
2020.540
122.147
3384.189
1282.143
810.164
350.549
366.850
404.981
1131.354
640.899
2403.206
307.392
291.737
16.703
710.499
1255.938
261.789
2095.743
1127.992
138.849
622.835
528.101
1305.231
38.737
18.642
1811.703
210.183
4273.224
132.979
128.044
248.125
333.877
15.815
19.344
2498.839
165.432
484.101
632.576
153.190
723.915
2011.040
3342.592
2.480
572.512
1631.630
3425.605
216.571
385.388
203.292
68.865
816.520
1005.570
3769.458
1645.180
1599.275
196.028
30.230
1510.424
6.204
1507.036
7045.227
6958.063
2382.928
725.058
3029.944
817.670
989.226
4.207
929.555
4716.665
54.848
911.158
1083.864
66.998
50.166
793.475
67.951
44.915
475.670
958.340
1860.475
231.592
150.541
274.746
305.283
2798.230
497.470
6.456
919.824
1253.072
46.235
1518.838
97.864
957.932
1590.177
938.755
46.122
1629.719
490.535
165.554
1568.983
393.283
2077.398
1881.994
2797.220
175.105
2812.020
1454.681
393.068
1136.591
867.806
919.656
408.599
114.266
215.696
22.201
145.837
262.167
2433.827
5094.591
33.197
668.056
2045.482
139.196
3883.027
289.657
885.953
3905.994
37.603
786.343
218.328
133.114
79.348
3126.098
1044.085
1180.394
3630.437
1242.318
236.329
1099.945
1795.355
1749.593
2689.932
3.490
565.267
1201.627
392.707
116.629
560.438
874.651
37.534
652.734
124.889
4216.919
107.786
889.612
205.482
622.235
4.729
2413.450
68.313
2240.015
162.683
9.324
1270.651
221.356
1032.365
6593.899
894.204
33.123
156.874
662.349
3808.302
257.293
1871.671
1472.805
2225.373
1575.376
1756.481
870.504
1169.901
296.075
151.396
992.654
1589.376
3576.632
117.802
2042.089
331.537
2348.827
1177.113
187.193
3530.245
118.765
1387.240
2036.745
200.819
2276.277
301.578
2849.141
987.962
2309.316
4101.785
6.318
90.007
1617.957
166.809
4311.335
4887.944
9.844
512.825
91.109
764.694
1317.341
9.167
2541.861
1473.858
164.104
3990.710
1004.033
830.172
288.133
233.071
89.391
1391.698
490.740
638.101
2713.747
1096.697
824.230
57.155
2371.163
1431.887
61.691
1223.891
1301.375
313.481
708.449
44.615
53.707
1931.150
3745.616
1027.415
1761.866
1540.922
982.443
1577.916
2491.470
616.980
1647.505
2378.076
200.489
370.734
173.296
427.139
1093.892
231.622
1725.096
126.953
47.917
1907.177
832.792
376.667
280.942
30.144
317.895
1830.108
2561.681
742.306
74.938
250.684
3700.620
1854.855
3730.863
2694.822
156.867
169.961
1355.321
1853.093
329.691
24.701
118.385
5396.428
7537.053
565.036
3612.197
4829.015
638.385
699.959
324.191
3385.034
838.078
1093.404
3661.465
548.268
388.859
853.053
4826.043
50.860
25.487
2642.280
4.182
1213.328
2952.102
313.167
3018.574
12.222
1816.889
14.445
601.749
277.421
2189.601
682.828
3418.300
771.821
36.320
554.239
1581.581
683.943
594.725
1189.512
714.650
694.838
5679.314
243.563
399.750
20.728
1127.238
574.122
147.963
714.093
1375.104
9.280
3987.338
1412.558
4531.497
2078.931
2575.136
1539.940
358.842
2002.541
233.719
157.297
5624.682
3306.740
726.892
854.680
567.423
678.730
3067.027
1291.781
352.952
136.712
97.952
2184.211
18.210
924.203
306.184
42.210
340.091
2329.936
547.727
3201.399
717.139
243.551
6686.540
1670.968
7.025
568.521
246.300
761.104
3651.846
6351.148
3813.550
1341.800
4771.137
3594.931
874.719
885.563
1547.951
160.666
44.584
335.591
276.713
702.657
788.518
88.163
666.237
3333.955
8.712
1391.687
1987.163
430.011
1861.591
91.159
1106.102
1343.501
918.939
127.127
3185.743
18.069
820.264
2548.020
693.494
2726.977
2635.943
2680.072
3358.340
202.706
244.570
331.178
249.425
288.341
215.247
61.819
1501.603
221.692
871.602
418.374
620.664
265.564
352.468
3126.488
780.840
5910.626
967.370
116.934
260.027
4508.599
62.217
5656.191
592.034
870.770
5338.827
2136.676
1514.145
4.769
304.409
271.309
4459.582
3493.289
615.869
818.749
36.000
380.522
2186.125
183.343
36.816
1103.985
1724.087
1918.350
3.537
1492.408
5976.443
1045.085
28.099
2588.707
4922.584
646.875
133.172
1111.947
638.148
2570.723
64.340
25.581
2091.638
549.242
31.561
2721.734
2.608
1263.305
1039.936
64.763
632.705
98.636
4.385
3379.347
3281.956
1484.922
805.367
3108.957
1187.289
2236.932
54.651
220.722
541.874
2073.521
361.465
633.208
2238.342
551.036
3017.430
1786.607
330.708
1923.447
128.906
1086.672
223.886
111.236
1140.583
830.318
1965.789
720.110
4483.324
1558.920
102.199
10.858
282.034
1081.952
982.641
165.510
35.420
6.499
91.820
234.311
910.380
1216.662
302.163
1233.247
1976.094
663.243
721.749
608.653
229.808
7325.711
1647.550
7259.943
167.887
1223.936
488.820
3067.983
345.178
2818.690
2107.489
610.812
867.993
2.887
77.629
216.375
788.758
2245.219
1688.689
161.817
2670.987
6184.723
920.171
437.950
4185.151
2575.505
1921.330
192.356
443.667
883.867
2092.628
2831.232
19.898
665.528
512.836
2897.482
1260.663
598.077
2555.708
942.670
352.550
39.911
112.565
384.491
1232.388
227.292
2646.451
90.933
2951.783
153.736
1917.977
1679.611
3604.892
45.652
464.622
1.053
1390.652
327.183
2081.807
13.321
874.982
243.159
1214.235
33.801
289.932
415.543
2767.023
410.990
1860.272
2394.602
1771.750
112.325
2663.270
2667.489
1434.601
1212.838
136.557
2188.812
489.313
3224.332
2760.629
2463.575
705.625
3096.433
1761.607
1270.041
1436.106
1528.451
349.239
646.960
1215.511
377.276
961.317
30.445
181.214
1142.658
3842.914
993.574
4484.956
949.324
1761.911
484.526
4614.544
178.538
279.701
110.834
848.550
388.976
3242.018
1493.527
2427.638
2772.326
296.070
5117.456
4938.098
729.355
730.433
1420.696
853.620
2079.988
6035.576
168.858
240.732
275.983
532.539
1.213
231.232
42.766
161.110
496.385
1633.150
117.995
3168.071
1985.045
1588.421
263.629
5.489
56.181
2104.519
102.054
1702.339
827.200
486.170
5605.801
224.190
289.189
198.738
122.594
76.458
132.521
1443.570
342.242
430.333
22.390
1043.277
372.234
1440.729
172.136
108.602
57.571
3668.167
2983.063
1027.197
30.886
517.680
802.187
8.129
275.825
48.034
1743.337
39.690
452.902
983.358
4451.361
573.746
722.549
1082.349
61.154
568.721
2.825
1632.792
992.950
8.922
109.349
338.118
1161.934
3.062
1446.561
335.824
1020.342
1369.921
1757.026
464.123
3467.601
1405.278
23.707
1080.715
212.648
257.323
1990.089
1427.969
551.149
1909.617
3590.203
2580.894
4238.659
2246.692
2069.835
1651.223
77.445
3737.608
1165.934
178.180
2147.971
766.654
1319.085
483.398
983.218
68.047
441.519
1220.895
2119.671
3622.012
719.472
3191.596
2711.497
100.718
1443.824
1615.719
2531.216
216.630
1829.819
270.726
817.250
1241.220
1327.458
1196.299
96.941
31.284
2291.233
86.234
1699.612
1.337
6183.364
1904.338
1132.114
562.558
283.029
56.223
3760.097
96.952
127.417
2559.469
3430.529
2615.261
315.252
2268.377
1729.025
24.080
144.097
1682.473
325.746
465.197
2797.044
52.161
278.665
14.083
317.766
43.524
321.797
617.946
1706.005
0.186
7.004
419.975
125.095
1044.524
1036.100
113.006
3423.900
738.828
464.089
1505.857
57.564
3364.167
330.539
2520.915
41.678
370.147
406.505
145.185
4466.329
255.452
109.930
151.406
67.521
579.422
827.037
2094.016
2399.593
411.151
4871.708
1954.395
1188.436
266.555
569.372
18.586
1519.280
2132.348
3540.536
482.042
530.050
438.048
270.779
2597.579
682.058
1358.261
4787.246
292.270
11.518
195.393
356.079
4.299
1948.548
351.780
232.274
3.496
1002.105
765.798
282.394
4961.624
806.164
463.473
172.858
429.789
1378.343
450.662
1325.658
41.063
5553.572
3237.380
36.740
21.722
1288.328
300.228
206.939
1098.713
117.788
1105.027
1469.473
3956.724
1296.009
2165.691
284.383
2818.052
1530.112
1146.465
3514.647
1015.883
4145.138
491.068
92.342
11.355
2821.175
23.453
1475.196
2144.549
553.283
10.326
515.826
780.308
1367.020
189.968
173.461
29.256
1660.482
1366.368
599.399
193.064
21.446
1328.325
1358.146
200.461
509.335
161.392
491.172
4848.015
1676.265
866.342
2032.797
192.221
448.166
725.178
14.203
29.219
299.292
94.929
629.573
69.463
1933.442
1273.287
583.347
518.958
309.593
3476.492
661.781
55.359
158.344
409.345
244.744
459.121
78.255
1052.874
4702.153
886.813
4217.175
12.853
2364.073
133.649
699.682
5549.709
5460.774
143.022
197.441
1874.699
37.043
703.834
2609.332
362.625
776.532
959.259
308.139
6815.182
606.633
2.804
937.072
3687.675
830.226
2557.752
373.762
30.982
4408.224
147.772
5074.289
149.269
344.120
3336.706
3380.708
6.244
189.829
993.395
5585.059
1549.145
620.675
260.634
2101.645
826.454
113.482
1002.815
2.183
324.230
1041.808
2937.960
1168.497
1096.466
2749.338
1547.226
316.330
7.657
1684.274
356.094
750.292
1501.672
264.415
3509.770
2391.205
280.403
459.378
461.363
999.394
3133.865
619.423
2180.795
4759.018
54.883
2604.161
12.947
4732.623
69.814
822.590
751.314
2240.378
411.957
347.021
2381.961
2353.424
1737.891
41.270
1068.319
445.145
231.306
45.463
2569.762
777.018
843.127
654.175
43.777
261.993
470.499
54.056
3967.633
759.085
42.967
2828.869
505.223
6403.032
110.806
765.760
461.696
2782.805
163.562
268.529
542.487
697.793
1191.913
442.223
974.074
4212.287
183.027
278.919
1890.305
236.457
526.646
977.799
380.005
121.557
2738.792
1441.826
352.935
1842.192
2781.028
1273.143
112.247
173.400
1795.027
288.853
14.783
69.985
264.987
3171.292
141.474
1321.814
21.896
4.353
1067.137
439.108
1297.898
693.855
139.341
2945.347
570.404
4503.012
2694.390
2607.661
230.819
60.143
211.616
216.930
122.427
3822.627
1443.074
865.453
1838.636
2476.270
263.017
229.882
1225.718
1462.770
42.204
336.648
1189.807
1109.514
682.265
16.450
4140.261
73.503
1584.598
281.701
1160.128
2334.490
1054.826
1248.294
813.513
5683.812
1638.076
1281.874
588.916
518.420
434.706
909.838
379.019
1239.728
4266.230
3785.065
1305.816
204.552
72.525
1170.474
17.512
191.228
1290.825
64.491
1790.867
1513.818
302.651
903.947
1509.552
4719.342
5108.638
179.915
790.116
917.796
334.336
330.520
203.770
430.615
2128.584
60.536
1100.749
18.366
540.729
1354.836
1268.048
548.477
152.507
863.618
301.750
431.825
4079.700
1164.149
5141.144
3647.479
1876.534
1701.919
4558.784
2099.470
23.029
38.388
246.364
2289.859
1454.187
5766.422
6198.584
1570.548
328.968
826.370
88.731
236.897
1146.476
123.139
8.130
1189.955
1906.307
896.954
739.181
2050.746
289.634
203.277
79.118
1635.890
2502.469
339.834
5.537
471.449
223.593
171.013
85.552
1965.467
4582.858
301.677
72.858
173.342
153.855
1056.111
814.405
191.892
51.919
1708.321
4036.662
2006.880
155.446
2684.934
2040.336
15.790
207.638
562.055
623.057
1966.086
1033.333
401.743
3906.232
2440.381
441.486
604.052
4419.053
2421.881
141.748
108.476
100.149
595.186
549.189
1091.561
2444.792
772.706
2093.050
94.496
141.446
124.914
105.653
1530.898
382.867
560.020
1147.636
525.657
5.758
731.514
1506.839
248.604
219.178
3564.895
218.556
27.489
1222.288
235.021
476.840
1243.546
542.019
4261.434
1087.553
890.145
205.658
3821.827
469.964
1834.059
3016.566
558.088
3987.909
578.274
1576.905
1973.377
31.488
1303.436
962.794
600.436
713.415
758.050
1343.158
3896.537
4484.696
47.682
548.914
3623.138
115.037
205.935
63.135
196.080
337.516
135.093
950.835
31.260
1203.942
1044.964
71.562
106.644
147.831
2299.095
53.830
474.150
1227.663
1108.313
2009.162
277.135
4548.656
87.347
357.752
317.324
406.666
1346.031
5031.652
45.250
400.539
103.921
278.705
1358.092
1295.130
67.737
1379.863
1599.120
408.849
7.990
1602.771
1697.578
1010.282
72.354
454.251
302.595
1568.062
1501.676
6265.463
1369.041
873.004
4054.717
4716.013
787.459
979.937
1278.470
497.456
96.194
98.898
2718.342
73.919
1577.006
135.591
963.439
2041.739
74.917
1670.717
54.508
149.590
360.771
70.715
2806.971
514.889
761.097
455.370
5578.953
610.268
566.162
58.239
729.558
1279.476
346.301
1271.056
746.239
2393.636
935.112
3871.744
1135.753
3009.553
3173.845
2450.247
1084.885
628.294
4234.738
1577.708
2.524
13.500
782.885
1817.758
1156.698
460.519
2946.300
102.199
23.014
9.921
3650.714
359.803
216.701
102.133
382.863
417.975
851.024
1558.757
4964.412
42.119
3527.459
536.251
922.774
1964.561
553.140
1684.838
45.483
28.782
208.625
172.495
57.283
2589.855
607.127
12.819
3244.846
3407.121
659.871
193.102
27.377
1384.853
250.185
866.916
1135.001
412.757
1383.228
4899.052
470.243
41.082
3454.376
15.884
3434.366
55.493
926.274
633.952
609.427
52.132
427.707
65.331
6194.156
84.014
136.731
1048.131
2612.789
2501.916
1841.104
111.770
319.484
147.271
3253.521
1297.491
2313.129
1010.348
572.565
1086.466
873.207
698.610
4419.629
274.098
1870.612
1.442
1736.083
1719.428
263.310
429.719
73.706
815.873
737.827
692.518
226.286
156.216
1747.671
772.191
1142.123
71.283
115.598
1446.321
1756.207
184.404
1131.964
346.412
370.107
376.573
48.706
1384.735
53.707
289.788
668.018
193.897
3181.019
1289.767
245.473
3665.577
4008.176
8417.635
203.433
71.681
158.712
1154.823
372.006
1442.373
35.579
2500.688
4.189
3256.765
1803.969
726.429
3973.396
2940.679
973.405
1109.337
73.252
570.124
589.824
1687.327
1087.638
106.019
3554.352
1699.741
281.151
814.680
3957.328
3723.741
696.689
6918.645
984.704
2047.566
2774.836
1555.102
3042.528
543.929
1004.856
1164.927
1417.522
1001.723
113.509
17.278
296.183
1528.120
400.928
537.722
1543.975
78.836
842.232
84.277
1471.904
428.247
667.310
3347.439
486.029
1133.568
1475.366
2030.157
448.527
401.943
1395.113
1965.102
3287.484
1655.883
1627.509
21.307
1059.678
1021.549
120.118
332.420
3183.320
139.364
4392.240
547.176
256.733
3432.532
205.512
1524.102
37.596
7745.757
2739.816
2720.216
377.023
101.414
2596.393
73.430
629.032
28.778
1327.038
836.324
174.432
1226.564
5426.420
484.604
1144.011
1990.601
1929.079
387.953
2205.327
309.434
79.364
138.334
413.515
127.569
308.597
1241.972
2009.054
78.438
2779.776
2615.184
509.517
251.893
1078.203
331.180
2769.332
1779.711
128.791
471.014
158.518
1501.754
117.814
328.623
2335.192
758.937
4914.905
181.650
1926.907
1209.923
1043.377
4261.945
674.622
6.907
1454.244
752.193
463.088
2954.648
1658.917
512.432
5.901
1659.528
114.494
427.870
495.598
28.359
184.552
1597.541
124.533
2506.596
1835.622
635.674
20.090
903.182
216.844
1738.569
657.279
177.675
111.164
1519.375
80.640
1962.079
2607.920
2792.313
12.826
3.704
1732.127
974.198
2478.213
4.858
2331.962
329.096
901.591
541.025
1475.937
67.165
352.097
889.776
523.667
249.558
671.751
6003.347
29.735
1303.728
213.713
179.578
2703.853
119.406
2577.918
308.737
3064.395
491.540
570.909
2484.802
4167.070
25.422
84.950
3960.693
1493.528
6.516
58.549
724.037
305.197
50.227
47.528
1640.988
429.444
613.775
206.026
1695.594
581.057
966.452
999.893
733.306
749.486
358.089
345.301
3348.896
704.134
1788.697
280.614
172.079
643.049
757.490
191.326
372.539
311.978
706.934
258.769
45.273
122.330
99.786
1117.904
5458.849
1273.134
266.549
2041.405
308.369
360.410
2224.042
992.256
1007.294
604.488
2401.244
2267.085
843.932
24.945
147.693
533.680
460.586
60.607
2360.099
60.531
230.900
54.214
248.142
1869.697
393.538
988.227
319.482
17.345
58.969
439.729
720.562
3.993
71.801
1221.508
23.708
3682.632
78.971
1799.943
2359.835
575.742
1937.777
412.101
4768.877
6995.391
351.333
1152.932
13.348
1170.535
68.589
6346.860
1.406
401.551
437.467
315.202
316.329
3.212
450.705
1830.266
387.073
945.285
1616.524
535.897
252.378
1718.966
2459.884
117.709
3.000
2967.454
129.127
78.447
1514.734
1619.384
4390.674
39.704
3517.143
2174.266
437.895
278.264
853.747
120.028
1008.944
174.074
583.406
933.783
812.822
257.002
1501.411
1024.768
736.325
24.597
1615.142
714.640
1319.813
799.524
28.080
220.252
3933.806
208.247
113.961
23.076
463.905
3640.822
716.589
2485.301
4029.128
773.250
1864.500
524.066
207.021
2502.893
1909.688
3783.481
1906.975
14.409
750.259
2478.959
1494.962
2811.369
7.821
1448.907
287.625
126.901
3284.315
1750.275
1355.221
428.972
468.559
335.967
2365.208
1405.020
751.044
1314.310
146.871
3479.093
307.322
5303.139
59.247
172.272
530.090
4365.134
810.391
819.273
8.197
588.130
1004.680
562.008
1090.078
4514.022
1133.092
6633.717
1509.568
5.673
1541.406
1783.013
1228.842
1018.372
118.561
437.337
350.148
509.670
2303.552
133.974
387.288
627.108
1903.488
600.618
21.471
2882.562
34.687
20.483
478.391
3529.182
325.277
3730.075
2560.900
914.647
75.377
867.728
118.667
1186.895
316.367
783.406
820.959
444.308
20.731
163.812
400.549
667.751
435.301
110.693
27.091
2515.964
372.243
792.677
4097.911
691.835
107.533
827.715
53.260
30.540
7138.833
11.260
3482.079
626.011
806.770
23.508
425.198
385.967
1579.798
258.366
24.778
39.690
343.353
5873.119
842.431
2160.815
458.435
101.132
198.045
88.600
656.279
4568.647
1246.667
1090.314
1012.578
1165.433
1275.834
1947.178
26.259
1956.858
29.919
13.338
972.317
470.187
1200.190
8384.235
3046.268
34.009
24.410
1377.967
2451.392
3648.295
2277.794
492.120
668.122
55.556
357.565
721.565
2016.913
2305.980
132.808
1475.388
24.509
21.443
78.506
3599.136
264.191
495.269
4904.322
215.109
1045.781
1114.323
6238.540
486.955
851.109
130.970
656.953
1884.068
389.710
263.086
3226.250
91.793
435.566
584.263
2295.692
1046.725
801.677
887.681
774.167
523.125
1804.232
111.138
630.697
4126.762
198.177
549.286
562.783
133.735
2042.044
332.657
1344.291
442.827
53.185
1729.685
7.405
152.294
738.310
0.480
108.537
226.939
3894.237
3403.060
6466.259
2578.353
7285.679
2058.927
734.432
973.311
32.972
283.177
46.293
3383.989
14.362
907.203
453.221
402.282
318.645
3823.345
185.440
664.172
207.410
8.796
364.119
191.176
124.834
509.961
2729.251
3911.223
2486.011
11.049
4550.801
395.382
561.207
636.942
140.315
2.903
925.968
3259.108
741.507
293.364
195.785
148.010
1327.305
1389.120
517.864
2708.795
915.817
6796.763
930.881
1605.841
2112.724
1866.387
3814.611
11.615
4453.619
269.884
616.681
196.088
1868.486
521.298
299.871
1397.930
1047.958
1898.396
1234.191
156.049
287.336
63.086
3089.351
1383.499
885.730
548.670
1441.321
87.124
5296.061
326.288
502.904
2206.440
31.206
2443.470
690.828
1023.391
251.231
2630.371
3051.325
549.948
956.318
1.697
2379.263
1437.346
1591.784
3343.355
244.498
654.019
77.265
151.673
102.468
159.428
1601.559
197.571
2601.255
2456.910
715.022
268.484
7736.898
205.260
3545.518
526.605
295.437
441.266
261.641
689.005
83.567
148.943
4012.944
152.476
1358.429
4393.757
397.546
253.047
1102.747
14.033
1102.017
896.386
121.290
273.978
397.831
126.698
18.462
127.457
795.279
53.516
737.542
2210.659
11.216
105.639
2058.677
74.783
518.352
133.949
2881.401
884.441
3611.740
67.454
1096.260
172.670
499.604
61.861
441.430
34.347
583.103
2090.675
652.070
25.807
4150.633
358.473
272.380
1306.314
2068.084
1142.192
1376.963
4056.055
432.294
158.381
1581.556
1040.322
6388.586
34.136
66.384
928.607
4.869
2147.602
0.499
133.452
5037.517
223.070
1908.388
128.505
85.285
830.398
1468.203
194.298
1105.211
119.348
1147.718
167.354
2854.408
449.193
3788.823
451.038
366.043
127.147
2156.003
2728.905
93.453
2063.061
376.704
910.333
3574.887
2281.386
758.638
4794.734
694.880
76.294
214.655
101.704
604.466
966.870
140.809
14.152
833.680
699.829
90.912
3089.337
35.931
443.976
3914.686
1743.326
430.225
125.520
2871.259
1025.619
7566.821
8.056
1694.840
970.144
1802.637
1816.546
491.600
1334.199
995.709
3219.882
533.428
69.995
6435.522
609.874
471.119
3032.728
38.369
937.997
2926.259
1.994
387.076
10.759
804.940
2278.612
2418.076
11.405
593.794
122.264
113.963
1218.134
53.821
149.934
1079.315
1366.257
1094.883
1904.878
1347.156
586.464
6268.833
29.505
128.471
2110.682
2933.218
2461.351
2942.869
33.813
1305.849
1096.036
50.375
3405.856
828.298
263.232
822.924
2519.253
37.918
1007.503
2031.353
1073.897
159.912
901.499
2577.715
476.420
1203.236
2023.662
171.146
5282.924
1900.040
300.966
2205.729
119.857
827.228
857.089
1945.513
1149.784
735.807
505.545
287.202
3154.717
495.447
365.683
1557.879
2922.446
917.414
1677.376
4.555
1153.268
3372.806
432.315
265.782
3855.661
194.040
2528.180
1327.630
68.845
438.833
2383.484
3280.219
799.311
937.006
14.908
669.229
519.267
1005.129
508.344
847.190
442.229
205.077
658.767
563.256
1811.769
374.403
17.730
177.089
5834.326
755.294
789.964
4802.915
873.454
3691.951
4033.984
1193.607
782.895
405.972
0.427
3510.308
1705.251
613.861
3879.475
1853.379
2075.952
452.222
225.645
183.548
124.485
1647.301
1741.733
453.486
275.544
189.243
1888.840
207.385
306.149
71.036
2204.486
3632.534
2737.016
986.448
596.768
4.602
1763.509
364.635
416.257
3461.124
77.867
924.197
1142.488
1079.617
753.462
54.869
90.467
364.302
3018.693
791.254
611.408
1090.277
2074.197
2238.963
2735.972
134.153
197.173
1815.270
1242.063
1106.079
824.180
136.615
620.412
5136.367
3229.681
25.351
2636.158
250.154
1909.420
2187.621
82.431
116.077
4327.533
404.123
1464.195
76.558
36.768
1853.626
57.844
3539.605
458.036
802.658
2386.930
122.767
628.830
1469.656
457.826
933.229
200.541
142.312
1343.757
141.135
597.965
243.046
47.509
1246.110
548.659
152.826
1177.732
2858.380
7.471
4029.299
2725.622
536.023
4533.829
2013.180
4316.419
14.131
223.514
802.812
47.092
1740.447
2265.970
506.472
1044.143
2478.059
3806.497
1632.315
740.396
55.108
1727.242
988.902
3916.023
4188.127
268.034
140.777
909.657
951.127
2008.517
825.869
579.727
1145.486
6111.094
828.284
217.519
2928.787
868.030
7.150
1331.179
1842.223
111.919
622.284
347.587
451.128
2354.070
5929.138
206.837
718.087
1878.120
524.038
236.348
207.107
208.002
1977.870
2654.796
81.390
108.333
504.151
169.606
155.401
603.128
183.124
979.984
5231.859
819.831
611.578
934.952
1694.747
2974.413
556.894
735.179
1551.773
60.097
725.708
189.544
16.193
592.945
4.388
17.329
426.140
3843.951
145.118
814.479
5878.451
156.564
52.717
1168.683
341.065
198.045
296.870
1412.677
91.107
267.137
225.505
223.000
3938.975
67.414
166.306
1866.368
184.687
900.732
2363.010
425.277
486.477
114.262
282.763
2183.521
529.789
1154.436
374.598
3088.463
32.765
2239.746
55.437
838.030
1995.783
2565.679
106.704
404.673
1428.142
958.108
2055.202
2050.001
2311.376
470.516
443.296
351.844
347.610
1069.236
1474.731
5833.602
169.739
123.767
1097.751
885.745
2031.228
136.612
5210.998
382.526
496.671
1696.893
1430.866
447.278
25.190
1976.686
3053.424
69.339
280.991
988.487
1365.283
483.820
1675.906
536.210
1406.264
301.404
354.291
342.963
348.916
199.450
2598.218
4712.246
558.658
9.806
91.050
73.365
900.429
3418.023
220.178
1031.836
994.887
6559.410
4531.645
4850.774
127.603
1415.655
754.484
446.047
3519.710
1697.774
2514.225
834.883
1209.082
2359.372
521.572
1375.392
117.262
882.982
1130.100
1099.157
216.228
2586.265
5047.097
2232.257
178.340
96.392
56.035
2913.627
571.464
1051.290
339.429
462.233
793.840
4521.313
1625.275
127.199
1201.807
1312.087
1954.701
360.182
540.982
101.106
733.653
232.641
2138.885
1302.572
1344.092
1996.900
2368.799
2873.078
161.549
4007.340
28.967
1463.476
520.283
7.533
55.428
761.373
4412.657
359.121
4102.484
28.370
83.887
4670.596
603.295
237.939
1626.481
734.523
1132.209
37.270
153.658
43.271
2531.091
2813.503
213.321
116.109
198.654
126.269
1200.877
911.142
632.908
267.981
306.271
3077.350
2007.944
286.813
226.016
1885.094
1133.554
1421.444
41.527
131.901
143.759
4359.744
312.804
80.828
2112.028
2031.698
4.909
47.546
27.608
1137.074
1532.180
691.402
1472.044
3416.952
502.695
648.390
5172.708
484.607
1677.275
1482.631
4252.148
414.223
297.294
1114.699
31.477
2235.795
535.376
96.523
4377.851
81.863
1236.757
1335.929
645.678
966.009
1548.422
1405.907
7900.001
5185.885
236.519
9.680
46.434
2419.971
3774.253
39.380
901.783
4036.345
1564.177
2260.166
625.642
234.175
838.239
416.687
167.272
1124.292
217.265
108.708
704.506
282.190
425.991
165.872
586.335
222.310
440.542
222.764
6967.748
139.514
665.258
3157.912
1515.509
167.503
961.172
6482.352
1755.069
429.159
315.476
215.175
2266.642
304.043
6635.109
227.060
5695.008
57.485
424.388
557.120
331.809
395.999
6244.801
4213.388
2631.985
7220.817
2676.631
770.075
1108.126
676.496
2160.726
563.880
170.479
867.051
431.226
1185.927
3152.924
357.416
673.377
1230.437
2.062
927.804
825.654
952.058
3.109
533.096
825.391
1695.632
704.981
54.287
206.661
45.128
402.593
250.521
554.884
28.940
189.230
311.800
106.381
2087.247
44.168
1491.821
303.935
771.317
3413.253
53.659
3.336
578.582
78.605
1191.339
1004.286
2559.561
516.662
963.136
363.793
1092.145
1295.380
1510.521
1530.719
528.612
919.809
4250.317
13.457
2880.433
793.186
565.277
640.978
1351.871
97.836
113.718
3358.423
246.620
727.487
1063.093
54.303
34.041
24.750
29.065
1741.007
339.847
1244.542
1246.982
1577.864
1802.020
653.037
1245.202
86.700
907.251
1276.244
73.453
1438.758
13.808
6117.636
13.121
561.217
3120.508
834.459
412.374
162.126
1745.532
2235.702
3311.310
79.711
84.058
384.192
128.145
504.790
2942.169
31.880
343.745
2852.046
52.421
1399.335
64.596
540.771
1359.637
2698.999
520.955
108.070
14.931
244.521
352.833
624.168
541.643
1412.064
3769.715
182.230
3279.587
4861.870
2160.103
0.433
1705.088
1168.338
470.264
3087.105
3297.576
515.371
824.106
589.156
66.949
1302.097
1530.017
328.434
155.892
884.551
590.699
1990.389
534.405
2486.574
3517.706
276.912
1082.041
164.869
1425.300
298.781
949.195
1595.940
2240.800
560.543
7170.785
173.475
221.947
5273.264
1131.902
294.038
1262.678
3090.136
160.531
842.912
167.066
249.110
2333.948
5736.465
1055.802
6249.512
1149.757
27.222
1260.687
13.963
540.269
1165.989
2640.308
995.960
825.068
1651.890
2373.399
1069.968
829.513
267.829
1316.725
1397.711
251.759
90.553
1086.373
132.507
1795.956
556.986
242.601
393.298
2431.082
209.004
1756.114
15.039
16.724
917.920
1744.817
45.044
160.416
35.165
1768.496
137.405
1868.269
914.805
2268.160
200.482
228.173
237.051
1708.409
392.864
11.063
12.753
646.216
5321.438
1176.942
4577.136
1101.102
138.832
1847.731
1640.392
5.013
646.794
54.369
685.915
780.410
630.492
1154.566
3540.799
201.767
968.009
121.700
990.398
149.145
733.522
59.710
940.385
2430.727
174.392
2431.037
122.360
3978.167
169.903
2460.645
1433.904
131.714
78.420
3552.032
2608.857
1616.658
1846.765
19.783
4309.113
140.207
5419.769
3000.096
2389.065
1356.697
2467.827
7.965
339.532
42.110
514.993
1331.620
121.849
898.573
996.057
4660.891
657.030
37.576
125.025
67.163
245.339
2292.703
3399.998
2025.850
40.665
386.397
1498.637
3559.865
169.529
264.220
332.368
1626.064
1770.203
43.661
100.014
3484.911
357.083
503.291
1812.700
311.478
6146.766
1066.959
21.087
834.825
2474.922
829.323
1141.718
534.022
180.973
1007.829
581.401
1321.000
2098.855
3.699
1319.581
1944.085
92.274
36.784
341.745
1077.009
2733.321
40.250
2127.570
58.691
162.388
2173.325
4427.680
37.091
525.438
698.645
718.102
834.839
802.051
2236.738
1216.145
1240.971
1236.569
32.735
1519.571
2084.434
4408.174
530.778
390.475
1433.943
1468.447
2264.279
6.067
1140.589
52.912
2020.284
61.933
3217.050
30.019
100.187
347.124
1527.215
388.230
287.678
1550.664
3507.407
40.434
583.845
2481.279
2373.947
3642.210
1366.878
1728.279
18.870
298.085
164.197
1556.372
391.978
259.240
431.212
230.237
1059.692
1574.280
202.851
399.694
163.308
49.988
103.098
7.885
3805.646
713.436
394.980
1752.919
505.470
678.686
441.376
237.669
1545.898
1944.485
1156.626
457.856
87.811
1693.013
5289.273
727.282
1136.989
4610.104
4962.297
94.611
1727.778
1000.082
1374.901
533.815
2823.304
6045.031
2432.507
1199.322
460.604
909.311
1396.905
36.932
611.797
374.055
387.039
8.526
495.840
1621.779
5473.441
2102.911
64.220
7394.713
274.048
870.317
3376.540
901.615
2596.176
219.544
24.316
902.944
788.662
807.635
2303.273
7540.872
1112.739
363.978
803.301
362.376
3750.465
139.154
1353.034
3484.692
1828.986
600.171
25.060
1543.893
1075.212
111.456
1072.588
694.942
40.198
1454.508
43.863
155.841
176.083
291.929
602.248
179.253
105.624
75.436
1283.519
727.779
1320.719
75.157
445.278
449.244
142.059
3155.402
2571.627
482.905
1244.229
673.013
25.302
2265.463
4088.065
341.900
466.920
916.529
3916.523
1656.194
5335.920
1381.504
326.950
7333.228
1209.576
1812.300
3124.708
93.171
5495.221
2118.591
308.024
24.999
647.417
190.834
3825.011
4182.480
436.488
86.201
1446.766
1326.887
45.979
568.497
437.379
855.167
4852.892
1476.699
3931.505
843.980
517.912
3921.714
19.993
1187.832
170.836
3.060
3283.498
37.564
603.955
1354.955
104.722
1575.423
6351.029
144.038
356.809
1167.009
962.126
23.241
339.161
3930.139
56.939
1471.139
1010.557
2763.293
449.821
3610.008
2945.774
1392.769
368.301
1302.792
3204.081
388.004
845.926
95.399
991.545
70.688
749.009
2104.866
1377.491
1376.088
151.116
3002.704
155.987
303.158
2984.687
6.959
1545.879
691.010
1124.869
254.845
738.470
20.925
2189.540
1142.365
248.498
1896.536
186.816
1667.400
370.341
2843.448
953.130
21.522
1705.100
3688.442
192.258
664.905
121.519
38.459
11.881
246.292
2028.152
3257.676
214.533
4025.750
190.690
385.150
365.782
194.674
298.871
1337.315
2969.501
875.575
1157.408
45.216
356.133
509.236
250.501
4061.184
7608.928
2438.311
174.602
893.274
18.666
13.486
264.613
46.500
812.817
829.674
1238.938
2797.934
805.313
1299.167
192.668
63.734
325.937
426.758
592.476
577.735
1108.310
50.844
4866.049
135.318
415.947
2621.605
3751.769
1038.657
116.914
237.293
43.574
570.114
34.588
1406.257
9.866
3456.325
2331.657
5324.924
771.542
560.528
794.931
124.834
1443.025
1709.083
1358.430
9.443
419.565
309.570
390.744
370.969
284.369
1165.625
169.982
722.651
1809.781
749.416
3477.217
272.473
2479.187
3017.059
441.912
1327.168
702.139
1235.731
1788.228
5238.359
1635.660
1092.594
2231.175
1786.245
403.459
515.571
623.224
582.795
26.912
658.499
1127.448
151.879
139.417
240.843
50.963
2173.024
708.451
25.619
53.977
1026.949
143.329
97.453
34.844
1032.468
3659.346
276.579
23.519
175.959
68.942
165.136
28.875
975.150
2269.688
189.667
2513.946
34.964
3049.198
605.529
34.028
1233.430
504.765
4099.375
526.856
1763.811
2488.340
2262.643
927.794
434.132
26.427
35.660
7100.441
284.399
11.707
320.954
1379.255
1783.957
654.891
982.231
3707.738
1.561
7520.276
2734.593
1512.820
778.125
995.313
1439.708
1140.497
911.517
1408.946
2519.806
92.562
1291.040
36.043
34.381
195.977
2322.917
2588.143
13.283
49.174
2645.616
887.481
670.772
5223.984
1180.425
1251.502
1048.537
338.582
1736.076
1243.227
1015.935
267.340
1355.437
4283.049
911.267
223.073
3957.702
1735.127
174.111
2027.905
1768.192
1056.204
796.456
776.440
1574.215
573.759
967.204
129.307
3726.181
4551.718
602.508
1456.421
56.011
170.768
737.955
5371.265
130.373
2096.579
275.130
99.793
117.309
2315.109
75.754
637.206
350.524
0.402
2566.456
385.995
2054.367
54.971
48.906
360.901
4357.111
787.133
5.479
1082.210
4484.513
197.733
327.428
738.703
1088.109
124.605
1107.391
619.188
6.393
696.270
226.147
29.243
825.190
1017.065
523.241
857.527
1143.712
501.133
298.565
599.688
823.878
344.433
879.923
3115.970
1616.516
129.553
318.246
180.580
4598.238
41.201
161.397
4078.608
1334.187
242.779
73.866
416.939
572.630
1804.427
158.538
743.347
152.834
131.762
1448.979
1381.184
3956.004
14.766
2225.451
4591.499
871.543
1217.783
459.138
1991.545
4072.805
12.874
9.560
798.204
946.518
1347.675
876.860
1434.614
287.663
502.254
309.524
503.940
1947.595
809.632
24.926
616.425
2590.388
2448.117
4949.821
43.077
1179.294
1501.711
1208.836
75.663
393.506
3182.020
2827.762
1283.240
2017.537
577.795
2231.153
1513.882
3086.069
2639.608
911.248
574.419
635.624
205.372
6617.455
44.327
516.652
254.584
1264.835
1796.643
4141.595
1642.004
6331.842
360.222
4308.781
884.504
1942.963
15.637
303.678
48.486
126.290
379.897
3286.579
228.530
1239.969
436.454
723.568
487.097
1682.056
2488.783
5677.882
1085.435
3139.445
151.135
1305.622
493.700
2484.226
1926.401
124.613
306.091
880.058
289.995
4137.372
66.209
1264.985
2043.643
3933.360
294.232
3945.662
7.895
208.353
2146.840
3854.220
19.036
711.602
407.229
822.608
926.726
3492.601
4366.792
2241.281
150.060
3143.769
285.430
253.813
2172.608
356.569
1543.413
16.545
5388.156
2131.195
1010.647
2646.312
6.896
735.225
285.150
1621.475
1924.738
44.445
4647.627
1610.872
154.170
705.121
1.846
221.008
128.829
129.497
76.804
3347.515
79.360
1036.450
17.995
2696.662
178.710
288.486
306.418
6834.875
1427.944
177.883
16.911
9.802
1157.866
302.268
326.202
611.668
1600.227
359.561
2682.348
566.156
158.793
2333.089
4075.506
160.596
4567.873
47.473
207.765
1339.304
197.476
549.489
802.077
215.289
3470.699
612.211
82.137
185.157
601.075
2399.309
438.432
212.711
55.994
3077.988
367.794
9.173
1125.370
176.740
4291.258
1120.789
2222.074
153.184
2745.235
2045.333
1403.656
228.765
27.281
1084.103
34.747
1211.836
161.871
4.469
638.847
8266.540
2665.430
1540.096
236.298
1178.343
147.638
630.775
41.928
1722.396
111.211
476.763
294.922
21.469
2127.629
617.968
268.785
940.508
68.637
2941.732
226.697
0.774
271.587
30.627
2389.011
2876.410
64.746
2829.988
2663.929
4223.015
338.213
309.301
657.668
1581.953
3893.701
272.344
298.215
1228.260
3358.962
562.184
7195.716
186.396
854.248
321.976
881.179
2824.158
225.619
1457.161
214.722
731.497
844.780
1037.333
47.235
187.886
332.003
1562.304
2121.812
927.836
2538.515
932.567
13.159
638.367
1142.684
1141.857
4889.073
3952.415
2.888
92.664
8.531
477.900
710.459
1319.539
4604.780
387.251
17.073
5148.181
20.113
231.902
410.193
2031.125
150.390
525.824
1505.416
885.644
4287.903
56.396
541.984
231.584
641.084
502.998
3221.083
1106.614
200.156
488.110
982.584
787.549
345.260
1948.209
79.765
31.418
1920.170
98.069
1310.192
4.127
1190.531
1829.122
1602.655
97.632
197.837
20.975
2489.545
1233.646
2157.148
634.550
2567.681
1635.413
1042.883
216.953
782.560
4659.525
3060.211
453.068
2502.946
2582.967
1248.242
1237.497
4890.112
154.012
15.911
504.789
325.629
96.390
46.198
175.024
1662.236
76.494
1913.092
4072.985
548.105
4776.349
626.387
19.405
18.908
659.299
196.197
1790.570
1021.340
3703.971
2523.397
2984.206
1120.763
1160.157
403.232
59.243
76.132
61.195
579.343
1016.938
269.085
222.335
76.660
772.915
958.966
274.846
1103.782
92.876
2.327
853.554
2011.256
1653.808
293.521
557.467
775.617
1079.209
638.705
2361.905
527.525
614.476
3207.456
928.363
429.769
468.057
6176.781
236.004
927.795
134.452
315.466
94.596
1600.609
2196.781
79.624
173.275
244.547
208.857
1949.639
6.225
137.248
618.887
562.544
463.953
1566.147
802.958
1411.275
817.216
55.787
2543.318
3663.687
31.387
217.559
1172.366
822.351
641.866
1335.527
1758.983
503.883
1663.294
702.004
1482.611
2259.259
476.083
3765.181
178.318
39.214
401.189
602.416
365.924
992.480
71.206
3183.742
330.832
599.837
296.113
645.765
357.225
2140.397
1396.723
189.965
138.527
3037.219
1100.781
263.148
330.614
3.253
695.403
1442.889
933.159
854.697
11.101
66.298
10.269
3251.598
359.248
164.156
4918.910
880.772
2068.469
53.033
1408.671
2342.491
215.196
0.306
284.338
351.181
1883.832
2995.206
117.512
48.535
408.134
717.555
589.992
109.356
309.378
2088.727
1177.005
4320.038
107.294
175.078
936.929
44.742
1373.315
97.883
454.322
368.112
673.267
664.509
1150.570
270.334
0.678
738.951
396.413
343.996
409.964
498.807
2623.675
4077.747
2284.625
391.725
92.208
528.088
202.480
2737.332
1045.770
326.810
5912.685
3441.455
530.623
732.546
1576.808
1479.464
423.042
177.166
208.216
2932.466
2325.271
1.868
4151.877
590.919
1266.662
259.163
179.780
1033.905
1818.430
396.937
135.299
87.454
3560.299
1424.493
220.323
468.089
3650.397
180.053
137.684
430.607
701.033
2329.753
1256.556
173.922
3798.913
82.350
247.502
507.066
2294.567
406.238
205.640
32.226
1238.717
105.601
1082.441
455.022
61.720
2259.306
2153.023
150.571
258.212
8.492
68.921
493.412
1519.644
160.570
332.276
2986.926
180.506
115.140
56.796
436.714
101.209
1707.472
4866.388
1849.699
1022.277
78.729
981.039
1535.394
1637.387
3803.403
2951.773
247.735
409.902
3107.182
381.465
452.687
1081.044
8924.011
222.231
3873.631
381.436
2258.595
380.635
1822.069
1496.554
1201.259
5603.143
2970.122
1195.066
1216.051
682.088
1897.932
500.947
2324.653
1051.785
4.788
80.945
3360.229
1055.262
1860.852
55.342
3858.585
30.078
485.866
1682.092
1142.589
2.216
1718.213
350.097
250.393
1502.109
1731.147
45.957
2987.863
2993.083
188.101
44.416
1067.345
212.718
522.429
265.578
647.953
248.722
126.174
58.691
660.627
5.052
338.128
292.900
66.601
1192.565
2409.873
1851.244
859.015
1450.922
1954.242
657.073
5280.791
178.653
525.188
5173.387
2722.936
582.440
1453.496
874.843
371.216
789.845
302.580
1295.397
27.848
503.142
63.291
1652.260
1044.453
451.557
119.803
1350.556
1722.040
2139.375
674.973
35.770
1832.928
1046.515
467.781
3757.285
267.441
52.064
450.007
8.473
1123.216
89.353
1648.390
915.061
270.891
2854.686
1456.881
20.036
2099.813
1431.027
4726.219
90.930
158.868
2099.303
983.453
206.818
1570.618
687.218
455.267
41.909
549.148
709.930
132.455
204.269
903.114
590.592
503.286
2815.243
22.832
94.335
433.627
1760.214
433.394
62.105
1053.084
49.291
1205.100
66.737
5530.261
4317.377
143.442
692.564
987.415
1765.054
2720.839
176.678
245.947
4866.660
111.010
627.180
321.125
117.095
96.225
3666.821
3778.485
2168.295
10.694
2241.485
957.034
2177.959
1594.651
495.489
782.014
65.426
596.893
49.733
99.121
588.323
195.709
2700.296
1294.824
236.578
29.144
589.015
865.621
110.574
580.790
85.924
1613.016
511.545
8.890
596.546
11.171
740.390
169.880
1013.095
572.896
31.639
3985.614
265.633
149.887
486.045
499.672
95.875
1476.946
330.026
330.839
578.180
5609.585
3170.457
205.425
5389.346
67.914
1334.331
619.709
1403.355
115.502
346.553
167.596
510.001
1337.346
1667.931
1044.789
726.700
3757.135
66.457
996.177
3051.801
2987.733
5876.407
775.461
160.482
475.579
412.057
3539.766
76.296
165.872
159.527
2409.182
1330.820
5482.575
167.598
1060.414
4956.221
1653.823
1194.123
1276.387
43.905
1097.323
16.085
1083.125
2197.295
433.910
528.859
1770.749
4.961
4742.237
408.036
9.449
22.400
3840.831
381.481
863.605
195.191
1404.599
892.225
17.858
340.997
65.252
72.935
207.345
2975.655
1749.426
240.837
171.328
2949.784
976.219
22.759
312.102
73.359
636.031
1601.764
525.111
13.385
1914.745
65.251
3865.241
1264.717
2414.357
3853.398
2827.584
59.899
2700.094
2631.016
845.369
2791.936
1677.258
1853.289
1457.539
1250.336
1357.533
159.792
279.729
2416.673
535.757
1077.834
1557.295
4.230
385.520
3240.225
233.461
1794.443
256.386
352.519
6042.218
1047.141
2250.996
2209.640
946.386
173.829
864.610
56.369
267.740
2155.031
147.691
34.578
175.493
1739.070
779.812
4278.890
949.182
1279.446
620.576
37.419
2979.079
143.828
684.636
239.579
1056.266
1877.212
271.770
2748.032
1498.283
709.337
503.634
2897.210
1430.409
75.458
341.049
248.953
4718.603
246.955
694.316
401.465
1323.157
449.653
3675.129
497.486
6561.756
156.662
2083.274
130.118
661.276
166.707
156.260
1191.341
19.765
461.581
1396.921
321.342
4236.537
142.772
3248.687
1139.376
718.546
1209.846
15.579
358.817
212.021
16.578
100.477
898.546
4411.275
1426.581
2570.619
1960.572
1085.013
481.914
3335.757
8.712
3033.976
497.490
259.395
1035.076
525.891
547.083
95.372
618.212
47.332
1773.821
1769.752
2604.889
351.213
87.384
156.852
713.202
19.527
2126.387
1577.567
100.453
510.570
5597.833
1333.064
149.281
2424.941
672.797
835.401
764.943
131.461
2439.470
2990.068
140.199
2560.882
727.490
342.242
1295.332
28.045
3.308
908.209
6300.146
3136.455
856.660
2403.158
297.493
626.887
271.031
303.438
1483.008
2896.062
2213.631
83.378
143.680
308.441
161.681
508.351
279.928
354.316
896.852
96.542
784.155
1463.326
14.352
2057.261
3647.853
5303.242
940.049
296.979
36.540
164.000
1382.676
140.225
330.485
5703.209
542.631
2326.516
664.260
782.363
1099.534
404.255
526.661
1757.288
572.988
764.283
1450.762
426.795
2828.958
60.702
1799.052
653.851
699.856
2265.674
466.120
1360.748
1261.009
2862.919
281.793
482.664
117.811
2.133
4789.772
314.557
1120.534
419.601
390.273
4896.570
472.430
389.434
32.869
3771.068
19.646
30.879
1973.656
50.343
1338.302
15.189
4465.653
175.022
120.606
3441.686
1704.690
1789.342
605.979
3205.897
2380.906
14.429
421.037
378.046
79.642
858.219
3016.324
1233.526
872.443
2445.486
911.514
842.490
212.369
1092.904
98.484
477.617
216.534
933.851
882.087
1826.890
2796.399
277.410
512.772
208.338
185.539
1750.041
1722.844
1378.309
70.984
419.392
1474.903
310.623
534.358
217.011
3434.035
1268.872
378.432
443.286
567.382
46.010
541.864
610.783
4068.844
2650.146
129.165
172.946
1147.819
1271.065
921.177
1267.387
187.654
243.988
1172.082
6473.986
810.105
2132.020
617.274
2430.449
4121.183
1889.455
41.737
6.016
24.260
1856.487
143.503
3053.905
289.372
1091.170
845.693
367.703
910.822
158.308
1762.107
48.457
723.654
642.722
4883.911
548.651
944.647
713.588
620.327
125.272
1313.769
672.328
32.963
7081.629
4044.527
3287.016
275.653
267.918
1561.769
73.755
175.308
793.222
63.786
271.199
230.383
1451.096
36.490
764.577
667.344
7.175
16.633
246.076
322.808
1387.320
1590.580
4617.758
5368.271
164.809
300.790
80.529
2019.697
1862.896
3587.665
80.253
2700.437
4520.388
1201.276
259.165
2965.730
215.833
5.630
995.977
240.073
2952.855
219.789
43.653
1892.391
292.389
971.270
400.087
482.240
157.458
8.276
7.689
2040.572
34.358
2454.834
1548.086
16.481
1103.185
3145.585
17.393
60.922
3121.222
246.888
1931.923
824.734
3309.136
1097.164
8.943
1379.515
625.488
101.864
1051.854
398.318
102.668
288.395
61.914
6094.511
141.844
6800.742
2057.410
1073.564
2468.682
4398.959
1558.059
731.246
1539.017
1269.639
6508.101
5524.384
356.730
2962.106
8.061
92.855
1608.223
290.320
314.661
179.013
204.938
250.703
2142.534
22.454
4663.313
159.069
2274.528
4364.131
131.603
1542.102
1174.618
181.085
3891.152
270.824
773.160
4.515
1526.898
1447.583
1662.479
1675.656
884.861
897.200
2396.763
31.959
357.481
94.074
26.272
6.161
560.252
1063.885
1388.364
359.021
793.629
2696.415
984.467
14.595
9.013
590.324
1711.277
334.928
2783.676
2164.656
413.580
761.102
109.316
2741.258
2167.858
641.585
162.046
476.663
1327.477
1430.521
369.703
268.696
1862.908
48.863
847.944
1002.546
2406.426
1147.621
2238.557
1198.883
1390.708
627.562
92.491
2795.438
1491.320
34.431
1750.263
4585.015
3673.055
207.544
806.310
749.486
875.353
226.158
12.122
1250.546
27.759
1082.324
130.713
2845.675
1298.438
677.190
746.623
1528.843
5.268
1600.504
2966.759
917.797
293.266
27.238
1370.170
1.741
11.666
28.587
1287.976
91.781
1043.084
1641.976
137.011
1036.662
4689.081
615.480
405.078
460.854
83.931
521.777
3128.477
73.217
5106.787
1032.553
838.077
1820.245
189.204
750.566
185.569
6550.221
825.288
894.741
6808.843
2789.668
1202.495
386.817
2437.199
125.450
1438.049
42.895
4.482
138.023
4903.286
1797.294
366.927
1888.621
509.213
6754.045
71.231
178.072
99.325
1287.653
164.032
5756.757
56.925
108.891
2302.103
726.949
929.692
317.901
1209.737
848.794
2865.259
260.952
66.241
223.907
352.450
2637.682
439.877
307.749
1456.718
474.732
246.220
763.823
133.113
396.458
42.713
1642.703
803.579
13.771
122.068
1395.481
2333.606
1751.235
1664.296
444.046
7852.942
9.910
83.219
53.954
231.392
4990.904
669.487
177.232
5693.806
1106.760
1161.791
2479.441
3377.758
164.973
579.331
2104.172
2167.727
4235.660
111.988
572.150
1269.465
3646.699
715.637
928.179
3682.777
1432.773
1753.491
371.085
3337.573
28.607
550.041
237.898
2900.739
519.693
425.125
468.609
343.965
310.540
5670.901
145.461
1637.120
154.188
485.484
4460.847
192.566
4829.647
664.119
37.590
1697.370
3024.211
1375.017
898.364
2713.408
3780.823
218.138
2887.358
146.787
3833.433
851.668
460.570
1101.766
830.329
1483.581
3971.037
577.482
5861.074
2.080
1741.633
823.727
807.439
1857.709
48.962
2395.010
2194.881
949.872
2183.389
119.881
1227.031
1149.276
25.219
4442.773
290.272
196.013
1340.020
46.552
438.307
14.856
771.598
1279.856
67.210
1064.003
973.683
15.941
1336.132
561.137
3829.866
219.067
1428.968
237.887
230.803
9.117
347.314
1340.835
119.558
289.723
84.658
769.441
5901.833
1009.416
70.393
351.226
78.531
1332.955
162.446
3910.618
407.289
169.657
678.853
698.627
23.619
225.814
2817.864
1897.876
476.216
6.579
107.765
462.584
1250.011
321.009
429.296
749.244
4596.664
1063.800
1264.308
3141.903
38.427
518.631
2747.713
3512.462
160.611
418.527
2735.819
914.382
303.182
1162.951
229.923
204.820
2016.450
36.060
225.772
470.307
155.226
25.292
8.533
506.902
1475.237
384.138
1665.909
720.506
11.658
130.319
406.814
122.224
87.006
1967.149
1439.727
1394.320
1.345
139.594
688.520
899.871
281.878
2242.724
316.942
2965.086
22.523
925.049
428.327
6589.010
109.389
4041.964
478.849
841.650
4782.815
600.952
261.766
1804.757
381.084
7.067
1157.120
1711.507
4.585
989.634
1838.822
2306.152
1550.584
15.584
1998.439
23.040
328.432
1675.470
44.669
1242.980
557.775
2342.714
302.764
520.851
165.834
1549.996
79.993
48.015
532.160
3296.840
790.481
2138.195
6312.171
45.254
1094.593
432.064
5339.144
142.327
850.778
2113.015
336.663
1684.454
3270.344
311.457
361.721
93.792
274.561
83.407
929.656
687.884
1051.296
461.093
1834.265
646.782
621.583
222.996
1042.685
1068.899
2774.667
1441.498
382.240
1487.658
495.568
563.340
617.976
3107.061
1262.158
4142.200
3530.926
1733.688
78.194
1531.278
402.891
1695.917
1623.106
426.644
2630.842
6449.061
122.251
7349.569
132.560
192.087
544.736
3713.223
746.678
112.389
1442.805
655.794
340.885
2288.256
1004.876
130.886
245.333
1501.660
223.155
784.111
3450.164
1275.958
6834.304
1684.013
218.264
1852.924
149.186
111.026
5.156
157.114
723.988
1315.826
95.557
1072.060
691.743
169.059
1756.507
237.689
1395.893
871.152
660.635
20.711
345.637
470.480
1706.810
4172.437
3103.077
325.245
59.516
970.987
35.797
936.687
5286.690
273.544
680.572
3554.343
3263.069
528.183
1202.270
2774.236
4371.281
931.963
1866.103
882.504
68.056
3352.523
4266.120
3288.172
1157.047
161.841
2067.257
223.707
22.599
592.712
2774.092
780.174
70.811
294.107
3434.081
297.548
323.420
350.992
348.213
13.559
988.828
98.867
1206.614
29.802
836.438
198.079
143.401
313.912
648.808
3169.717
1717.002
412.265
3227.734
1475.811
59.358
981.562
315.784
4673.338
350.456
602.063
102.177
1311.219
162.269
4123.783
213.390
2355.116
2332.193
10.190
2221.741
183.472
4677.178
3145.386
307.459
401.036
6088.337
997.051
662.608
2074.713
3312.404
217.597
1983.338
17.762
2244.569
1542.355
343.345
140.286
179.400
1256.649
1932.343
129.647
360.070
244.953
748.095
291.738
930.866
477.994
445.052
155.625
3445.233
835.791
65.713
70.084
836.950
542.230
519.224
268.368
451.117
4957.722
53.778
91.596
37.309
1496.653
2566.959
103.169
40.120
918.147
569.239
848.680
1919.057
128.771
1294.491
86.582
1469.733
1249.145
213.574
1004.199
2286.165
2387.185
644.363
654.407
467.688
2134.256
107.000
176.475
11.881
3186.058
100.810
1075.883
1722.445
947.524
1744.563
160.738
1537.609
280.127
226.547
1102.653
937.663
1382.922
1.339
23.300
184.677
71.233
42.950
2202.425
890.770
199.118
616.506
318.653
4364.117
477.293
7611.543
2924.213
906.660
3383.225
2216.459
1548.446
982.061
2416.692
139.064
5.382
2658.613
4725.672
201.498
2726.557
2991.069
36.021
51.530
1941.929
7.419
2238.864
419.781
885.668
42.300
1204.459
239.064
417.996
126.366
1325.544
783.095
3931.598
979.008
839.200
40.276
3016.651
1307.256
154.718
1298.662
6369.987
320.083
4179.539
19.111
10.818
843.885
73.681
3974.069
474.113
1660.837
945.357
897.792
923.351
2026.978
465.545
34.118
4348.356
555.894
1791.302
2814.031
1174.773
173.257
1068.482
1352.662
25.053
5992.439
1992.213
993.051
3091.667
387.071
3.060
110.795
404.186
392.412
14.410
48.884
8.457
1849.715
253.187
1263.768
1325.824
1133.571
421.961
270.302
1431.942
22.611
338.925
3397.582
66.034
83.267
118.426
6916.445
85.368
1282.493
3155.334
438.912
32.064
1936.539
2866.146
34.760
2609.647
445.042
619.128
214.063
33.301
35.361
371.992
66.005
818.518
1841.849
65.713
7.762
45.164
2957.043
73.093
1016.048
556.639
12.778
256.559
133.177
92.412
294.561
95.935
891.176
1458.370
190.338
152.880
1443.013
2520.260
3125.617
435.470
1088.756
306.540
3181.945
236.934
1474.883
220.069
3915.506
1115.334
770.657
193.835
338.686
18.883
178.547
3560.400
9.178
798.552
611.754
1129.372
517.174
2260.672
5110.218
1197.080
227.835
6.527
13.664
46.525
3183.174
63.501
3625.562
420.649
1394.350
105.333
4525.050
5636.462
7063.225
4136.249
119.923
24.482
2774.674
3.134
297.244
117.612
64.157
1890.851
491.345
91.423
3160.711
8.529
928.290
0.892
40.743
2799.319
734.325
1305.942
693.203
3131.356
23.325
845.651
2171.438
1081.401
196.917
1419.992
45.859
450.866
129.251
488.063
2203.192
256.835
3714.308
275.376
970.636
2586.590
103.104
2498.622
340.293
272.778
2182.741
2099.331
526.074
21.367
587.257
46.794
329.590
2295.703
284.770
462.368
939.877
1731.229
45.359
2114.119
916.291
195.025
1049.291
4842.648
1441.735
2762.526
2023.890
7176.871
8.133
458.623
741.226
2615.447
1502.092
662.506
1709.790
1347.095
1122.568
1815.734
380.430
1017.669
159.904
760.716
1512.735
194.633
2705.315
4003.171
836.708
942.773
5016.597
1026.771
1065.637
50.890
4964.866
1465.744
99.304
2042.359
1125.261
1033.108
221.088
906.303
14.449
141.171
2941.744
514.158
534.650
1346.057
3155.007
61.221
2372.201
289.704
937.759
175.522
32.212
1504.081
1460.378
20.605
848.139
306.247
3757.601
124.043
1136.477
1286.164
1876.173
1426.255
1899.130
91.206
1337.333
219.144
18.904
1186.397
11.552
2029.540
3.345
2760.048
3128.874
83.462
235.417
581.951
36.640
463.893
18.497
350.907
1337.978
39.286
66.585
80.705
861.028
2209.475
12.301
3175.932
501.165
4146.803
306.741
2491.007
687.963
4995.836
2277.927
348.342
2153.194
753.980
1638.962
2647.307
840.459
17.551
1985.906
942.259
3433.813
63.512
2107.267
826.726
184.339
94.866
80.842
3568.536
1434.363
2929.175
2618.929
34.213
2130.455
2388.256
507.002
4412.386
1011.822
2878.302
4011.914
909.350
1492.334
2109.319
2391.505
236.261
477.001
841.273
1065.047
805.139
1262.723
204.519
5549.619
73.583
9.154
70.410
95.036
208.882
2893.377
530.691
3430.570
230.500
18.027
5081.333
1277.959
5171.635
517.855
585.692
193.751
157.977
28.978
25.274
2046.000
187.598
318.007
591.610
173.453
485.459
145.412
2676.827
2853.710
2289.798
1691.362
1162.311
941.030
2098.065
249.824
1350.947
29.650
387.871
1865.570
254.533
57.221
204.672
1713.738
80.745
4728.237
2954.649
3311.698
240.725
708.384
646.661
2536.306
454.532
2578.784
234.778
25.286
1768.186
1608.052
4588.286
165.944
2621.925
446.902
125.904
558.588
6339.861
4623.882
2437.802
305.333
6.998
1659.570
845.038
1323.512
512.776
448.192
138.176
190.831
180.792
188.267
165.358
64.364
411.504
486.016
1160.912
783.853
6889.425
5587.858
2548.459
31.034
70.692
786.892
698.812
4132.457
352.161
1831.255
44.116
380.514
2534.531
195.528
555.117
230.801
275.768
4254.521
1100.395
1991.593
2378.559
5680.760
319.020
1062.878
128.158
237.142
2350.053
1264.584
24.346
5712.763
196.574
135.097
1876.007
231.344
6.837
36.714
1846.070
777.580
749.562
118.210
855.015
2985.115
156.872
300.161
503.383
1605.714
1706.234
28.545
1121.759
1271.744
303.727
1619.759
1059.814
1287.942
119.201
809.921
67.421
649.446
362.765
153.461
1156.694
334.831
3049.354
1137.504
5547.348
81.702
610.778
10.637
116.366
852.182
6921.795
14.099
122.272
27.674
55.484
1146.961
3196.006
1838.929
39.779
276.542
5894.028
835.482
632.820
293.565
1671.779
2164.957
510.001
1334.020
583.130
272.385
556.677
5771.359
77.460
436.834
1951.154
49.748
3168.993
386.072
10.719
59.602
1592.719
1125.856
1024.231
1114.580
664.864
3162.557
574.092
74.093
164.639
508.780
2220.666
3025.150
1246.821
67.112
413.965
3419.738
227.542
3316.061
3862.753
970.843
382.327
837.776
1933.885
2336.124
233.922
777.963
672.176
599.800
2.626
1028.879
22.187
2399.688
503.859
7650.961
3512.815
985.818
2176.662
865.339
2416.800
184.142
4.851
56.870
964.409
236.369
7952.962
809.418
3702.864
209.498
208.855
59.588
592.217
207.313
36.635
726.164
171.694
64.387
639.793
4404.322
18.774
477.747
29.466
487.373
524.832
2.115
64.534
401.473
76.068
17.774
42.696
970.594
7.720
871.718
1743.513
1980.559
11.063
558.848
665.399
5143.099
5755.781
2853.017
575.232
26.931
659.191
213.185
392.277
794.847
74.797
374.230
97.052
2814.012
2070.209
91.995
2765.140
7728.375
5188.322
1032.277
399.711
248.083
4078.235
343.761
27.547
1704.092
1537.508
124.311
544.325
3640.890
164.502
651.313
1673.663
255.820
14.684
3216.230
1637.846
25.255
1233.222
253.873
185.745
198.260
3259.543
117.894
372.710
1691.203
726.440
985.457
528.960
123.046
166.502
202.350
157.965
181.318
608.563
3801.219
67.280
560.089
102.391
480.957
70.624
76.158
826.870
24.719
462.172
771.814
1709.216
149.418
1220.228
974.262
1732.939
2109.100
543.449
790.661
105.436
72.846
1840.311
356.060
1085.067
3551.880
1172.401
2183.089
665.738
888.457
172.041
1786.891
20.033
4998.737
2773.641
409.582
106.333
1090.140
639.248
2110.238
6.051
836.311
54.895
129.163
403.495
4407.461
429.104
409.890
2.757
2264.238
196.103
4670.855
2010.747
3947.464
573.226
4250.601
35.831
252.940
6.200
821.660
2871.192
3835.018
6979.669
516.970
207.194
468.621
253.619
3459.098
1959.023
189.493
138.005
245.673
860.314
1576.122
323.895
3031.780
663.347
1129.259
337.495
787.741
51.115
1761.923
110.308
1494.610
249.031
7635.691
1137.768
56.274
1035.120
224.052
1105.240
641.298
484.958
107.354
3230.774
468.827
182.335
916.550
3485.374
112.392
1370.517
545.647
941.054
3360.219
2118.902
93.483
2503.982
108.310
401.752
911.799
1620.743
8904.240
1146.711
41.725
131.342
2358.017
638.004
966.177
8.374
500.407
480.301
75.792
2270.926
375.494
790.018
2223.250
909.240
2151.959
510.724
3288.711
126.431
5021.994
3805.939
997.529
7.211
1273.128
13.224
898.673
24.746
222.041
718.312
24.606
4080.890
1889.088
268.320
114.530
588.847
237.668
1029.913
648.549
1094.167
1074.476
912.164
117.125
149.450
1575.830
1509.422
1324.285
5328.011
1845.108
51.835
845.613
1291.866
549.333
3628.030
540.297
3599.980
1266.918
107.567
4596.532
530.978
913.458
687.658
3040.259
2737.463
153.149
3853.321
2695.118
186.923
84.988
5780.338
39.014
1739.863
3325.017
1310.207
1876.625
1695.713
4556.506
2424.915
854.147
214.402
2354.891
560.581
2962.551
3071.143
135.365
1724.975
3075.638
2024.099
1219.673
783.711
507.156
1639.530
41.272
23.514
752.249
4533.823
1274.961
183.116
525.159
41.925
2251.859
656.420
929.198
3942.233
8212.669
64.140
349.994
1331.822
671.611
5850.248
1461.752
578.903
65.736
499.812
4897.680
104.408
2771.351
2340.758
1660.562
288.181
604.180
677.317
274.567
85.763
356.745
174.712
2404.509
258.476
389.298
26.183
302.127
781.196
252.333
3315.697
299.244
142.867
1955.859
182.962
2190.409
2224.762
31.413
229.256
1091.043
1162.169
4372.043
116.648
242.256
1185.383
1021.174
934.514
3.407
19.455
1128.709
473.450
303.062
311.092
84.186
657.473
2587.462
329.301
182.235
3644.331
1310.557
3755.220
3294.655
513.832
308.401
1222.064
130.341
22.116
657.908
2031.490
2276.162
7510.648
1051.680
57.675
1741.109
240.872
2028.978
688.539
862.166
6.856
7434.169
300.825
931.494
1486.509
2273.037
469.943
16.965
1476.525
148.506
2088.583
570.719
57.141
2762.291
4966.959
32.267
321.848
275.948
965.855
548.422
1066.541
2171.073
6.236
38.677
46.832
1805.591
107.144
3649.092
199.271
2373.467
1584.028
137.976
2734.488
268.873
2658.840
896.076
202.439
251.645
443.159
2608.131
490.974
763.031
777.317
568.040
3777.383
549.410
390.084
1716.921
59.365
732.729
78.484
861.753
5094.791
487.951
461.211
79.465
2036.814
5538.117
165.009
656.206
1133.578
968.596
1778.476
63.840
78.381
961.900
552.145
81.600
666.708
2009.836
223.330
46.636
121.262
75.374
117.286
59.110
56.272
1429.373
1495.072
459.546
148.248
1677.756
3539.045
6872.518
212.956
1807.984
1808.783
1136.830
608.386
271.894
492.152
2007.559
5145.813
3656.820
2298.933
349.643
23.070
283.875
650.758
286.118
1521.320
996.831
479.811
1433.075
40.993
168.952
2399.806
358.584
5140.800
2642.179
358.883
245.273
57.163
5325.112
80.320
124.126
484.564
57.052
2157.231
2579.618
2871.576
1128.976
506.437
104.143
410.146
5004.788
2029.424
548.459
148.787
7.791
2683.423
617.382
2534.885
165.089
5066.308
294.185
7.354
471.399
1220.550
14.867
243.448
1393.831
3087.254
277.177
744.902
154.277
1449.717
5471.088
665.980
1574.464
1808.240
360.482
1303.518
10.703
763.153
171.437
140.616
43.875
111.034
409.039
1982.043
52.347
528.746
368.138
809.813
241.025
83.707
9.634
46.311
5750.012
555.586
1003.686
248.915
213.330
225.068
47.426
5205.821
364.708
441.117
75.541
214.442
531.272
165.684
893.293
830.028
795.264
510.698
70.575
1077.237
1.786
737.856
2035.605
279.815
595.525
890.442
38.710
592.429
1550.528
221.026
38.712
79.592
374.911
200.874
28.479
2974.475
598.623
438.325
30.106
417.499
320.241
3032.934
796.264
406.795
2215.471
1342.266
3919.291
155.667
424.784
7431.897
6104.201
933.611
4426.750
5.895
680.285
445.241
1930.221
653.606
3522.978
106.523
1620.302
14.456
242.853
715.290
111.539
1560.051
2193.283
1658.466
25.170
95.013
1146.588
16.520
101.250
181.876
1016.094
5279.478
4922.149
306.638
5556.539
2767.268
2910.423
309.089
401.804
1564.119
4030.747
540.876
747.907
129.143
3841.850
356.194
1461.569
168.547
3324.359
51.735
2912.770
1076.834
614.036
2605.560
912.565
1124.403
2705.845
114.318
3014.797
61.390
484.087
150.157
1736.173
4.717
1355.135
721.786
1292.202
127.478
312.530
191.036
41.908
722.416
1818.713
181.506
42.705
1825.241
16.077
1103.486
54.203
1623.354
824.431
10.998
1497.913
1253.377
2151.476
1017.628
1303.498
462.350
417.715
1878.207
442.718
2004.549
734.670
575.747
97.376
38.592
307.602
477.070
2196.642
1144.289
30.364
9.407
3277.111
1678.175
1754.987
997.786
2529.297
2308.470
34.636
596.782
203.965
839.534
130.800
446.720
253.062
2.512
52.804
43.304
1538.906
1087.587
508.012
227.437
4994.790
5.547
4044.453
334.513
1045.254
522.552
93.652
196.628
773.904
2266.221
1079.579
441.087
177.187
7256.151
2100.826
816.302
265.497
551.634
3094.936
1050.245
918.439
2276.699
4935.469
1694.016
2168.959
1863.762
565.310
1172.160
1768.701
44.791
1890.269
1477.320
3241.902
1153.643
1306.789
1279.824
2752.317
1647.148
63.872
1558.188
1170.413
21.168
8105.660
1297.477
1779.255
1795.350
570.151
117.939
37.247
9.346
1869.908
953.614
103.832
228.633
7092.128
724.890
4074.091
1050.147
3272.527
1151.906
1416.608
2374.435
2892.372
20.442
2293.930
1063.341
143.589
129.246
826.920
2429.657
1280.674
5643.935
4409.969
151.063
2225.524
346.662
284.824
1154.402
88.814
1193.990
3324.804
1535.525
344.080
688.618
61.716
160.257
151.019
3591.894
2723.792
1182.463
648.825
809.309
964.502
139.510
558.304
3533.009
75.638
33.282
251.103
440.912
1768.963
