3
1
1
6
6
8
7
9
8
9
11
12
13
15
17
15
15
19
18
18
21
21
22
21
24
28
25
30
31
31
33
32
30
33
33
34
34
39
41
41
39
41
41
46
45
43
48
48
51
50
48
53
53
52
57
55
56
56
61
61
58
62
64
61
66
68
68
67
68
69
68
70
71
71
76
74
78
75
80
79
80
84
80
83
83
84
84
87
91
92
92
91
95
95
93
96
97
95
99
97
101
100
104
102
106
106
109
110
107
108
112
110
113
115
112
118
117
120
120
122
118
119
122
124
122
126
129
128
127
127
133
134
135
135
136
138
134
137
137
138
142
144
145
143
142
148
146
150
147
148
151
149
155
155
152
158
154
158
161
160
160
161
161
161
163
167
164
170
171
172
169
169
171
175
176
173
176
180
179
180
180
181
185
186
183
184
185
187
190
191
188
191
191
191
194
196
194
196
200
201
200
200
201
201
207
207
207
209
209
211
211
211
210
214
213
216
214
220
219
220
221
219
222
224
222
223
229
227
228
231
233
231
231
232
236
236
239
237
236
242
238
244
242
241
245
246
249
247
250
247
249
251
252
256
252
258
259
260
256
262
263
264
263
261
263
265
269
270
267
271
270
274
270
275
275
274
274
276
279
280
283
281
281
283
283
285
288
288
286
290
288
292
294
294
295
293
297
296
301
300
298
302
305
304
302
305
309
309
311
312
312
313
311
314
316
318
319
317
321
322
319
324
325
323
326
326
327
325
331
330
330
334
332
331
332
335
335
338
339
337
342
339
344
343
346
347
349
348
346
347
352
349
350
355
357
357
357
358
361
359
358
359
362
364
366
368
366
370
370
371
372
373
373
375
376
375
377
378
378
381
379
380
381
385
386
385
388
386
387
388
390
391
393
394
397
395
398
400
396
398
403
401
400
406
407
405
404
407
410
408
411
412
414
411
416
417
416
417
420
422
420
423
422
423
427
423
424
425
426
429
432
431
433
431
432
435
434
435
437
440
438
439
444
445
444
446
448
446
451
452
451
454
454
455
455
455
456
458
461
462
461
459
461
464
466
465
466
467
469
469
470
474
471
471
475
475
476
476
480
478
482
481
483
485
485
486
489
487
489
492
492
489
493
492
493
496
496
499
501
499
500
502
501
502
502
506
509
506
511
510
511
512
510
516
514
518
514
519
518
519
521
521
521
524
526
528
524
530
529
528
528
534
533
534
534
533
534
535
538
537
542
541
544
541
544
543
549
549
550
547
550
551
554
556
552
557
555
555
560
557
563
563
564
565
562
565
569
568
570
571
570
573
572
575
577
574
578
579
578
581
581
580
580
585
584
588
586
585
591
588
589
589
590
594
596
596
596
599
599
599
601
603
602
603
604
603
604
606
611
608
608
614
611
616
614
614
614
617
621
620
621
623
623
622
626
625
624
628
629
631
628
631
632
633
635
633
636
638
638
639
643
640
642
644
642
644
645
645
650
648
649
650
651
651
655
654
657
660
657
658
661
663
662
666
665
663
668
670
666
670
669
674
673
674
673
675
678
680
681
677
682
684
680
681
684
683
686
689
686
689
689
691
693
691
694
696
697
695
698
699
700
701
705
703
705
703
708
708
708
708
711
714
710
715
712
715
716
720
720
719
720
723
723
725
726
728
727
729
729
729
733
729
733
734
735
737
738
736
740
738
739
743
741
743
742
747
744
749
746
751
752
750
755
754
752
754
758
757
756
761
759
763
760
765
762
766
767
768
769
770
771
769
773
775
776
774
777
776
781
779
779
784
781
781
783
784
786
786
791
790
789
793
795
792
795
793
797
800
797
802
802
803
802
804
802
808
807
808
806
811
809
811
813
814
814
814
818
819
816
822
821
823
823
823
823
828
829
827
831
830
831
833
835
832
835
834
834
836
836
841
838
841
843
844
846
848
845
846
846
847
850
853
855
853
856
853
859
860
857
861
861
861
863
864
865
867
869
870
871
871
871
870
871
874
873
874
876
877
881
881
879
883
884
884
885
885
888
886
890
890
892
893
891
892
896
893
898
897
900
899
902
902
901
903
907
905
908
905
908
910
908
913
912
913
913
917
916
919
916
920
922
921
923
925
925
928
927
925
930
932
930
929
935
932
937
936
937
940
937
942
939
943
940
942
942
943
949
945
947
948
950
953
952
952
954
955
954
956
959
962
962
959
963
961
963
968
969
966
969
967
971
973
972
971
976
974
976
975
978
980
982
984
980
984
983
987
985
985
988
992
991
992
995
996
994
994
995
995
1001
1001
998
999
1005
1004
1006
1004
1006
1010
1010
1007
1009
1013
1010
1013
1016
1013
1017
1018
1016
1020
1019
1022
1020
1022
1026
1024
1027
1025
1029
1032
1029
1030
1030
1036
1037
1035
1034
1035
1039
1041
1043
1042
1043
1043
1043
1047
1048
1049
1050
1050
1052
1052
1050
1054
1057
1056
1059
1056
1060
1058
1061
1059
1061
1064
1062
1066
1065
1069
1067
1072
1068
1071
1074
1072
1073
1074
1074
1080
1081
1078
1082
1083
1082
1083
1086
1088
1088
1086
1090
1088
1091
1091
1094
1096
1095
1094
1099
1096
1099
1100
1099
1103
1105
1103
1103
1104
1104
1106
1109
1108
1108
1111
1114
1112
1117
1114
1118
1116
1116
1118
1121
1120
1120
1126
1124
1123
1126
1130
1127
1128
1132
1132
1135
1133
1134
1136
1134
1138
1139
1138
1143
1142
1141
1146
1143
1144
1148
1148
1147
1151
1149
1152
1153
1156
1157
1158
1155
1159
1159
1162
1163
1159
1165
1165
1162
1166
1167
1166
1169
1170
1168
1172
1170
1172
1177
1175
1175
1176
1181
1179
1181
1179
1184
1183
1186
1184
1189
1185
1190
1187
1191
1191
1192
1192
1197
1195
1196
1199
1201
1200
1198
1204
1204
1202
1207
1203
1208
1205
1211
1207
1213
1211
1210
1213
1213
1218
1217
1218
1217
1219
1222
1222
1222
1224
1223
1223
1229
1226
1228
1232
1231
1233
1233
1236
1235
1236
1235
1240
1237
1242
1241
1242
1243
1246
1246
1244
1248
1247
1251
1248
1249
1252
1251
1252
1252
1257
1254
1255
1257
1262
1259
1264
1263
1266
1266
1263
1265
1266
1271
1268
1271
1272
1271
1275
1274
1278
1277
1279
1276
1281
1279
1282
1281
1281
1284
1287
1286
1288
1287
1287
1290
1289
1292
1295
1296
1293
1294
1297
1297
1298
1300
1304
1303
1302
1306
1306
1304
1305
1311
1312
1313
1309
1315
1312
1313
1318
1315
1317
1318
1322
1318
1323
1322
1321
1322
1325
1328
1326
1328
1328
1329
1332
1335
1335
1333
1336
1334
1336
1341
1337
1340
1339
1342
1345
1344
1343
1344
1348
1351
1348
1348
1349
1354
1356
1354
1354
1359
1356
1358
1358
1363
1361
1365
1362
1362
1363
1365
1369
1366
1368
1372
1373
1373
1374
1373
1375
1375
1376
1380
1379
1378
1380
1382
1385
1385
1384
1385
1386
1388
1389
1391
1391
1394
1394
1396
1398
1396
1395
1396
1401
1401
1401
1401
1403
1405
1403
1405
1406
1410
1409
1409
1414
1411
1413
1414
1417
1419
1416
1420
1422
1421
1422
1425
1424
1425
1428
1428
1430
1426
1428
1431
1433
1430
1436
1437
1434
1437
1435
1437
1438
1439
1441
1445
1446
1447
1445
1447
1449
1449
1450
1453
1450
1452
1455
1455
1456
1455
1456
1461
1462
1459
1461
1465
1463
1462
1468
1467
1469
1467
1469
1473
1469
1471
1472
1475
1477
1474
1476
1479
1478
1479
1480
1482
1484
1484
1487
1489
1488
1490
1489
1492
1492
1494
1491
1494
1496
1498
1497
1497
1497
1501
1501
1502
1504
1506
1507
1505
1505
1510
1512
1513
1510
1512
1511
1514
1518
1516
1518
1518
1522
1523
1523
1520
1525
1522
1525
1526
1528
1529
1531
1532
1532
1533
1533
1534
1533
1538
1535
1538
1542
1543
1539
1545
1542
1543
1543
1544
1547
1549
1551
1549
1554
1553
1555
1555
1556
1558
1556
1556
1558
1560
1564
1565
1564
1567
1563
1568
1566
1570
1572
1570
1574
1574
1576
1573
1575
1574
1576
1578
1580
1580
1581
1584
1581
1582
1586
1588
1585
1590
1592
1588
1591
1594
1591
1596
1598
1594
1595
1599
1600
1600
1602
1601
1605
1603
1604
1606
1608
1610
1610
1610
1613
1614
1612
1612
1613
1618
1619
1616
1621
1618
1620
1621
1623
1626
1626
1625
1625
1627
1630
1633
1634
1635
1634
1633
1636
1634
1638
1640
1637
1640
1643
1645
1645
1646
1647
1648
1650
1650
1651
1650
1650
1655
1653
1652
1657
1658
1658
1657
1662
1660
1664
1664
1664
1662
1664
1664
1668
1669
1668
1672
1673
1674
1675
1672
1674
1674
1680
1678
1678
1682
1680
1682
1684
1687
1684
1686
1689
1690
1691
1689
1694
1694
1693
1694
1697
1696
1695
1700
1698
1698
1700
1703
1704
1702
1703
1705
1705
1710
1708
1710
1710
1714
1712
1714
1716
1715
1719
1716
1720
1719
1723
1725
1723
1725
1728
1725
1729
1731
1728
1732
1730
1730
1734
1737
1734
1735
1737
1739
1739
1743
1744
1744
1742
1742
1745
1748
1748
1747
1747
1750
1751
1752
1755
1757
1755
1755
1757
1756
1758
1763
1762
1761
1765
1762
1764
1767
1769
1766
1771
1771
1769
1773
1771
1777
1774
1775
1778
1780
1781
1782
1783
1785
1784
1787
1784
1787
1786
1786
1788
1792
1794
1792
1793
1795
1796
1795
1795
1801
1799
1800
1802
1804
1805
1802
1803
1805
1807
1811
1812
1811
1812
1811
1811
1812
1813
1818
1816
1818
1822
1819
1820
1825
1823
1825
1826
1824
1830
1827
1827
1831
1834
1833
1833
1834
1833
1834
1835
1838
1840
1838
1842
1842
1844
1846
1848
1849
1850
1851
1852
1852
1854
1850
1856
1857
1857
1855
1855
1856
1858
1862
1862
1860
1866
1862
1867
1868
1868
1868
1869
1869
1871
1874
1876
1876
1874
1874
1875
1881
1880
1880
1882
1883
1884
1883
1884
1884
1890
1886
1889
1892
1894
1892
1893
1894
1897
1898
1896
1900
1899
1903
1900
1905
1904
1906
1903
1908
1910
1907
1908
1910
1913
1910
1913
1913
1916
1914
1916
1918
1919
1922
1921
1923
1926
1927
1924
1928
1927
1931
1930
1928
1931
1932
1935
1934
1933
1938
1940
1938
1937
1943
1940
1944
1942
1944
1948
1948
1950
1949
1947
1952
1952
1954
1955
1952
1956
1956
1960
1956
1959
1959
1959
1960
1966
1963
1966
1964
1966
1967
1970
1972
1970
1970
1975
1975
1978
1977
1975
1977
1981
1978
1984
1982
1981
1985
1988
1984
1988
1991
1991
1992
1994
1993
1995
1995
1997
1995
1995
1996
1997
2002
1999
2002
2006
2007
2004
2005
2006
2008
2010
2009
2014
2010
2012
2015
2013
2015
2017
2016
2019
2020
2024
2021
2021
2026
2026
2024
2029
2026
2032
2032
2031
2033
2036
2036
2035
2039
2040
2040
2037
2042
2044
2041
2045
2042
2046
2046
2048
2049
2051
2049
2054
2050
2056
2055
2053
2059
2057
2061
2058
2059
2059
2060
2062
2065
2065
2065
2069
2070
2067
2068
2069
2070
2073
2075
2078
2077
2078
2077
2081
2082
2082
2085
2086
2085
2088
2085
2087
2087
2091
2089
2090
2093
2091
2092
2098
2094
2098
2097
2101
2101
2099
2103
2106
2106
2106
2107
2110
2110
2109
2112
2112
2112
2115
2116
2118
2119
2120
2121
2117
2121
2123
2124
2124
2127
2125
2124
2128
2126
2129
2131
2131
2130
2134
2133
2137
2138
2137
2137
2138
2138
2139
2142
2145
2145
2143
2145
2150
2151
2150
2150
2153
2154
2156
2154
2156
2154
2159
2156
2158
2161
2163
2163
2162
2165
2163
2169
2167
2170
2170
2169
2173
2173
2176
2177
2173
2178
2180
2181
2180
2179
2183
2185
2181
2184
2186
2184
2185
2187
2189
2188
2190
2192
2191
2195
2196
2195
2198
2199
2201
2200
2199
2203
2205
2207
2206
2209
2205
2209
2207
2211
2214
2210
2211
2215
2213
2217
2220
2217
2217
2223
2224
2221
2225
2224
2227
2228
2226
2231
2228
2228
2232
2231
2231
2237
2235
2234
2240
2239
2239
2243
2243
2240
2245
2242
2247
2244
2246
2251
2247
2249
2252
2253
2251
2255
2254
2255
2260
2256
2261
2260
2263
2260
2263
2262
2264
2269
2266
2269
2267
2272
2274
2274
2271
2275
2275
2279
2277
2276
2281
2279
2280
2282
2286
2284
2288
2285
2289
2288
2288
2293
2289
2293
2291
2296
2296
2295
2297
2299
2297
2298
2302
2300
2305
2303
2303
2308
2309
2311
2310
2310
2310
2313
2314
2313
2318
2317
2319
2318
2322
2323
2319
2324
2326
2327
2323
2327
2329
2330
2328
2329
2329
2335
2336
2336
2333
2336
2339
2340
2337
2339
2339
2342
2343
2343
2347
2348
2346
2350
2352
2353
2352
2351
2354
2353
2354
2354
2359
2361
2357
2359
2360
2364
2364
2364
2364
2369
2370
2366
2367
2372
2374
2374
2374
2372
2377
2377
2380
2380
2382
2383
2380
2382
2383
2384
2388
2389
2385
2386
2388
2390
2394
2390
2393
2396
2396
2395
2396
2396
2399
2402
2403
2403
2406
2406
2404
2404
2406
2408
2408
2410
2411
2414
2413
2412
2415
2415
2419
2421
2419
2421
2421
2422
2426
2423
2428
2428
2427
2428
2431
2432
2429
2434
2434
2432
2433
2435
2436
2436
2441
2442
2440
2440
2443
2443
2445
2446
2447
2448
2452
2450
2454
2454
2455
2453
2453
2455
2455
2456
2462
2458
2464
2461
2464
2466
2466
2469
2467
2468
2468
2471
2472
2473
2476
2475
2473
2474
2479
2476
2482
2483
2479
2481
2484
2483
2484
2484
2485
2490
2490
2489
2490
2494
2494
2496
2493
2498
2495
2500
2500
2501
2502
2500
2504
2502
2508
2506
2505
2507
2508
2512
2510
2512
2514
2512
2515
2514
2519
2519
2522
2521
2522
2524
2522
2525
2527
2524
2525
2526
2528
2530
2533
2535
2536
2535
2533
2535
2540
2538
2541
2538
2541
2540
2544
2544
2544
2546
2550
2550
2551
2550
2551
2553
2551
2555
2557
2555
2557
2557
2560
2563
2564
2562
2561
2567
2565
2565
2569
2568
2568
2573
2572
2575
2574
2577
2575
2577
2578
2580
2577
2578
2579
2580
2581
2587
2584
2588
2589
2586
2592
2588
2591
2593
2596
2597
2596
2597
2598
2599
2599
2603
2601
2600
2605
2606
2608
2605
2608
2609
2608
2610
2610
2614
2614
2616
2615
2617
2616
2617
2622
2620
2621
2620
2622
2626
2628
2629
2626
2630
2628
2628
2634
2630
2631
2637
2637
2636
2639
2641
2638
2638
2640
2640
2646
2643
2643
2648
2645
2651
2652
2653
2654
2655
2654
2652
2657
2656
2655
2657
2662
2663
2661
2663
2661
2664
2664
2665
2665
2670
2672
2671
2673
2670
2674
2674
2674
2674
2675
2679
2682
2680
2680
2683
2684
2685
2688
2686
2689
2690
2689
2691
2693
2695
2691
2694
2695
2697
2696
2698
2701
2702
2703
2702
2706
2706
2704
2708
2709
2707
2711
2713
2710
2711
2711
2716
2717
2714
2715
2719
2719
2722
2721
2722
2724
2726
2728
2729
2730
2728
2728
2728
2734
2731
2736
2734
2733
2738
2738
2738
2742
2743
2739
2745
2743
2743
2747
2749
2749
2746
2750
2752
2752
2750
2752
2757
2756
2758
2755
2757
2760
2759
2761
2765
2762
2764
2764
2764
2770
2771
2770
2772
2774
2771
2772
2776
2774
2779
2775
2778
2782
2783
2782
2782
2781
2785
2784
2789
2787
2787
2788
2788
2789
2791
2792
2797
2794
2799
2798
2799
2802
2802
2800
2804
2803
2804
2803
2809
2805
2810
2810
2809
2810
2812
2813
2813
2813
2815
2819
2817
2818
2819
2824
2825
2825
2822
2825
2828
2827
2830
2832
2830
2832
2831
2834
2833
2836
2837
2835
2838
2837
2840
2842
2842
2846
2846
2843
2849
2849
2850
2848
2848
2852
2852
2851
2853
2858
2855
2856
2859
2860
2860
2864
2864
2863
2867
2867
2866
2868
2867
2869
2870
2871
2874
2871
2875
2878
2876
2875
2877
2881
2878
2879
2884
2883
2882
2888
2889
2885
2889
2891
2889
2893
2893
2891
2892
2895
2897
2897
2900
2901
2899
2901
2900
2905
2902
2905
2906
2909
2906
2910
2911
2914
2910
2911
2917
2917
2918
2916
2917
2917
2919
2922
2923
2922
2924
2928
2929
2930
2930
2932
2932
2931
2933
2931
2936
2936
2937
2936
2936
2940
2940
2944
2941
2946
2946
2946
2948
2945
2948
2950
2949
2950
2951
2952
2957
2956
2956
2955
2960
2958
2960
2962
2962
2966
2967
2964
2964
2966
2970
2968
2971
2971
2975
2976
2976
2976
2976
2979
2976
2981
2978
2981
2984
2985
2985
2986
2988
2985
2986
2988
2989
2993
2993
2991
2995
2995
2998
2999
2999
3000
3003
3004
3003
3002
3002
3008
3005
3006
3007
3012
3010
3012
3015
3016
3014
3015
3019
3015
3016
3021
3022
3024
3025
3024
3022
3027
3029
3026
3030
3028
3031
3031
3035
3034
3035
3035
3039
3036
3040
3039
3039
3044
3044
3043
3046
3046
3049
3049
3046
3050
3052
3053
3051
3052
3052
3053
3054
3056
3058
3062
3058
3060
3064
3064
3064
3066
3069
3068
3067
3068
3071
3072
3070
3072
3077
3077
3074
3075
3080
3080
3080
3079
3081
3084
3082
3083
3085
3089
3089
3091
3090
3092
3090
3091
3097
3094
3097
3097
3096
3100
3102
3102
3100
3105
3104
3105
3109
3107
3107
3111
3109
3111
3113
3112
3113
3114
3118
3120
3116
3120
3122
3122
3120
3126
3126
3127
3128
3130
3128
3132
3132
3134
3132
3133
3135
3137
3139
3137
3138
3139
3140
3140
3140
3145
3146
3143
3145
3149
3151
3152
3148
3150
3155
3155
3156
3153
3159
3158
3156
3160
3163
3159
3161
3163
3162
3163
3167
3170
3167
3170
3169
3170
3173
3172
3172
3178
3176
3176
3180
3180
3178
3179
3184
3186
3183
3188
3186
3185
3190
3191
3191
3191
3192
3191
3194
3195
3197
3195
3197
3200
3200
3202
3200
3206
3202
3203
3207
3208
3207
3208
3212
3211
3213
3212
3212
3218
3217
3216
3217
3220
3218
3220
3223
3221
3226
3227
3224
3225
3226
3230
3229
3234
3231
3235
3232
3237
3236
3240
3241
3242
3239
3241
3244
3243
3245
3245
3249
3247
3250
3247
3251
3252
3250
3254
3254
3255
3258
3258
3259
3260
3258
3264
3265
3265
3265
3266
3269
3269
3266
3270
3271
3272
3275
3271
3276
3276
3274
3276
3278
3282
3280
3280
3285
3281
3282
3288
3285
3289
3288
3291
3289
3290
3294
3291
3295
3294
3296
3300
3300
3302
3301
3302
3305
3304
3306
3305
3306
3306
3311
3312
3312
3311
3311
3312
3312
3318
3319
3320
3321
3322
3320
3321
3321
3324
3322
3323
3329
3327
3331
3329
3333
3331
3330
3336
3336
3335
3337
3338
3338
3338
3338
3343
3340
3343
3347
3347
3345
3349
3349
3352
3351
3351
3355
3351
3352
3358
3358
3357
3361
3360
3359
3363
3361
3366
3364
3364
3364
3369
3371
3369
3368
3369
3371
3372
3373
3373
3379
3375
3377
3379
3380
3384
3382
3381
3383
3386
3386
3388
3389
3388
3388
3391
3392
3394
3394
3398
3397
3400
3397
3400
3401
3402
3400
3406
3402
3407
3409
3407
3410
3412
3410
3409
3413
3413
3414
3416
3416
3418
3417
3419
3420
3424
3421
3426
3422
3427
3425
3429
3427
3432
3430
3429
3433
3435
3436
3434
3435
3440
3441
3441
3440
3442
3444
3441
3445
3448
3446
3447
3451
3452
3449
3450
3453
3455
3457
3458
3455
3457
3459
3462
3459
3460
3460
3462
3465
3465
3468
3468
3467
3472
3471
3469
3475
3474
3475
3476
3478
3475
3479
3479
3480
3480
3485
3486
3484
3487
3484
3488
3486
3487
3488
3493
3492
3492
3496
3497
3494
3495
3500
3500
3499
3500
3500
3506
3503
3506
3509
3507
3511
3508
3513
3512
3510
3512
3512
3518
3518
3520
3521
3520
3520
3523
3521
3522
3522
3528
3526
3529
3530
3532
3529
3533
3530
3532
3535
3537
3538
3539
3539
3537
3540
3544
3544
3545
3544
3548
3546
3548
3546
3552
3550
3551
3555
3553
3556
3553
3559
3559
3556
3559
3559
3563
3562
3561
3567
3563
3567
3568
3566
3570
3570
3570
3572
3571
3577
3578
3577
3579
3578
3580
3578
3580
3581
3586
3585
3585
3587
3587
3590
3591
3593
3589
3595
3595
3592
3594
3596
3599
3600
3599
3602
3599
3604
3601
3606
3604
3607
3605
3606
3612
3611
3609
3614
3613
3615
3616
3615
3620
3618
3617
3623
3620
3621
3623
3625
3626
3627
3626
3627
3632
3629
3631
3634
3633
3637
3634
3637
3636
3639
3639
3638
3644
3642
3643
3645
3648
3649
3648
3651
3650
3650
3651
3655
3651
3657
3655
3658
3659
3658
3661
3659
3663
3662
3666
3667
3665
3667
3669
3671
3672
3669
3670
3670
3674
3677
3675
3676
3680
3678
3681
3683
3681
3681
3684
3686
3687
3685
3690
3688
3688
3690
3692
3692
3695
3695
3695
3694
3695
3701
3698
3700
3699
3701
3702
3705
3706
3708
3709
3709
3711
3712
3710
3714
3713
3712
3718
3716
3717
3718
3718
3723
3723
3722
3724
3725
3727
3728
3727
3730
3727
3732
3730
3730
3735
3734
3734
3739
3740
3737
3738
3741
3741
3740
3743
3743
3743
3745
3749
3747
3748
3748
3749
3752
3752
3756
3755
3757
3757
3757
3758
3760
3762
3762
3761
3763
3766
3767
3769
3767
3771
3768
3770
3771
3775
3776
3774
3778
3780
3778
3778
3779
3781
3782
3781
3783
3788
3786
3787
3788
3788
3790
3789
3791
3791
3793
3797
3799
3797
3799
3801
3800
3801
3802
3803
3807
3803
3809
3806
3807
3811
3812
3810
3810
3814
3816
3815
3815
3817
3819
3821
3819
3821
3822
3823
3826
3827
3824
3825
3826
3827
3829
3832
3834
3835
3836
3833
3839
3840
3839
3841
3838
3839
3844
3843
3843
3846
3845
3847
3851
3848
3850
3849
3851
3852
3856
3857
3856
3855
3857
3858
3860
3862
3860
3861
3864
3864
3868
3866
3869
3871
3868
3869
3875
3876
3872
3874
3875
3875
3876
3881
3878
3883
3882
3886
3885
3886
3889
3888
3891
3889
3892
3892
3895
3896
3894
3894
3899
3897
3896
3902
3901
3899
3905
3906
3907
3908
3909
3907
3911
3908
3911
3909
3914
3914
3913
3918
3919
3915
3918
3918
3922
3921
3920
3922
3925
3923
3925
3927
3929
3927
3933
3930
3935
3934
3936
3936
3934
3935
3938
3940
3939
3944
3940
3943
3944
3948
3947
3946
3946
3949
3950
3952
3951
3952
3955
3954
3955
3959
3958
3959
3960
3959
3960
3965
3964
3965
3969
3967
3970
3971
3971
3969
3975
3973
3977
3978
3976
3976
3979
3977
3980
3984
3984
3984
3982
3988
3987
3989
3989
3987
3993
3991
3994
3993
3993
3996
3996
4000
3999
3998
4003
4001
4004
4003
4006
4007
4006
4010
4010
4011
4009
4014
4013
4013
4012
4016
4019
4016
4021
4021
4022
4019
4024
4023
4023
4026
4027
4027
4031
4031
4032
4031
4033
4032
4036
4034
4039
4035
4039
4037
4040
4039
4041
4042
4046
4047
4048
4049
4051
4048
4049
4053
4055
4051
4055
4053
4057
4060
4060
4062
4059
4064
4061
4065
4063
4065
4065
4070
4066
4067
4068
4069
4074
4073
4074
4074
4077
4079
4078
4079
4080
4083
4081
4086
4085
4084
4088
4085
4088
4088
4089
4091
4090
4093
4095
4096
4095
4098
4099
4099
4099
4099
4101
4105
4106
4105
4108
4109
4108
4112
4110
4113
4113
4116
4113
4113
4116
4116
4119
4122
4119
4123
4125
4126
4123
4126
4127
4127
4130
4127
4129
4132
4135
4132
4134
4135
4139
4139
4140
4142
4140
4139
4144
4146
4142
4145
4144
4146
4149
4148
4152
4151
4155
4156
4155
4157
4159
4157
4160
4162
4160
4162
4161
4166
4164
4167
4167
4166
4169
4172
4173
4170
4174
4175
4173
4177
4179
4180
4181
4178
4182
4181
4182
4184
4183
4185
4186
4186
4189
4191
4190
4190
4195
4194
4194
4197
4194
4200
4199
4201
4199
4201
4204
4205
4206
4208
4205
4205
4207
4208
4212
4213
4210
4214
4217
4215
4214
4218
4221
4220
4220
4220
4225
4223
4224
4223
4225
4225
4226
4227
4229
4234
4235
4231
4236
4238
4239
4236
4236
4241
4239
4239
4243
4244
4247
4245
4246
4246
4251
4252
4253
4254
4255
4251
4253
4253
4259
4255
4256
4260
4259
4260
4262
4263
4266
4267
4264
4267
4268
4272
4272
4269
4270
4273
4276
4277
4279
4276
4281
4281
4282
4280
4280
4286
4285
4283
4288
4286
4287
4287
4292
4291
4295
4291
4294
4297
4297
4297
4299
4298
4302
4304
4304
4302
4302
4304
4308
4305
4306
4312
4313
4314
4312
4314
4316
4316
4319
4318
4320
4321
4319
4320
4325
4326
4325
4324
4327
4329
4331
4331
4330
4331
4331
4332
4334
4338
4337
4338
4339
4340
4338
4343
4340
4344
4342
4348
4345
4347
4346
4351
4348
4350
4350
4356
4354
4356
4357
4359
4357
4358
4360
4364
4360
4363
4366
4364
4366
4366
4369
4370
4371
4371
4370
4376
4376
4375
4378
4380
4379
4378
4383
4382
4385
4386
4384
4388
4387
4390
4389
4392
4392
4390
4395
4394
4393
4393
4396
4399
4397
4402
4402
4404
4401
4402
4403
4404
4409
4406
4408
4408
4412
4412
4414
4412
4413
4413
4414
4420
4416
4417
4421
4423
4425
4425
4423
4427
4424
4427
4427
4430
4433
4433
4433
4433
4437
4437
4439
4435
4441
4442
4441
4442
4440
4442
4442
4443
4446
4446
4446
4452
4452
4450
4453
4454
4456
4455
4459
4460
4456
4461
4463
4459
4462
4464
4466
4464
4465
4470
4471
4472
4472
4470
4475
4476
4472
4473
4476
4479
4476
4482
4481
4481
4482
4485
4487
4484
4486
4489
4486
4492
4492
4492
4494
4496
4494
4494
4494
4496
4497
4497
4499
4499
4502
4504
4506
4504
4506
4509
4510
4507
4510
4513
4512
4514
4517
4518
4519
4516
4517
4518
4520
4521
4521
4526
4523
4523
4526
4526
4527
4527
4532
4529
4534
4531
4535
4533
4535
4539
4540
4542
4542
4540
4541
4542
4544
4546
4546
4547
4546
4547
4550
4552
4550
4555
4553
4553
4556
4555
4558
4559
4559
4561
4560
4566
4565
4565
4565
4567
4571
4571
4572
4571
4574
4572
4574
4577
4579
4577
4577
4580
4579
4584
4585
4582
4585
4587
4587
4589
4588
4592
4592
4592
4591
4595
4592
4594
4596
4600
4601
4600
4601
4604
4600
4606
4606
4608
4604
4608
4606
4611
4610
4610
4614
4611
4614
4617
4615
4619
4620
4622
4623
4623
4621
4623
4626
4625
4627
4629
4630
4627
4632
4630
4634
4635
4632
4636
4636
4640
4637
4642
4641
4644
4643
4645
4645
4645
4647
4650
4648
4647
4650
4653
4653
4656
4653
4656
4659
4657
4659
4657
4663
4664
4665
4664
4665
4664
4669
4668
4670
4672
4670
4673
4673
4675
4672
4675
4679
4676
4677
4678
4679
4679
4680
4681
4684
4683
4685
4689
4691
4687
4690
4693
4690
4695
4692
4698
4696
4695
4701
4699
4700
4703
4703
4705
4707
4705
4708
4706
4708
4711
4709
4710
4714
4715
4717
4718
4717
4716
4716
4722
4723
4724
4725
4726
4725
4727
4729
4729
4729
4727
4733
4731
4734
4734
4735
4736
4734
4738
4739
4737
4743
4740
4745
4745
4745
4743
4749
4749
4750
4751
4751
4750
4750
4752
4757
4754
4759
4755
4757
4762
4760
4760
4762
4762
4764
4766
4766
4768
4770
4767
4768
4770
4771
4773
4776
4776
4779
4780
4777
4782
4782
4780
4785
4785
4782
4788
4789
4785
4790
4788
4792
4792
4794
4794
4795
4793
4798
4800
4797
4800
4803
4801
4801
4803
4806
4804
4809
4808
4807
4812
4808
4814
4810
4816
4817
4815
4817
4819
4820
4818
4821
4819
4824
4821
4822
4825
4827
4829
4830
4828
4831
4830
4831
4833
4833
4838
4837
4836
4840
4841
4843
4844
4842
4846
4847
4844
4848
4849
4849
4848
4849
4854
4851
4853
4856
4855
4856
4860
4859
4862
4861
4862
4862
4864
4867
4863
4869
4866
4869
4868
4873
4869
4874
4872
4874
4874
4876
4877
4879
4880
4878
4883
4884
4881
4886
4886
4888
4888
4888
4892
4888
4890
4893
4896
4896
4895
4895
4896
4901
4897
4899
4900
4905
4903
4905
4905
4908
4906
4907
4909
4913
4910
4910
4911
4917
4917
4919
4917
4917
4922
4920
4919
4923
4925
4925
4926
4927
4929
4931
4928
4928
4929
4934
4935
4936
4936
4939
4937
4936
4941
4940
4941
4941
4945
4947
4943
4949
4946
4948
4947
4948
4954
4951
4952
4955
4958
4955
4958
4958
4961
4963
4961
4960
4966
4962
4968
4966
4969
4969
4968
4968
4974
4972
4975
4972
4977
4979
4977
4980
4982
4980
4984
4985
4985
4982
4987
4985
4987
4989
4987
4989
4992
4994
4994
4996
4995
4997
4997
5001
4997
4999
5002
5002
5002
5003
5004
5007
5005
5010
5011
5012
5013
5010
5016
5017
5018
5019
5017
5020
5018
5021
5024
5021
5025
5024
5025
5029
5025
5031
5029
5030
5034
5032
5032
5036
5034
5039
5036
5040
5039
5041
5039
5042
5042
5044
5044
5048
5050
5049
5047
5049
5054
5055
5053
5054
5056
5057
5057
5056
5058
5062
5059
5062
5065
5064
5066
5065
5068
5071
5068
5068
5071
5073
5071
5073
5078
5076
5076
5079
5080
5081
5082
5080
5084
5085
5083
5085
5089
5091
5090
5093
5089
5092
5096
5097
5095
5099
5096
5097
5097
5100
5102
5104
5103
5104
5106
5107
5110
5111
5112
5112
5111
5113
5116
5117
5113
5119
5117
5120
5118
5118
5124
5120
5125
5126
5128
5124
5129
5127
5129
5132
5133
5131
5135
5132
5135
5136
5138
5141
5137
5141
5139
5142
5146
5144
5148
5146
5146
5147
5150
5149
5152
5150
5152
5152
5153
5158
5159
5156
5158
5163
5159
5160
5166
5167
5164
5164
5165
5170
5168
5173
5169
5173
5171
5173
5178
5178
5175
5177
5178
5181
5184
5184
5185
5182
5187
5185
5189
5186
5192
5191
5192
5194
5193
5196
5197
5196
5196
5199
5198
5202
5204
5202
5204
5202
5203
5208
5206
5211
5212
5211
5210
5214
5213
5213
5217
5216
5220
5218
5218
5219
5221
5221
5225
5225
5226
5229
5228
5228
5228
5233
5230
5230
5233
5234
5237
5235
5235
5240
5239
5242
5244
5242
5246
5245
5248
5244
5248
5248
5248
5253
5250
5253
5253
5257
5253
5254
5259
5261
5259
5260
5264
5265
5266
5263
5263
5264
5268
5271
5271
5272
5273
5275
5271
5273
5273
5275
5279
5276
5279
5281
5279
5282
5281
5285
5283
5287
5286
5291
5287
5292
5289
5291
5296
5295
5293
5297
5295
5297
5300
5299
5300
5303
5304
5307
5306
5308
5309
5309
5311
5310
5309
5313
5314
5315
5313
5315
5319
5318
5319
5322
5321
5325
5323
5323
5325
5326
5326
5326
5328
5333
5329
5332
5333
5332
5335
5339
5335
5340
5338
5338
5339
5342
5341
5344
5347
5349
5348
5349
5347
5349
5349
5351
5352
5352
5356
5359
5356
5358
5361
5362
5359
5360
5361
5364
5367
5366
5365
5367
5369
5371
5370
5372
5375
5376
5375
5377
5375
5379
5382
5382
5381
5382
5384
5386
5388
5386
5387
5386
5392
5388
5393
5390
5391
5397
5397
5394
5396
5398
5401
5400
5404
5403
5401
5406
5404
5407
5405
5406
5409
5411
5412
5412
5413
5413
5414
5414
5415
5419
5421
5418
5422
5422
5424
5422
5423
5428
5426
5426
5427
5430
5432
5430
5434
5432
5433
5437
5436
5439
5439
5439
5440
5445
5445
5443
5447
5449
5448
5446
5452
5450
5450
5453
5454
5455
5453
5458
5458
5457
5460
5462
5461
5465
5462
5464
5467
5464
5465
5469
5471
5469
5469
5472
5474
5473
5477
5479
5479
5478
5477
5483
5484
5483
5484
5483
5486
5487
5488
5488
5487
5492
5489
5493
5496
5493
5496
5494
5500
5501
5499
5501
5504
5502
5501
5506
5505
5508
5505
5507
5511
5511
5509
5510
5515
5515
5517
5514
5520
5516
5517
5519
5524
5522
5524
5523
5524
5526
5526
5526
5531
5531
5533
5535
5534
5533
5537
5534
5540
5536
5540
5539
5540
5541
5543
5547
5544
5545
5546
5551
5549
5550
5552
5553
5553
5553
5556
5554
5556
5556
5561
5562
5560
5560
5561
5564
5567
5567
5567
5569
5568
5568
5570
5573
5571
5572
5576
5577
5579
5581
5577
5579
5580
5584
5583
5585
5583
5585
5585
5587
5590
5589
5593
5591
5594
5597
5597
5598
5597
5600
5598
5600
5601
5603
5601
5604
5603
5605
5608
5610
5607
5610
5614
5610
5612
5613
5617
5616
5616
5620
5621
5618
5623
5621
5623
5624
5623
5627
5626
5631
5632
5632
5634
5632
5635
5632
5635
5635
5635
5640
5637
5643
5644
5640
5641
5644
5648
5644
5646
5650
5651
5650
5652
5651
5654
5657
5653
5655
5660
5660
5661
5659
5661
5661
5664
5662
5664
5669
5665
5667
5671
5668
5671
5672
5676
5672
5675
5677
5676
5679
5678
5679
5682
5681
5681
5685
5685
5686
5685
5687
5692
5691
5694
5692
5695
5697
5697
5697
5696
5698
5698
5698
5701
5700
5701
5703
5703
5708
5705
5706
5712
5711
5712
5712
5714
5712
5716
5716
5718
5720
5722
5720
5719
5722
5721
5725
5728
5727
5730
5728
5732
5733
5734
5731
5733
5734
5737
5735
5737
5737
5737
5740
5744
5742
5744
5747
5745
5745
5747
5746
5749
5752
5753
5752
5751
5757
5757
5754
5755
5759
5758
5760
5763
5760
5764
5765
5768
5764
5768
5771
5770
5768
5773
5773
5772
5772
5773
5774
5779
5781
5782
5778
5784
5780
5785
5784
5784
5788
5785
5790
5791
5792
5791
5792
5793
5794
5795
5796
5798
5798
5797
5798
5799
5802
5804
5806
5805
5809
5809
5808
5811
5810
5809
5811
5816
5814
5815
5816
5819
5816
5817
5819
5822
5822
5821
5827
5828
5828
5825
5829
5830
5833
5833
5830
5833
5834
5836
5838
5835
5838
5841
5842
5844
5841
5846
5845
5846
5844
5845
5846
5852
5850
5850
5855
5855
5853
5855
5859
5858
5861
5862
5860
5864
5865
5866
5863
5865
5869
5866
5868
5867
5870
5874
5872
5871
5875
5874
5877
5875
5876
5878
5881
5884
5883
5881
5886
5887
5884
5889
5888
5892
5891
5892
5894
5892
5894
5895
5899
5897
5897
5900
5902
5902
5900
5902
5902
5908
5904
5909
5911
5907
5910
5911
5913
5916
5913
5913
5918
5918
5917
5918
5919
5921
5924
5924
5926
5928
5927
5927
5928
5930
5931
5932
5933
5932
5934
5937
5937
5940
5938
5938
5939
5944
5945
5942
5946
5943
5944
5950
5946
5948
5948
5954
5950
5953
5954
5956
5959
5956
5957
5958
5961
5960
5964
5965
5963
5964
5967
5965
5966
5967
5968
5973
5971
5975
5975
5978
5976
5977
5977
5978
5978
5983
5985
5984
5982
5988
5988
5987
5986
5988
5990
5993
5994
5992
5996
5998
5994
6000
6000
5999
5998
6000
6004
6002
6003
6006
6004
6007
6007
6011
6009
6011
6011
6014
6017
6016
6015
6016
6018
6017
6022
6024
6022
6022
6023
6027
6029
6027
6028
6027
6028
6031
6033
6033
6033
6034
6037
6040
6041
6042
6039
6040
6040
6041
6042
6047
6044
6046
6046
6050
6050
6051
6050
6051
6055
6056
6058
6059
6058
6058
6058
6059
6060
6065
6063
6068
6068
6069
6068
6067
6073
6069
6071
6076
6074
6073
6078
6078
6078
6077
6081
6080
6083
6086
6087
6085
6084
6089
6091
6087
6091
6094
6090
6093
6094
6093
6095
6095
6099
6101
6098
6103
6103
6101
6102
6108
6107
6110
6106
6112
6108
6113
6112
6111
6112
6118
6119
6119
6117
6121
6118
6120
6124
6123
6124
6124
6126
6130
6126
6130
6129
6129
6133
6132
6135
6135
6138
6139
6136
6140
6141
6140
6141
6144
6146
6145
6145
6150
6150
6152
6148
6152
6153
6153
6152
6158
6155
6160
6158
6159
6161
6162
6165
6163
6164
6164
6164
6169
6166
6169
6173
6173
6172
6172
6177
6174
6178
6179
6177
6177
6179
6182
6184
6186
6182
6183
6187
6186
6188
6191
6193
6191
6191
6194
6195
6196
6194
6196
6197
6198
6199
6200
6202
6202
6202
6203
6205
6205
6210
6212
6213
6213
6210
6215
6214
6216
6215
6217
6219
6222
6218
6221
6225
6222
6223
6226
6229
6225
6231
6232
6230
6231
6233
6236
6232
6237
6236
6239
6237
6238
6242
6240
6243
6243
6246
6248
6245
6248
6251
6252
6253
6249
6253
6256
6257
6258
6259
6259
6257
6259
6263
6264
6261
6266
6264
6264
6264
6267
6271
6267
6273
6274
6272
6273
6276
6277
6275
6278
6281
6278
6283
6282
6284
6285
6284
6288
6289
6285
6287
6292
6293
6293
6290
6292
6293
6296
6298
6300
6297
6298
6302
6302
6301
6302
6303
6304
6307
6305
6308
6310
6311
6313
6314
6312
6312
6313
6318
6318
6318
6320
6321
6322
6323
6325
6324
6327
6325
6325
6327
6327
6330
6333
6332
6331
6332
6333
6337
6339
6341
6337
6343
6340
6341
6345
6342
6343
6349
6348
6351
6352
6353
6352
6355
6351
6353
6353
6358
6359
6358
6358
6362
6364
6362
6365
6364
6364
6368
6366
6366
6368
6371
6372
6371
6374
6372
6375
6378
6375
6379
6382
6380
6384
6382
6384
6386
6388
6386
6387
6387
6388
6392
6392
6393
6393
6397
6394
6394
6398
6396
6402
6399
6399
6400
6406
6404
6405
6404
6407
6408
6412
6411
6410
6415
6413
6417
6413
6416
6420
6419
6420
6421
6423
6423
6425
6422
6425
6424
6429
6429
6429
6431
6432
6430
6432
6432
6437
6438
6437
6436
6442
6441
6440
6443
6443
6447
6446
6445
6449
6446
6447
6450
6452
6450
6453
6454
6458
6455
6458
6461
6462
6462
6459
6463
6465
6467
6468
6464
6465
6469
6469
6473
6469
6474
6472
6475
6476
6474
6479
6478
6477
6480
6484
6481
6486
6483
6483
6486
6485
6489
6489
6489
6494
6491
6496
6493
6498
6498
6496
6500
6499
6503
6503
6503
6505
6503
6508
6508
6506
6508
6508
6510
6509
6513
6511
6515
6518
6514
6519
6520
6522
6519
6523
6525
6521
6522
6525
6526
6530
6527
6530
6532
6531
6533
6533
6535
6536
6538
6539
6538
6538
6538
6544
6544
6544
6545
6544
6545
6549
6551
6552
6550
6552
6555
6555
6554
6558
6559
6555
6561
6562
6559
6561
6563
6562
6565
6566
6567
6568
6571
6571
6573
6574
6570
6571
6574
6577
6578
6577
6581
6581
6578
6579
6582
6586
6585
6584
6587
6588
6591
6587
6588
6590
6593
6596
6592
6596
6596
6596
6601
6602
6603
6604
6600
6601
6604
6607
6606
6606
6609
6607
6610
6611
6612
6612
6617
6617
6618
6616
6621
6618
6623
6619
6624
6624
6624
6625
6627
6628
6628
6629
6632
6629
6634
6632
6635
6638
6635
6639
6640
6638
6642
6643
6641
6641
6643
6648
6647
6650
6647
6648
6648
6652
6650
6653
6653
6658
6654
6658
6659
6661
6662
6664
6664
6666
6665
6666
6666
6670
6667
6668
6670
6674
6674
6674
6676
6678
6674
6679
6680
6677
6679
6684
6685
6682
6686
6688
6684
6688
6690
6689
6692
6690
6690
6695
6697
6695
6698
6699
6696
6700
6701
6699
6701
6704
6702
6704
6706
6708
6711
6708
6710
6714
6713
6715
6717
6716
6718
6718
6720
6721
6722
6722
6725
6723
6727
6724
6729
6725
6730
6727
6730
6729
6732
6735
6733
6733
6738
6736
6741
6742
6742
6744
6742
6742
6745
6743
6747
6746
6746
6748
6750
6754
6753
6756
6757
6753
6759
6756
6761
6762
6762
6764
6760
6761
6765
6767
6766
6768
6767
6770
6772
6769
6775
6776
6776
6774
6777
6775
6779
6781
6781
6782
6785
6786
6784
6785
6785
6786
6789
6791
6788
6789
6794
6795
6794
6797
6799
6796
6797
6798
6801
6802
6801
6802
6804
6806
6804
6808
6806
6807
6811
6813
6813
6815
6813
6815
6815
6817
6816
6818
6821
6819
6820
6823
6827
6828
6828
6829
6829
6832
6831
6829
6833
6835
6833
6833
6836
6840
6840
6839
6841
6841
6841
6841
6846
6847
6844
6849
6847
6850
6848
6854
6851
6852
6856
6854
6856
6860
6858
6860
6863
6859
6864
6864
6862
6865
6866
6869
6866
6872
6870
6874
6870
6871
6875
6875
6879
6876
6880
6877
6882
6880
6883
6885
6884
6887
6886
6886
6887
6888
6892
6890
6893
6892
6895
6897
6894
6898
6899
6897
6900
6904
6902
6904
6903
6907
6904
6910
6906
6910
6910
6911
6911
6914
6912
6918
6918
6917
6921
6918
6921
6920
6922
6926
6922
6924
6928
6930
6926
6929
6928
6933
6932
6931
6936
6936
6939
6935
6936
6941
6943
6943
6943
6943
6943
6948
6944
6950
6948
6947
6950
6952
6955
6954
6953
6957
6955
6955
6959
6958
6958
6960
6965
6964
6967
6964
6965
6965
6966
6970
6973
6969
6971
6971
6977
6973
6974
6979
6979
6978
6983
6981
6982
6985
6986
6985
6987
6987
6989
6987
6990
6992
6991
6993
6992
6996
6998
6996
7000
7002
7002
7000
7001
7006
7004
7004
7004
7008
7011
7009
7009
7011
7010
7012
7015
7015
7016
7019
7019
7019
7019
7019
7023
7025
7026
7025
7024
7025
7027
7028
7033
7029
7031
7032
7035
7036
7034
7039
7040
7040
7041
7039
7045
7042
7044
7046
7048
7048
7048
7050
7053
7049
7051
7053
7057
7055
7059
7059
7057
7061
7058
7060
7065
7062
7066
7063
7069
7068
7070
7070
7072
7072
7072
7071
7075
7074
7076
7080
7081
7079
7080
7081
7085
7085
7082
7084
7088
7089
7087
7092
7093
7089
7092
7091
7094
7098
7099
7096
7100
7097
7101
7100
7100
7102
7105
7107
7104
7106
7109
7111
7111
7114
7112
7113
7114
7115
7115
7118
7120
7119
7119
7124
7123
7122
7127
7126
7129
7125
7127
7132
7132
7131
7135
7135
7132
7133
7139
7137
7139
7138
7141
7139
7145
7144
7146
7147
7149
7147
7149
7148
7150
7152
7152
7155
7157
7157
7158
7159
7156
7158
7161
7160
7165
7166
7162
7166
7164
7166
7166
7172
7172
7170
7170
7172
7173
7173
7179
7179
7181
7182
7180
7179
7184
7186
7183
7186
7189
7188
7189
7190
7190
7190
7195
7193
7193
7194
7194
7198
7196
7198
7198
7200
7201
7204
7202
7206
7207
7209
7206
7209
7212
7209
7215
7211
7212
7216
7214
7216
7217
7217
7221
7222
7222
7224
7223
7224
7224
7227
7227
7232
7229
7231
7233
7233
7235
7237
7237
7238
7236
7240
7238
7239
7241
7241
7247
7243
7248
7249
7247
7250
7252
7254
7251
7251
7257
7258
7255
7257
7259
7259
7259
7264
7263
7262
7267
7268
7264
7268
7270
7272
7270
7272
7275
7275
7274
7278
7275
7278
7278
7280
7280
7283
7284
7282
7282
7284
7289
7290
7290
7287
7291
7294
7293
7291
7293
7296
7298
7297
7299
7299
7300
7303
7302
7305
7305
7308
7309
7305
7306
7308
7311
7310
7313
7311
7312
7316
7316
7319
7316
7317
7321
7323
7325
7326
7324
7326
7329
7326
7329
7332
7331
7333
7331
7336
7337
7334
7334
7336
7338
7339
7339
7340
7344
7346
7342
7345
7349
7345
7349
7349
7353
7352
7353
7351
7354
7354
7354
7358
7361
7358
7359
7359
7365
7364
7363
7366
7366
7365
7369
7372
7371
7372
7372
7376
7375
7374
7375
7377
7376
7377
7383
7379
7381
7384
7384
7387
7389
7387
7389
7392
7390
7391
7394
7395
7393
7398
7399
7400
7398
7398
7401
7402
7404
7406
7403
7406
7405
7409
7411
7409
7410
7414
7413
7415
7417
7413
7419
7418
7418
7418
7422
7422
7423
7424
7423
7427
7424
7427
7427
7427
7428
7430
7431
7432
7434
7434
7434
7438
7441
7441
7440
7443
7440
7441
7442
7444
7449
7446
7448
7450
7452
7450
7455
7453
7454
7455
7458
7458
7459
7460
7459
7462
7461
7465
7467
7468
7468
7468
7466
7469
7470
7472
7474
7475
7472
7473
7477
7477
7478
7479
7479
7480
7480
7482
7487
7484
7487
7487
7489
7491
7491
7489
7491
7492
7495
7493
7496
7498
7500
7499
7501
7502
7505
7506
7507
7505
7505
7508
7509
7510
7509
7510
7511
7513
7512
7514
7514
7520
7516
7522
7521
7520
7522
7521
7522
7523
7525
7529
7527
7527
7530
7531
7534
7535
7534
7535
7535
7536
7541
7537
7539
7541
7544
7543
7542
7547
7545
7548
7550
7548
7550
7550
7550
7554
7555
7556
7557
7555
7557
7562
7561
7563
7563
7564
7564
7567
7564
7566
7571
7571
7570
7569
7575
7574
7573
7578
7576
7576
7576
7579
7580
7583
7583
7584
7583
7588
7587
7590
7590
7592
7589
7590
7592
7593
7594
7597
7596
7598
7599
7602
7602
7602
7603
7605
7607
7606
7606
7605
7610
7609
7611
7613
7612
7611
7612
7618
7618
7618
7620
7618
7621
7624
7625
7624
7624
7628
7629
7629
7631
7632
7629
7629
7632
7633
7633
7633
7637
7638
7639
7640
7639
7639
7641
7641
7645
7646
7647
7646
7651
7648
7652
7653
7650
7651
7654
7658
7657
7660
7657
7658
7659
7659
7660
7663
7664
7663
7665
7667
7666
7669
7672
7670
7670
7673
7676
7676
7674
7676
7677
7680
7681
7680
7684
7685
7685
7688
7685
7689
7687
7688
7693
7694
7690
7696
7692
7697
7696
7697
7701
7700
7701
7702
7704
7704
7702
7706
7708
7708
7709
7710
7708
7710
7712
7715
7716
7718
7716
7720
7717
7717
7723
7719
7721
7723
7722
7726
7727
7725
7731
7730
7733
7733
7735
7731
7732
7736
7736
7739
7737
7740
7742
7739
7741
7745
7747
7747
7747
7750
7748
7749
7750
7750
7753
7755
7756
7753
7757
7755
7758
7759
7759
7763
7765
7761
7765
7764
7765
7765
7771
7767
7770
7773
7773
7773
7772
7776
7779
7776
7780
7782
7780
7784
7781
7784
7782
7786
7787
7787
7786
7789
7790
7791
7790
7792
7797
7795
7797
7796
7798
7801
7798
7801
7801
7805
7807
7808
7804
7806
7810
7807
7813
7812
7815
7811
7813
7813
7819
7815
7816
7817
7820
7820
7820
7821
7827
7826
7825
7830
7829
7828
7830
7830
7831
7833
7836
7837
7839
7835
7840
7840
7838
7839
7845
7844
7845
7846
7849
7848
7848
7852
7851
7849
7853
7854
7856
7853
7856
7860
7858
7862
7859
7864
7860
7863
7865
7867
7866
7866
7869
7871
7869
7872
7871
7874
7877
7877
7874
7876
7880
7877
7882
7882
7883
7881
7886
7885
7887
7890
7888
7892
7889
7892
7894
7896
7895
7896
7896
7899
7897
7897
7902
7904
7901
7905
7906
7905
7906
7908
7911
7908
7912
7913
7912
7914
7912
7913
7914
7915
7916
7918
7919
7921
7920
7923
7923
7924
7928
7929
7929
7928
7929
7929
7934
7932
7932
7936
7935
7938
7936
7937
7940
7943
7945
7943
7947
7946
7945
7947
7947
7948
7953
7950
7951
7956
7956
7957
7956
7960
7958
7962
7961
7962
7964
7963
7962
7967
7968
7969
7971
7971
7969
7972
7971
7976
7973
7977
7977
7979
7977
7982
7981
7981
7983
7985
7982
7983
7986
7986
7988
7988
7992
7991
7993
7995
7993
7997
7994
7999
8001
8001
8002
8001
8005
8004
8004
8007
8007
8005
8009
8009
8010
8010
8011
8011
8015
8016
8019
8019
8020
8020
8020
8021
8023
8026
8024
8027
8029
8028
8031
8029
8028
8032
8031
8034
8037
8035
8038
8037
8038
8042
8040
8039
8045
8042
8042
8045
8048
8047
8051
8050
8049
8050
8051
8053
8057
8056
8056
8057
8056
8062
8062
8061
8062
8061
8063
8066
8065
8065
8066
8067
8070
8073
8074
8072
8074
8078
8074
8075
8080
8080
8079
8082
8082
8084
8082
8088
8088
8090
8088
8092
8091
8094
8093
8094
8093
8097
8096
8095
8099
8098
8103
8104
8100
8105
8103
8103
8106
8108
8107
8111
8112
8112
8114
8112
8114
8117
8115
8117
8117
8117
8122
8124
8120
8124
8122
8124
8129
8130
8128
8132
8133
8132
8130
8131
8133
8135
8138
8138
8140
8142
8140
8140
8141
8141
8147
8148
8145
8150
8148
8152
8150
8152
8153
8154
8156
8156
8158
8160
8159
8159
8162
8164
8164
8162
8165
8166
8166
8165
8170
8172
8170
8173
8175
8171
8174
8177
8176
8175
8178
8179
8183
8182
8183
8183
8183
8183
8189
8185
8190
8189
8189
8190
8195
8191
8194
8196
8195
8199
8199
8197
8201
8202
8204
8202
8202
8206
8204
8209
8207
8211
8208
8214
8215
8214
8215
8216
8217
8216
8218
8219
8218
8223
8220
8225
8223
8227
8225
8230
8230
8229
8231
8234
8234
8234
8232
8238
8234
8240
8241
8239
8241
8243
8243
8242
8244
8244
8246
8248
8249
8248
8252
8252
8252
8253
8254
8253
8257
8260
8257
8257
8262
8259
8260
8261
8267
8263
8267
8270
8266
8272
8271
8270
8270
8275
8272
8273
8275
8278
8277
8279
8280
8284
8280
8284
8286
8286
8284
8287
8289
8290
8293
8290
8293
8292
8293
8293
8295
8299
8299
8298
8299
8300
8300
8306
8307
8303
8305
8306
8310
8309
8308
8313
8315
8311
8316
8316
8316
8317
8318
8320
8318
8322
8323
8325
8326
8328
8324
8326
8326
8327
8332
8333
8333
8332
8336
8335
8337
8340
8340
8339
8339
8343
8343
8345
8343
8345
8345
8349
8350
8350
8351
8351
8351
8356
8353
8353
8354
8355
8361
8361
8362
8363
8362
8362
8365
8368
8365
8370
8369
8371
8371
8372
8373
8372
8373
8377
8377
8376
8377
8380
8378
8379
8381
8383
8382
8388
8386
8390
8388
8391
8392
8392
8391
8396
8392
8394
8397
8398
8396
8402
8400
8404
8405
8401
8405
8408
8408
8409
8410
8407
8412
8411
8412
8413
8416
8414
8414
8418
8420
8422
8423
8421
8421
8423
8427
8428
8425
8425
8426
8429
8433
8430
8434
8431
8436
8436
8437
8435
8436
8439
8439
8441
8441
8445
8443
8443
8448
8449
8446
8449
8453
8451
8454
8456
8453
8453
8457
8456
8458
8461
8462
8462
8462
8464
8465
8465
8468
8466
8470
8472
8468
8474
8470
8471
8472
8473
8476
8475
8481
8479
8480
8479
8480
8481
8483
8486
8486
8490
8486
8488
8493
8494
8493
8496
8497
8498
8495
8497
8499
8500
8502
8499
8504
8502
8507
8505
8509
8510
8509
8510
8509
8509
8514
8511
8517
8514
8516
8519
8521
8521
8520
8520
8520
8524
8522
8526
8528
8529
8531
8528
8533
8533
8534
8532
8537
8535
8534
8540
8540
8542
8541
8543
8542
8546
8545
8543
8545
8548
8546
8552
8551
8550
8554
8553
8557
8556
8555
8557
8559
8557
8560
8559
8562
8561
8565
8564
8567
8570
8570
8571
8568
8572
8574
8571
8575
8576
8577
8575
8579
8582
8580
8583
8580
8584
8582
8587
8585
8586
8590
8591
8592
8589
8593
8592
8597
8593
8597
8596
8599
8601
8603
8599
8601
8604
8607
8608
8608
8607
8608
8611
8608
8609
8614
8615
8612
8618
8619
8616
8621
8618
8619
8624
8620
8623
8624
8623
8625
8626
8627
8630
8631
8629
8631
8634
8635
8637
8636
8638
8641
8637
8642
8644
8640
8644
8646
8643
8649
8647
8648
8649
8648
8652
8653
8655
8653
8653
8656
8660
8660
8658
8662
8662
8660
8662
8663
8665
8665
8668
8671
8670
8672
8673
8675
8672
8675
8676
8675
8676
8679
8678
8678
8683
8683
8682
8686
8688
8689
8690
8687
8689
8689
8693
8694
8696
8696
8693
8697
8695
8698
8698
8702
8703
8700
8704
8707
8708
8704
8705
8710
8710
8708
8712
8711
8714
8714
8715
8714
8715
8717
8720
8718
8720
8720
8725
8722
8728
8725
8729
8731
8728
8729
8729
8734
8732
8737
8734
8739
8736
8736
8742
8740
8739
8740
8745
8746
8745
8746
8750
8747
8750
8753
8750
8753
8754
8752
8755
8757
8759
8756
8762
8758
8760
8763
8761
8764
8764
8769
8765
8767
8767
8769
8769
8775
8773
8777
8777
8775
8779
8781
8781
8778
8784
8780
8781
8787
8783
8787
8790
8789
8792
8788
8789
8795
8793
8795
8794
8794
8800
8798
8799
8802
8801
8800
8801
8806
8808
8809
8805
8809
8808
8808
8811
8814
8814
8813
8813
8817
8816
8820
8818
8822
8821
8821
8825
8826
8824
8826
8826
8831
8831
8829
8834
8833
8832
8832
8836
8837
8838
8839
8841
8839
8840
8844
8843
8846
8843
8846
8846
8851
8851
8852
8853
8851
8852
8853
8856
8859
8860
8860
8860
8859
8864
8860
8864
8867
8866
8868
8868
8871
8867
8870
8873
8872
8873
8872
8874
8877
8879
8880
8881
8879
8884
8884
8882
8883
8885
8886
8887
8887
8890
8891
8890
8892
8896
8895
8896
8894
8897
8901
8902
8902
8902
8901
8901
8907
8904
8907
8905
8911
8911
8912
8914
8913
8916
8914
8917
8918
8920
8919
8922
8922
8921
8922
8922
8922
8928
8929
8926
8931
8930
8929
8930
8931
8932
8933
8934
8939
8938
8938
8942
8940
8940
8944
8945
8946
8944
8946
8946
8951
8949
8953
8949
8952
8952
8953
8958
8958
8958
8958
8960
8958
8964
8964
8965
8966
8963
8967
8970
8971
8970
8971
8970
8972
8973
8976
8977
8976
8976
8981
8982
8978
8983
8982
8985
8983
8988
8984
8987
8987
8989
8988
8994
8990
8996
8994
8995
8998
8996
9001
9001
