1
4
5
5
7
5
7
6
6
12
10
12
12
16
14
17
18
19
19
21
21
22
22
25
22
23
28
30
26
28
31
29
34
31
36
37
37
36
41
42
38
40
45
43
43
44
46
50
46
48
49
50
55
51
57
55
58
60
56
57
59
59
63
63
63
65
66
70
69
67
69
73
74
74
74
73
76
75
77
81
83
79
81
84
87
83
89
87
88
90
90
91
90
94
96
98
96
95
99
97
103
102
100
104
103
105
108
109
107
109
109
114
111
113
115
118
114
117
116
118
120
123
125
122
126
128
126
125
130
127
131
133
131
135
133
133
138
140
138
137
139
141
143
143
142
148
149
147
151
152
150
149
153
155
156
155
158
160
157
161
160
163
165
161
162
164
169
169
169
168
172
169
175
174
175
176
175
175
178
180
178
182
181
183
186
188
188
189
189
187
193
189
193
191
194
198
194
198
199
199
203
203
201
203
204
207
208
210
210
207
210
213
214
213
213
216
214
215
220
221
221
223
222
223
222
226
224
225
230
229
229
230
231
231
235
235
238
240
238
241
242
241
243
244
243
247
248
246
250
252
251
250
253
251
252
254
256
255
257
258
263
263
260
266
266
268
267
268
271
271
272
271
273
274
272
274
277
280
276
281
280
284
280
283
287
287
288
289
286
290
290
293
293
295
297
298
299
299
299
299
300
303
301
301
306
304
304
309
308
309
311
310
310
312
316
313
317
317
318
322
320
321
325
326
322
327
326
330
326
328
332
333
330
336
334
335
337
335
338
338
340
339
344
341
347
347
347
349
348
347
352
352
353
354
357
354
355
358
357
362
359
359
365
365
363
368
369
370
366
369
370
369
372
372
374
376
379
375
378
381
381
379
380
385
386
388
384
387
391
391
388
392
392
392
395
396
397
397
398
401
398
403
401
402
405
406
404
410
410
412
413
410
413
415
413
416
418
419
418
420
421
423
420
423
424
423
426
428
431
432
430
433
431
435
433
438
435
435
436
437
439
444
442
446
443
448
449
445
446
451
450
450
451
451
455
453
454
458
461
460
458
461
461
466
465
465
465
468
466
472
470
473
475
476
473
478
475
477
479
481
480
481
481
486
487
486
488
490
487
487
488
493
491
494
492
494
499
495
497
502
499
499
500
501
505
505
507
510
510
507
513
511
513
511
517
518
516
517
521
522
519
524
521
522
524
526
526
528
526
530
528
529
535
531
536
535
535
536
537
537
541
544
540
541
544
547
545
548
546
549
549
553
550
553
557
557
556
556
558
558
562
563
562
563
565
564
569
569
569
568
572
572
572
574
576
573
579
580
577
581
582
583
581
585
585
584
586
589
590
589
589
589
590
594
597
595
599
598
600
600
601
603
601
601
605
604
609
607
607
611
608
610
613
612
613
615
618
617
616
622
622
620
620
622
622
623
628
629
626
629
629
634
630
633
635
636
635
640
639
640
640
643
644
642
644
646
645
645
649
651
651
650
654
653
657
655
658
657
660
657
658
664
664
664
666
663
666
668
670
667
669
671
673
671
673
675
679
677
679
680
680
680
681
681
685
685
684
690
690
687
692
691
694
693
697
696
698
697
699
699
701
700
700
706
707
703
706
710
707
712
709
712
714
713
714
718
717
718
718
720
720
724
723
723
724
724
728
728
729
727
731
734
735
735
733
738
736
736
740
740
743
739
740
744
744
744
746
750
748
752
752
754
754
755
756
753
759
758
758
757
758
759
762
765
763
763
765
769
770
771
771
770
770
773
776
774
777
776
780
780
780
780
785
786
783
788
784
790
787
790
789
791
792
791
797
795
795
798
800
800
799
799
800
805
804
803
804
810
808
807
812
809
810
811
814
818
819
818
819
819
821
824
822
821
825
827
828
830
826
828
832
829
830
831
834
837
839
836
839
840
840
842
844
841
846
844
849
845
849
850
852
851
851
851
853
853
859
856
856
857
860
862
861
861
867
866
867
867
869
869
872
874
872
875
874
874
879
877
876
881
883
882
880
882
882
886
889
890
889
892
893
894
893
893
895
896
895
898
896
902
