-4773
97608
96613
-58244
97624
40895
9568
-9451
-80302
28795
81123
-69896
-9609
-60521
-29037
-36770
55425
13610
8775
75920
-87334
-64665
88230
21443
-98607
97102
75779
-80906
-63815
-91232
-29510
-58768
-51248
86110
17053
-38089
66385
-83569
-95522
-68841
-79127
35169
-10678
8306
-86179
18230
-68503
72895
-81332
7423
18896
-29986
-44109
39354
66957
61008
29253
2817
-74434
64270
-80762
81920
80524
70974
-13454
57529
-24371
47057
-43925
60835
-17698
-88674
-17613
49433
-81204
-73624
98209
-47321
-33996
-38915
-90742
26813
-27339
58563
55932
48357
60385
71113
52820
67519
43354
94164
-32025
36088
89160
39362
-38036
-9630
18144
3345
-79027
-37158
-34314
-42871
-17654
41542
73799
-6116
-81583
13660
35217
60162
-88873
33152
72793
-5968
4077
35039
-47904
73963
-22434
9969
-22649
99992
-84644
-51032
24120
3164
85740
-74628
-59416
-36448
-52451
71698
-46451
-8569
68460
-1585
61344
-74745
-41511
-70663
-345
-22956
-71629
25291
-72228
28457
-47506
-79416
26267
-65044
19162
-48401
96167
-46137
-32030
84262
-81430
69918
-51021
-42753
49173
-7462
83281
-63758
-87701
-32082
35819
-67495
-36542
-55058
78697
-93222
17700
-49789
-71835
-27539
-61131
14356
-71431
-42289
3934
15112
81476
-50025
-30084
83655
36241
35240
-42617
-57428
-52831
33076
84334
25161
98786
-78871
94061
19696
-69916
52306
-88847
82874
51428
30418
46751
-1204
11218
90427
51288
-22399
61354
43426
-47852
-14012
75950
-42917
-4318
4424
35026
-51213
84
-76855
58446
19323
26515
9105
81919
-69882
-63083
-67940
-75582
93924
-85362
-82974
69190
-19827
2027
-77191
16023
77784
-27869
99856
-15566
-6675
-75013
-87845
67971
-55972
-71061
36929
-26919
-97806
-54175
8056
-39150
85388
640
49651
35634
-75018
-66100
19929
-44906
12939
7770
-86686
-46483
-18329
19915
22890
62073
5240
75236
19343
-93807
69176
-98753
-35880
45496
41049
38307
-50299
68058
-90440
-75843
93401
7233
-8149
-57397
11600
-49536
6697
30174
70633
5811
71023
-17590
56489
95028
19775
57025
24186
60091
79732
48847
46144
86509
-90346
48999
39622
83386
8825
75972
-3381
-32469
71582
80088
-26454
-71882
-69309
-98989
-5302
69829
12742
-34700
54032
29752
-81237
-9462
72726
-47603
-54714
8352
-12141
6824
-53204
-92242
-96406
-58466
-65955
-27127
53165
-90897
16052
13554
-10685
12444
37331
542
79691
43585
6131
-23053
14320
-83485
-21383
17201
-92611
76743
-9608
86533
15763
12717
-6640
82855
59979
28314
92938
-5380
-44009
-98571
13841
-30960
7959
55657
-11392
-39207
51255
42549
88226
-60728
52682
-87816
-49656
85081
87422
14132
27616
63278
-69894
-72161
-76059
8859
84072
-25524
-96259
81585
89139
5351
-70321
7727
-65345
-15206
59877
-10603
-741
93499
-91128
67757
16422
20315
-51877
-71632
81506
13639
-75707
45802
-4590
-1471
11582
41977
-40235
-92304
-69221
-7173
56469
29083
-27849
-69197
68128
-1136
-17144
46310
-38066
-77691
49031
78818
-73604
90327
5800
-74237
414
12656
-58432
31540
-5845
-98929
-17065
59566
46449
-71380
-15844
20459
59122
-16754
52243
82882
30278
77002
18833
46962
-93897
74406
-78769
36522
57565
-24437
95765
21871
-93493
9527
21715
89112
-10197
-32388
42385
-10423
-167
-91116
-8311
71132
-81050
-62705
-26180
13572
-91535
-45682
1037
32227
20105
74810
-653
78738
-32085
-89548
-58364
79011
16953
90199
34893
-92458
-67401
-95411
32708
52624
-82749
64556
-4161
8847
-84208
-95282
76647
-16178
-45240
-14636
-39494
-58630
89078
-12310
-41453
57754
-22256
24094
-773
92424
-15068
15250
80398
22949
-73955
-15895
49345
69994
-9937
-61847
90115
97843
70182
-85814
30353
-31246
-1351
52614
-54181
-19421
50372
-96019
-5791
20767
-51654
-3954
-57700
-20055
-10251
53203
-44853
-55528
60721
98871
-5933
83543
-14509
59011
97312
71697
-81284
67504
-99419
-75336
-24743
90467
-17353
58380
-22682
-36469
99167
83954
5611
-11440
-60288
68721
84066
-65628
49001
76155
8795
-13124
1710
-34395
-26164
99427
33542
-2777
-94642
-75463
72096
-94985
-9517
-34446
72907
-25155
-46217
-148
-50107
54615
24995
-8381
-46942
15006
50241
85798
-95794
-51344
184
67226
45888
46550
-80775
-34281
33919
58159
-91779
-91694
-50797
-7333
24146
42861
-43607
33853
24325
-93689
-49138
-98149
55268
-24926
39834
-27744
-59784
67159
-37610
-30217
-13601
-12262
43158
78063
-15625
-3248
-79523
87632
-88188
-35484
10802
51707
81349
-63963
-93452
-90313
-96946
-68585
34960
28744
7338
92895
-59541
-44815
52370
-48071
74937
-47063
6409
-71953
42600
43328
28370
-71642
-13296
47979
-59502
-52464
91487
-12080
-55590
74909
-83858
71248
-47833
54132
-869
57095
-56288
94532
-89149
-69046
56273
32454
-18381
-42813
60658
61590
-75597
53251
-97446
94741
50135
-82001
-56258
20550
71288
77954
82926
-84577
63438
92425
30017
-2350
-69904
-25512
81514
11095
97285
22926
26775
40146
-30388
-34561
68499
-74541
-39491
-69145
-63614
-33658
-76606
56252
-12581
-77193
77588
-81493
76114
-79604
47277
-32897
90497
-97117
-63041
-97045
15776
-69648
6515
10561
88903
61803
43440
26886
63409
84998
12436
5722
72078
20082
46505
98692
-11140
-14371
26829
16212
-16983
-37750
-6023
-12827
8129
29721
49371
68805
36886
-6846
12282
30262
74805
-98111
-74252
-92418
24722
-67240
-97044
22280
68510
76346
32350
-28941
-27536
-5071
-95037
-59209
87752
-77411
-60174
-95795
9882
84867
32120
-36135
86489
-36579
-20466
-58674
-86307
483
85502
-53760
-69370
18807
-1715
92932
-69988
-65675
-6999
-2754
-47696
-19380
-57071
4731
-58012
-51402
91316
78799
15099
-8799
-61007
5830
-6611
-95907
-76974
94682
-58389
18317
92385
46805
-34762
13215
-80303
-63820
13253
16262
-9253
18110
60555
87231
25955
-58846
-41448
-322
30611
16730
-97828
-179
-66557
98021
43439
-84382
-83343
-90948
91809
69290
-47679
6843
-24378
10991
-79685
73898
84245
27444
-21978
63528
75684
-77228
63028
29094
43705
-89011
86054
86664
-36622
-86811
25004
29961
8831
-37217
50144
-99635
-80493
12755
52672
21269
-22594
41911
63523
-18239
67983
