593.854
13.300
2620.514
680.030
961.295
61.317
6434.212
600.438
5427.036
3441.050
9.752
975.044
1458.884
366.952
140.410
3534.660
4478.253
558.145
1104.553
56.190
935.766
145.247
692.565
7001.487
611.683
707.174
215.942
169.713
1244.826
708.921
2803.391
98.108
421.763
1405.005
168.073
5246.671
2239.038
352.349
498.402
58.724
531.531
678.263
158.648
3149.887
1022.090
137.343
99.489
28.944
64.779
280.738
38.153
973.564
169.824
32.830
255.605
69.425
189.384
1103.825
1953.490
1078.395
873.091
1162.421
1629.534
140.351
1.821
3455.779
383.145
4650.614
93.148
1.115
1692.879
71.425
2972.495
841.048
179.316
4909.222
598.810
1599.401
663.873
1282.004
420.331
543.783
2872.620
568.348
219.044
4482.210
2512.294
1374.169
20.198
36.691
1419.443
823.443
3.436
626.231
89.058
307.795
3426.535
3150.391
1333.062
2562.171
109.325
2844.546
62.083
4601.219
3416.980
2627.343
555.936
2664.904
31.803
774.699
3384.803
536.721
2041.102
5656.843
1011.680
1512.152
2260.158
29.180
2836.689
334.926
1568.063
1016.699
488.761
5329.573
1456.438
1729.785
1461.392
8.030
640.754
1589.514
4602.257
13.612
168.366
2463.859
81.420
4623.685
2677.436
134.075
3357.861
2015.299
827.629
2848.751
72.495
258.518
2361.132
339.501
1242.316
6621.209
3835.306
102.505
72.133
581.300
1931.464
5042.476
944.307
1075.551
619.423
148.798
166.995
359.078
364.329
986.815
68.874
4202.720
80.827
143.256
2213.541
37.859
710.135
336.026
1171.110
268.345
1617.144
215.544
24.261
4085.417
2110.661
6725.857
5067.031
1724.791
1483.850
753.516
520.206
56.508
1380.012
104.272
182.096
8150.272
247.041
61.792
2456.123
3928.996
2723.383
1800.985
1242.781
27.021
2777.414
1358.950
284.934
9.316
344.223
43.621
577.423
1879.915
366.932
458.079
169.664
489.106
577.991
97.005
6131.031
372.275
2406.398
730.299
3738.675
575.289
3.707
4241.813
1260.115
128.205
1795.825
1281.425
96.806
1915.608
612.296
158.081
171.134
361.499
2022.907
1571.949
5736.456
217.120
114.353
108.496
222.840
2093.053
1371.902
850.960
794.639
1151.073
14.750
2540.252
811.576
1067.668
424.238
1682.840
357.475
3474.572
291.229
411.753
157.748
1.759
2345.062
1815.358
1484.347
125.192
1892.427
5452.479
1209.400
3785.059
346.965
284.298
242.647
465.437
122.428
445.382
164.995
59.934
331.071
107.086
95.916
448.169
2906.892
1001.818
661.450
1810.356
80.119
2481.534
237.799
963.618
805.081
504.652
4224.751
1630.992
122.078
37.311
153.833
2266.258
1148.567
1205.455
2697.236
492.453
89.784
391.766
217.837
433.681
1380.958
784.794
708.624
221.001
208.655
452.552
1076.461
33.711
1.531
1500.742
1404.400
112.606
1171.484
126.254
1800.443
964.087
4958.613
1913.688
775.106
81.419
198.917
66.643
331.070
4721.761
2489.597
2936.404
420.746
1330.629
589.699
2524.975
343.719
562.125
24.634
4.176
3613.157
860.477
449.714
1448.050
2494.783
33.376
44.821
831.717
846.009
111.202
1.181
407.627
5020.525
79.198
154.490
137.373
100.879
1832.448
6428.671
2272.237
323.248
1473.922
83.069
146.033
2879.053
138.160
309.399
136.369
571.457
3646.592
1661.856
5382.349
6.659
3926.246
4243.317
458.885
493.537
34.381
428.260
118.282
141.035
2581.110
3163.432
8.585
115.993
251.345
4129.267
860.317
2070.261
170.650
3578.057
910.953
842.698
68.180
705.879
3940.580
2472.309
353.202
2045.602
45.398
1101.284
533.481
1018.429
1396.547
715.034
431.526
1246.012
7.919
862.770
6598.816
3532.256
3.223
5001.365
555.476
319.978
65.808
1293.953
2900.050
99.214
7643.900
32.634
1178.017
1621.897
291.500
27.598
96.437
1748.488
1872.053
1934.649
856.985
136.946
1318.764
953.242
97.277
1650.949
1891.476
6080.738
209.764
3845.851
2073.223
794.362
88.613
4825.831
2219.393
3033.107
1413.107
699.371
839.387
4355.016
717.667
265.924
2654.188
639.111
411.217
1141.863
1892.447
447.893
1689.135
1530.617
312.020
3106.602
89.190
1090.714
25.531
242.416
499.780
1914.750
3187.652
275.844
3163.401
17.752
489.909
157.399
1124.202
2093.900
117.283
244.356
924.370
462.834
776.548
659.812
4202.407
22.615
1423.100
278.624
30.609
2098.365
2782.861
4176.332
25.684
2644.413
1596.836
102.467
1444.242
639.867
3947.265
972.937
5092.555
90.202
111.254
305.123
613.599
44.486
837.367
1099.695
308.872
158.074
499.815
4269.099
336.226
94.499
17.480
2364.784
1351.225
1968.059
5210.005
1032.663
131.429
2242.392
1636.743
466.949
840.439
9.172
2325.543
910.684
6494.724
242.246
1325.574
216.890
772.838
164.851
86.779
423.558
1807.226
583.600
4456.990
572.366
833.379
3588.469
2255.568
884.385
119.649
2149.411
2595.815
59.831
958.634
7796.305
1300.301
4806.966
1028.174
307.963
2648.579
1031.009
282.960
424.723
142.964
540.655
2191.612
245.815
749.729
186.831
117.676
1557.902
543.564
470.701
195.278
136.727
68.627
6075.605
1387.069
1054.605
605.802
1148.006
971.307
175.690
665.225
674.425
599.904
1956.925
1024.658
3752.878
1705.813
541.912
858.187
636.878
999.264
7530.889
596.478
720.120
94.290
2645.011
1321.998
1356.688
426.559
12.381
165.047
2866.681
2068.992
460.292
956.181
422.605
801.379
298.174
1701.830
926.339
390.273
135.252
1127.155
1038.515
2008.133
3308.068
941.970
126.044
3343.413
2143.709
1592.851
2727.719
1079.292
21.539
995.087
4433.762
2245.208
46.887
779.728
219.912
2.490
256.361
32.270
307.329
3756.870
2049.353
407.811
193.194
680.661
61.199
6119.607
48.286
167.681
33.577
1893.432
3574.326
1527.460
2219.360
1027.979
533.427
4.060
786.582
251.036
445.752
452.357
758.935
2.966
1792.386
207.651
1647.762
1230.346
82.562
952.884
1671.301
866.997
327.795
74.780
753.626
898.364
2774.009
990.090
545.454
663.983
131.655
2319.202
237.308
1415.659
3231.835
1107.465
191.278
2190.930
486.149
235.253
379.989
4912.652
897.872
148.199
1492.449
2339.189
860.396
1724.104
190.711
3648.631
1360.573
3424.229
1880.495
991.287
270.927
54.722
5423.803
2276.087
315.438
1955.105
911.048
141.292
3566.065
1824.458
287.426
798.492
705.481
186.951
1924.318
52.470
67.702
261.957
1888.476
130.494
43.671
678.189
1527.138
176.025
233.682
532.159
259.259
401.731
1454.073
21.447
29.969
747.304
612.068
6509.365
287.957
10.658
1262.445
1087.478
1445.011
1797.228
480.530
178.363
853.742
300.174
5005.307
38.091
283.541
218.435
721.786
793.524
406.934
238.906
883.674
14.007
418.188
1274.385
64.488
115.682
3989.761
395.952
25.541
2.449
1414.269
136.286
1642.177
237.043
238.605
4723.751
3747.660
532.283
1316.828
245.713
3100.470
60.378
129.318
286.111
1357.272
2196.335
3701.645
111.573
2592.031
289.105
2880.476
1220.472
1.095
250.552
105.891
0.249
2089.329
173.878
4710.001
1086.857
4085.144
2423.258
194.713
1225.724
558.390
3883.447
5811.603
218.199
219.136
2095.334
105.474
66.861
6121.774
544.607
100.806
617.255
2126.302
241.148
364.153
1937.274
338.144
1353.395
339.039
1719.111
652.212
180.350
3952.995
1677.932
24.514
7.732
295.548
123.447
174.334
6174.765
12.369
127.202
1772.871
0.985
41.594
355.689
1789.972
148.807
445.444
400.705
2307.372
2.395
3194.127
638.952
1623.065
167.767
876.250
419.692
4367.588
2504.784
1443.750
4387.616
211.359
3887.313
61.072
400.016
1045.013
296.732
1511.136
2200.894
120.309
107.800
562.957
2198.184
186.022
254.170
6109.283
187.755
258.038
1170.963
452.970
1809.205
329.178
5669.993
80.239
1125.495
35.719
1295.784
1879.704
2910.559
198.391
148.007
287.161
49.957
1392.619
743.887
343.817
201.480
355.395
152.644
13.013
2770.898
2028.042
202.790
1031.990
164.759
181.890
162.607
2183.471
1797.879
36.712
871.417
335.181
3093.128
1431.156
188.314
506.278
497.337
317.216
940.099
389.081
613.262
1976.390
557.007
2372.643
403.080
2074.756
971.316
1176.740
1849.669
32.966
52.946
