49246
-46903
-72292
-67026
95542
2552
43371
51422
-62863
8011
23512
-55489
-96530
98366
-16564
50537
58284
-72504
29230
76915
-81290
91297
-68447
98942
30885
33569
68790
15705
-90158
-60831
66780
-44862
-61132
-84298
-73568
-60959
42724
86199
-77900
93799
-56083
57970
47316
52490
-41847
-33069
-18173
-26924
74343
-97326
75549
-52581
-6104
-71562
96206
-43927
-43534
-35649
59270
-12355
-91719
73850
-59290
23870
-40954
18710
-28609
-41200
-48283
-41215
-31992
4762
-85678
89267
-78520
-18433
-41118
54846
-77538
85295
95845
70714
68803
-88164
69000
-32525
-84517
-6519
-87543
-75705
