0
1
2
3
4
5
6
7
8
9
10
11
12
13
14
15
16
17
18
19
20
21
22
23
24
25
26
27
28
29
30
31
32
33
34
35
36
37
38
39
40
41
42
43
44
-34255.12466226083
-2024.6713534351723
-72792.39584022577
-7096.601822267146
-3919.2222401140734
-78856.93546908173
-1074.7695651000586
-32358.66388588956
-44309.6080070036
-4423.226763271302
-26478.698293135047
-128.2828054394674
-49466.5651583671
-28106.835957081592
-426.2158157868143
-7616.602131172737
-2351.3099883100426
-24747.392686492927
-13974.459820670549
-37791.61472695631
-987.1598106472272
-10896.478482152068
-61699.12381584104
-12220.595333071982
-48622.70032247237
-51243.91648955798
-31540.292517480142
-26968.24405603118
-73740.73815055614
-11430.528688589804
-56595.52872178652
-15938.62395638058
-292.5771174110345
-17297.96703258057
-10599.53898726297
-1950.6006924527383
-17013.705169164416
-61281.65339806575
-29617.914752221634
-24910.169936013004
-11302.390667241152
-844.4700042779787
-48818.74478045178
-4004.7870390377298
-3724.5821013806108
