1950.274
6220.939
1683.981
1147.884
4445.280
810.778
2480.410
3576.245
1471.505
181.322
5871.784
1686.258
2710.574
7651.263
666.681
550.610
85.239
2410.511
257.280
2970.071
2507.733
25.517
363.422
1061.497
194.574
4255.524
151.726
63.769
1096.362
2987.926
192.028
691.223
2467.112
329.133
784.961
527.166
2524.454
1102.002
2693.831
1259.058
6076.282
2866.055
3313.595
361.622
59.775
338.781
1966.379
81.566
370.514
1101.945
374.350
457.925
508.286
1101.116
892.113
871.901
166.100
512.225
29.572
130.948
317.467
3032.204
66.658
819.247
1294.019
932.139
133.058
2635.795
4210.567
466.568
420.014
189.791
95.454
154.040
673.445
470.670
5590.437
3671.093
157.285
122.335
300.471
142.895
3813.562
722.766
4.753
326.125
482.573
1519.601
4.627
501.430
