0
194
189
273
475
633
735
704
779
944
923
804
1066
1005
1010
1122
1317
1417
1241
1065
1222
1098
981
1115
1303
1481
1377
1601
1712
1563
1481
1318
1593
1639
1867
1982
1960
1878
2125
2356
2609
2786
2919
2848
2925
2888
2771
2906
3077
3157
2961
3099
3103
3183
3253
3539
3732
3791
3826
3698
3912
4186
4443
4518
4450
4303
4309
4204
4208
4271
4465
4285
4182
4249
4331
4408
4279
4352
4381
4532
4462
4482
4725
4853
4984
5165
5029
4960
4918
4812
4818
4742
4697
4748
4648
4702
4574
4788
4926
5008
5233
5390
5442
5506
5789
5856
5767
5995
6050
6191
6283
6521
6602
6561
6661
6903
6935
6744
6860
6850
7137
7254
7188
7363
7187
7191
7488
7769
7902
8003
7847
7899
7857
8117
8181
7992
8215
8508
8602
8457
8444
8451
8682
8534
8721
9013
9304
9379
9375
9568
9658
9661
9676
9735
10031
9876
9841
9724
9780
9965
9964
9773
9759
9794
10038
10193
10178
10028
10179
10396
10452
10397
10540
10719
10853
10968
11059
10943
10891
10838
10894
11078
11258
11435
11607
11614
11826
11703
11728
11727
11995
11945
11799
11813
12012
12281
12089
11949
12010
11949
12179
12097
12025
11974
11850
11996
12233
12061
12233
12252
12396
12464
12591
12817
13086
13060
12922
12940
12740
12995
12795
12992
12961
13219
13290
13391
13275
13554
13668
13782
13790
13902
14119
13968
14102
14160
13982
13795
13643
13836
14082
14167
14202
14343
14544
14546
14578
14478
14307
14299
14541
14732
14903
15046
15308
15272
15268
15143
15096
15011
14884
14889
15074
15224
15444
15494
15351
15553
15750
15950
15879
16001
16121
16248
16251
16092
16345
16500
16533
16708
16773
16775
16766
16861
16856
17132
17153
17065
17090
17038
17256
17216
17180
17164
17445
17405
17293
17229
17220
17189
17177
17477
17515
17554
17759
17996
17812
17963
17967
18252
18082
18067
18162
18240
18526
18735
18684
18614
18872
18879
18853
19029
19009
18842
19079
19216
19183
19203
19041
18854
18962
18896
18815
18847
18674
18654
18507
18500
18343
18411
18553
18548
18815
19109
18959
19159
19220
19441
19643
19759
20006
20221
20469
20276
20243
20132
19947
20005
19990
20245
20526
20451
20338
20322
20251
20120
19929
20200
20433
20649
20573
20743
20572
20842
20655
20681
20910
21187
21120
20946
20804
20741
20753
20719
20784
21008
21097
20970
21239
21399
21685
21951
22170
22377
22489
22733
22712
22777
22589
22505
22606
22798
22932
23069
23190
23126
23286
23381
23286
23390
23462
23495
23519
23464
23283
23174
23045
22948
23002
22835
22815
22670
22740
22587
22574
22515
22475
22639
22870
22757
22567
22641
22842
23025
22895
23026
23316
23246
23306
23114
23341
23443
23353
23564
23613
23413
23297
23353
23580
23714
23849
23666
23582
23686
23914
24112
23933
23978
23799
24028
24178
24070
23887
24004
23809
23888
23720
23712
23757
23783
23956
23984
23983
24073
24260
24079
24001
24251
24146
24103
23911
24107
23995
23857
23741
23549
23802
23729
24014
24110
23992
24230
24053
23918
24161
24242
24242
24221
24069
24172
24078
23979
24239
24119
24055
24064
24202
24157
24414
24440
24539
24691
24693
24557
24461
24531
24425
24527
24519
24810
24857
24878
25155
25404
25394
25673
25718
25571
25842
26017
26195
26398
26658
26476
26749
26953
27162
27271
27471
27275
27093
27345
27543
27491
27295
27375
27527
27329
27144
27433
27284
27557
27476
27492
27303
27380
27511
27737
27789
27738
27636
27774
27707
27570
27581
27701
27620
27766
27986
28116
28225
28516
28459
28425
28339
28207
28360
28362
28300
28110
28355
28645
28743
28854
28748
28769
28950
28791
28968
29156
28989
29215
29513
29787
29992
30257
30176
30235
30070
30318
30612
30412
30615
30772
30684
30688
30621
30865
31097
31387
31281
31519
31327
31504
31718
31929
31776
31725
31844
31905
31728
31627
31781
31973
32194
32067
32165
32152
32390
32590
32700
32660
32699
32650
32722
32835
32937
33171
33374
33524
33680
33822
33956
33781
33906
34002
33835
33970
34088
34062
34355
34378
34276
34572
34561
34841
34889
34999
35212
35148
35021
35137
35353
35309
35540
35613
35591
35692
35568
35712
35523
35370
35454
35658
35720
35739
36011
35898
35741
35909
35724
35907
35777
35970
35999
36262
36299
36570
36799
36644
36851
37143
37048
37240
37392
37682
37902
37847
37665
37468
37660
37634
37452
37338
37323
37455
37340
37352
37340
37523
37707
37985
37806
37855
38015
38220
38370
38552
38495
38322
38447
38303
38579
38544
38769
38572
38865
39010
38986
38899
39062
39165
39333
39423
39329
39360
39282
39455
39671
39735
39741
39667
39615
39507
39595
39847
39733
40016
40123
40103
40048
40275
40451
40750
41022
40958
41024
40883
40702
40540
40615
40654
40750
41034
41049
41111
41399
41696
41768
41767
41781
41937
41993
42081
42316
42224
42042
41874
41721
41556
41597
41767
41792
41728
41976
41937
41800
41686
41578
41694
41772
41696
41789
42053
42272
42472
42677
42852
42794
42973
42922
42745
42969
42987
42996
42974
42859
42863
42869
42897
42948
43217
43113
43218
43065
43149
42989
43200
43344
43176
43156
42996
43062
43077
42955
42846
42770
42939
43211
43236
43375
43255
43291
43377
43521
43812
43826
43667
43580
43841
43864
43799
43695
43843
43904
44016
44025
43921
43919
44159
44075
44272
44530
44363
44330
44517
44361
44178
44023
44097
44278
44152
44020
43882
44131
44078
44297
44375
44437
44505
44770
44789
44716
44612
44498
44667
44796
44888
44708
44846
44873
44683
44651
44902
44938
45115
45240
45355
45592
45875
46034
45988
45951
46250
46155
46018
45995
46232
46460
46713
46770
46750
46653
46545
46497
46539
46392
46585
46776
46922
46886
47049
47104
47242
47512
47811
47784
47686
47672
47476
47752
47769
47835
47681
47883
47754
47962
48026
47981
48146
48250
48259
48355
48379
48454
48343
48288
48131
48296
48590
48625
48831
49063
48968
49217
49263
49077
49114
49249
49496
49635
49676
49747
49814
50070
49915
50210
50160
50273
50220
50224
50373
50304
50228
50174
50411
50613
50854
50683
50905
51184
51192
51170
51297
51238
51439
51672
51938
51854
51833
52052
52103
52400
52306
52558
52574
52532
52403
52680
52571
52605
52752
52875
52777
52836
52695
52754
52635
52766
53042
53248
53256
53085
53177
53312
53362
53562
53563
53756
53819
53632
53845
53693
53947
53873
53795
53794
53987
54147
54187
54303
54349
54248
54116
54398
54299
54379
54417
54503
54743
54641
54714
55013
55082
55303
55585
55623
55831
55712
55854
55769
55640
55571
55655
55587
55828
55870
56112
56304
56306
56352
56638
56876
56894
56720
56852
56900
56888
56701
56649
56894
56929
56928
56958
56872
56959
57117
57096
57230
57526
57577
57807
57667
57647
57577
57628
57573
57499
57481
57478
57684
57721
57977
58151
57990
58273
58291
58572
58589
58418
58504
58703
58950
58894
58940
58780
58590
58841
58719
58802
58787
58721
58825
58766
59040
59100
59100
59369
59425
59571
59741
59821
59830
59752
59591
59763
59961
59934
59807
59827
60042
60323
60570
60785
60642
60898
61185
61057
61245
61418
61291
61390
61482
61287
61237
61520
61412
61604
61645
61681
61960
61891
61842
62093
61896
61945
62103
62085
61894
61966
61810
61753
61954
61757
61971
61979
61867
62162
62290
62418
62669
62556
62656
62881
62753
62662
62802
62810
62997
62934
62802
62816
63012
63187
62996
62982
63231
63202
63356
63419
63714
63959
63808
63941
64184
64163
64425
64479
64330
64436
64418
64572
64570
64488
64712
64981
64787
64851
64978
65204
65398
65698
65679
65885
65874
65925
65962
66224
66097
66126
66139
65954
66175
66391
66293
66587
66856
67132
67414
67294
67535
67796
67858
67791
67899
67714
67906
67783
67691
67854
67775
67982
68144
68390
68317
68570
68650
68799
69033
69133
69053
68999
69271
69251
69533
69591
69652
69452
69576
69546
69684
69830
