0
2
-6
-15
-8
-12
-4
-7
-1
6
15
21
19
33
30
28
43
39
37
43
48
59
58
63
77
73
77
92
102
97
107
103
103
105
117
127
123
123
116
111
121
118
115
127
133
142
151
164
166
168
180
173
186
182
183
192
205
215
217
223
230
234
247
256
258
271
262
273
276
273
286
295
300
307
306
312
322
312
302
297
290
280
283
294
305
302
310
309
319
334
349
352
367
366
358
355
351
342
332
347
346
349
348
347
339
340
343
348
346
359
372
387
400
404
416
424
429
425
439
432
442
440
449
453
464
468
458
464
475
488
478
473
464
473
477
478
482
482
495
486
479
481
488
488
494
