0
-14
52
72
149
176
155
179
189
208
246
245
321
301
332
342
312
356
360
355
412
450
458
483
544
624
671
701
779
785
874
930
965
995
1030
1072
1091
1086
1171
1146
1203
1255
1289
1358
1352
1360
1376
1365
1368
1437
1495
1582
1600
1661
1642
1709
1724
1744
1771
1804
1831
1831
1881
1868
1922
1903
1941
1933
1975
2040
2065
2131
2113
2192
2258
2295
2342
2327
2301
2345
2368
2441
2442
2467
2548
2614
2586
2610
2604
2611
2644
2730
2744
2789
2814
2790
2766
2778
2815
2870
2914
2924
2996
2974
2944
2935
2933
2954
2966
2992
3072
3052
3082
3146
3215
3241
3280
3254
3274
3276
3344
3406
3433
3415
3393
3452
3466
3445
3477
3488
3499
3587
3566
3601
3646
3660
3650
3675
3706
3723
3714
3718
3712
3773
3803
3849
3841
3834
3880
3962
4035
4013
4055
4097
4106
4168
4147
4134
4183
4181
4232
4272
4254
4296
4364
4376
4444
4451
4432
4462
4470
4497
4545
4571
4628
4604
4694
4668
4650
4727
4739
4726
4727
4712
4800
4860
4907
4969
4941
4959
4989
5004
5083
5173
5262
5334
5415
5418
5405
5381
5372
5460
5506
5547
5630
5632
5711
5787
5767
5817
5795
5837
5924
5957
6023
6039
6083
6141
6144
6133
6128
6187
6235
6230
6242
6217
6286
6336
6338
6353
6339
6316
6315
6337
6309
6368
6362
6382
6404
6411
6410
6497
6566
6655
6647
6725
6728
6734
6757
6815
6804
6835
6825
6801
6872
6904
6968
6997
7051
7136
7202
7206
7290
7310
7378
7417
7467
7522
7510
7482
7476
7516
7603
7670
7712
7801
7854
7909
7899
7968
7949
7971
8015
7988
8027
8057
8143
8159
8240
8275
8333
8308
8279
8279
8251
8278
8303
8282
8336
8352
8378
8409
8438
8448
8448
8445
8513
8557
8577
8631
8682
8744
8771
8815
8833
8856
8827
8885
8964
9038
9123
9158
9138
9127
9165
9188
9248
9237
9281
9348
9418
9447
9492
9471
9542
9565
9538
9561
9545
9585
9596
9567
9596
9684
9730
9786
9787
9803
9838
9836
9908
9939
9926
9900
9900
9911
9890
9877
9942
9954
9970
9946
10012
10087
10068
10072
10084
10113
10104
10127
10114
10162
10149
10138
10196
10257
10262
10304
10345
10428
10479
10558
10565
10561
10564
10639
10724
10727
10736
10777
10858
10941
11003
11007
11063
11110
11087
11075
11089
11100
11074
11118
11177
11167
11239
11242
11331
11306
11394
11481
11453
11463
11524
11556
11533
11568
11585
11636
11657
11690
11711
11722
11733
11712
11772
11811
11855
11931
12017
12029
12038
12109
12138
12137
12171
12160
12237
12242
12223
12202
12190
12208
12285
12257
12338
12412
12450
12488
12555
12534
12581
12630
12637
12673
12659
12743
12721
12791
12836
12898
12963
12969
12982
13029
13044
13065
13076
13149
13202
13228
13214
13186
13171
13177
13192
13274
13296
13288
13258
13268
13302
13279
13265
13303
13392
13416
13500
13560
13565
13623
13683
13724
13809
13869
13857
13843
13831
13810
13864
13913
13963
14044
14061
14095
14118
14144
14119
14105
14174
14232
14293
14347
14329
14374
14377
14378
14438
14480
14502
14582
14572
14587
14624
14623
14597
14650
14698
14699
14766
14814
14882
14876
14957
