56603
52373
20537
73393
44481
86921
8876
55998
62371
22552
74364
81809
60190
17905
87788
74283
8184
33805
2183
98524
36920
59530
45753
16564
95163
672
12033
85256
71634
36459
96476
19411
76554
16614
14871
99678
56419
11747
32415
16182
6857
78876
24478
23417
97900
43656
35614
81929
1163
74912
13819
6448
30300
94910
97610
35082
34666
7182
33205
67740
68897
65949
39968
65474
3287
93520
83515
75612
33025
82293
56008
61196
73030
16848
71340
50360
76870
9949
12260
9144
50825
75496
87814
33096
43388
65572
83183
3148
83598
69868
23703
96089
88446
21560
38709
96169
21186
99692
38530
33357
41300
25778
46768
44367
84857
84289
66971
59166
61206
21264
72932
76271
67136
52019
93325
32710
6074
29306
78593
55186
5115
60038
60970
63168
83366
28422
42456
85757
23802
80802
72662
13972
16784
81192
54992
80079
21945
79698
94947
59877
58019
31580
60264
19821
31742
47644
84250
50923
35855
65763
83707
54805
96789
8552
75867
10507
74576
31366
64674
94386
44584
58988
43255
74180
37683
77620
72045
37731
84759
95241
85444
80505
32649
79185
23595
25990
57685
66339
581
64976
8412
31591
48841
46670
71002
54097
36696
7506
5783
5295
5268
49046
32305
49214
74373
91880
98714
75938
79302
67786
65299
58741
24953
39319
17891
41412
18361
66270
48233
96828
35649
57079
98828
4122
53341
28826
68615
75681
9660
80006
96377
5339
78703
24174
62998
27907
26212
50345
18963
4086
73589
80417
76522
6918
59000
81799
50995
86044
64014
87112
24561
71836
36716
4016
22269
9282
20076
17556
40635
65103
41944
94333
56544
45905
61263
53600
32122
43536
5095
70513
44959
3415
10456
20240
94302
91208
83312
8015
43304
95443
93170
24834
67887
13297
65370
97648
46078
43859
21420
86503
98545
45430
18222
8565
83075
76405
83470
57870
18422
37171
682
58448
5782
68438
94591
57830
47237
32993
1325
32687
77372
9237
80769
91462
60124
62960
41277
66769
97274
28924
64618
16288
75669
73546
7828
75492
30532
21318
89737
66441
65612
29243
64325
71099
63777
56827
82996
76491
5036
94635
10587
43614
95680
87003
61459
31181
44050
82416
73682
52105
50397
7135
72287
52458
64745
29615
96426
1734
71641
85985
29038
48218
37363
51652
91217
91066
4101
46821
25208
38743
47377
70495
94310
1625
43358
52171
18482
20410
60355
43685
34525
29960
65019
89882
24510
39260
28886
84923
91030
5606
64676
85072
50227
96888
82839
11283
65396
13100
3677
21603
34570
34593
66647
71742
45743
72482
77981
74097
92648
51218
24842
86777
18543
2116
8201
19223
32220
94910
18440
75488
3706
64999
30069
73837
1008
30234
39709
8091
56359
20321
12663
796
81218
97137
54628
91838
31065
33709
54996
75119
95628
35642
16272
64330
53798
31751
44881
61967
2620
72682
54083
18868
24813
75138
79910
77060
42165
25220
97301
67706
81190
44569
82841
18058
27633
16463
23912
36751
4399
82970
76310
83200
18071
83731
88565
48199
25203
96800
77703
99554
58618
56923
9830
47290
72963
90567
82580
80557
1930
50675
93186
26487
85569
44828
74825
9298
67088
20903
36230
62188
14040
29619
3828
32745
69465
24885
24076
20230
32800
67977
65449
70383
11391
63230
40647
72351
57172
68685
17955
8033
25797
34681
17622
28076
47208
72406
11869
54431
20350
93084
74070
78123
30422
3887
75423
7964
16149
66989
87198
31809
53325
94780
35862
48891
59749
84794
65896
86076
86524
45483
75971
1838
17686
63688
88797
71737
6563
22009
83811
2726
64416
42256
73612
49525
81796
23270
30867
95516
96311
25986
37350
17699
74351
44686
35351
9140
16019
15358
65717
33967
67290
91780
62870
91194
36684
23178
89073
51254
92720
99711
39000
48732
18930
74435
26385
90487
55289
34331
87014
33714
88426
17370
90318
5267
9843
45710
47805
73902
23507
11986
79135
579
41577
69783
63169
64815
8349
24579
56680
55525
25850
24921
74987
32598
64015
99885
19444
36408
53669
72150
48928
18058
822
29293
12152
5196
42852
14138
33103
61743
93520
70944
66361
59517
75443
94371
63936
15255
71685
52105
11418
62864
76795
23906
19028
40057
30055
97881
3405
43028
93173
1054
59344
8894
64628
90491
61436
80788
93435
52062
85167
87323
25883
73797
16336
83359
68738
83476
19335
99742
14973
49830
85533
59599
98802
53451
75995
5523
92110
42371
20475
22196
40551
16096
21176
38208
32288
42796
67692
82630
91419
85185
99667
83859
46213
29914
76740
88772
67966
37561
37879
74019
57122
52526
36732
26162
67571
20127
9589
71928
67249
16987
54008
26369
43300
3373
90677
91160
15719
90907
61897
64445
48837
21880
69931
14819
40878
33654
32968
96065
50138
82993
36702
40865
6527
44665
70661
12263
34407
37049
15186
39798
59080
99517
25173
80104
53241
21261
67677
59324
85273
99406
90217
65902
23769
79922
16597
7411
86399
54262
8727
7700
19065
43902
19961
84125
46984
41485
91647
7505
43592
47523
31209
52316
43607
54258
51242
81718
55105
75129
29941
19848
6679
99279
2523
22513
37708
94889
69582
33576
31966
24469
25953
40152
34239
16573
91507
15982
60988
49650
42692
76506
35053
30406
55123
18577
28422
10460
54657
4228
14221
33813
37769
27086
17455
4627
14576
56625
73131
61374
88030
14759
97479
10584
95678
58838
96630
52467
32654
1302
99915
61123
39466
431
26490
54367
35194
93049
30104
31743
54961
89576
72203
22884
45725
12799
98485
58083
31385
32969
27778
1716
40420
82940
78734
7211
85122
71986
77501
35450
27294
11093
76298
15947
58420
17834
74516
1272
68804
13556
61181
68943
33004
80022
45800
55474
86525
72639
56164
87266
76334
91793
17878
20132
50184
63328
95109
79930
33660
71031
12190
21882
64443
23737
9237
60147
97990
33822
1670
75489
70493
80430
85951
14683
78491
58926
80361
84977
19334
78520
54269
82347
4811
71707
54682
12796
92475
27938
70272
60382
62958
48135
17889
51620
53814
36337
67336
23072
97525
31437
97337
45323
34178
28516
5689
73357
75750
70238
9037
37595
6174
42610
76761
48296
45480
97387
95684
58217
28800
40338
30680
21268
92502
56910
69166
11816
76406
14596
84030
45139
57141
98224
37788
57168
95916
12734
83643
24856
9674
26712
35139
50473
30349
37404
70235
99404
92362
65351
12313
95847
24326
76867
717
51503
47588
19851
20604
65917
30179
13620
89726
11156
79405
95115
70675
77926
52125
78335
98523
81850
7143
10302
11303
27415
94120
23630
18024
76668
47808
97491
71926
25849
8630
95801
23340
5541
28564
95640
68784
56596
81912
43494
98760
72808
25739
34944
24750
9174
41213
7913
91467
30413
19130
52335
3582
20516
13575
85727
45426
30851
25832
76067
12346
36928
25860
83708
94781
53790
27810
66075
76561
20632
1517
43817
48956
1330
48681
94402
36818
80540
24156
28086
43746
7346
64554
21036
76520
70955
15200
95959
13176
30243
3596
67457
73955
8047
44574
79510
34429
85866
38716
99699
16911
91012
82370
36075
48857
72230
92309
60451
21348
63185
79033
25478
79763
21868
14325
63110
31527
21100
3852
77811
27654
44066
42833
12471
64192
58201
92114
56286
38614
15381
29134
54238
56544
96820
16818
15547
94613
36514
25527
72903
95290
36116
72289
32399
45721
788
61931
60584
17004
22312
98369
83539
48452
52850
30025
94394
64401
81142
31197
54215
84225
8723
10715
70795
9512
54295
80016
96175
10086
19366
43345
1835
59509
35607
29106
92120
62772
86679
61522
17894
86285
32052
30340
43962
969
19286
94598
96968
684
11480
65136
24271
94911
45028
44990
81478
40288
74386
14867
59092
30325
4846
26397
63263
15577
34261
33709
86311
86562
76067
6195
63083
47949
58612
43529
79637
92974
78400
45093
16815
91757
83182
39582
1412
16412
50399
67203
53143
7135
99090
72704
5093
29292
34592
10608
26362
82164
81571
89885
8384
36646
52653
96316
57143
18803
48087
98418
71954
78280
80516
36823
63485
43948
35523
53196
16564
99025
67286
50315
32858
45952
52073
3578
73009
99967
7222
95715
67635
95774
13607
99361
36170
93620
31753
48389
9977
38736
21204
87343
96339
61886
79519
72396
1985
80327
49849
16244
16773
60633
71298
49659
77939
10452
74152
53352
73020
66272
90946
23271
84264
41846
51133
8541
25051
71642
74538
41525
75229
32593
38045
96122
33152
41647
87479
66964
82454
50132
6219
19160
18906
47830
18588
10897
44401
55365
44411
79355
61054
77487
88130
47576
45803
1991
67731
78386
45877
65651
62404
58715
31118
93931
76212
81362
31451
45390
66139
21311
28352
46908
79638
69836
55912
29084
25840
54762
93135
98222
47663
42151
36330
18524
31765
72463
81847
57417
85538
67516
73975
79453
61724
26008
42935
77380
16496
25346
62585
98988
46773
91618
16248
64488
49380
60010
48692
95392
87076
94641
20948
57433
29371
92735
31303
19351
349
67677
92046
9733
66161
68665
87400
47290
53507
25230
92602
80490
19756
8422
60286
66718
35950
77057
844
61054
13610
3694
23736
8746
11241
95109
24007
67647
69042
1568
17438
52797
34608
54803
90887
76070
30218
46208
84970
53283
74543
11348
20412
55394
3130
89574
24974
56310
35019
36100
99998
11592
63323
48060
51009
84472
76913
89503
68805
46645
19942
19236
22210
1566
49589
19413
64707
10642
38018
32007
78329
92221
16736
67337
20074
91172
97251
47541
26232
74434
71355
48134
69340
85637
39728
81261
250
69579
23162
62933
72840
78005
66749
30618
93980
9903
4677
7442
42618
73109
45773
48673
33988
18653
70639
98679
38182
12051
41180
4093
79120
5821
60295
93955
79917
66049
36411
26169
84428
18131
95233
70793
52986
51057
79066
52134
7822
97443
83213
85234
51090
99591
60657
17006
36067
9048
30665
9876
16041
66817
66532
2662
27033
3049
37857
45167
55577
8455
74968
14227
48234
25457
55276
84711
9668
73350
83734
35918
29299
58166
11499
11444
52400
36575
12237
194
81966
87553
5915
45037
40829
93474
72292
22800
67254
41348
62555
93186
51031
9074
7432
68505
52693
54575
80387
46265
94105
50574
98535
57738
78826
6149
91306
52840
38087
26076
44344
20150
25068
1723
17918
45562
3122
78504
62258
48116
61771
43071
48808
49442
85526
71416
82855
85874
49750
42006
53027
34945
38891
70291
51252
11210
57183
522
33799
17666
24958
75864
50706
86862
59145
7361
97094
17618
96423
58136
47372
11260
93732
46733
30727
88363
7929
85286
88361
85084
78940
72959
23533
66537
25957
22808
56258
88238
36021
55258
36557
30411
39481
33518
45220
4254
79663
65664
81488
6321
25338
55099
66006
30593
96666
28963
40716
91304
28957
93903
57670
51187
22258
42659
67209
35566
16954
27852
11247
36294
37249
95926
80536
11528
12308
91094
26507
34381
88573
56911
54434
70738
37920
22983
12397
9676
74439
10499
5485
1398
62360
62224
83254
28433
84051
23991
45954
80699
31747
89617
42721
50445
65505
28139
16943
24557
97787
8874
20145
8358
21903
15118
57155
80966
96051
11336
28010
73475
58203
71560
23890
52091
51651
70065
95916
59757
9615
60027
33620
73774
93974
52339
27290
95421
14371
54214
84808
47884
31314
59286
45145
61551
13232
27759
88637
27276
34027
20505
74477
23753
10937
56724
31539
55086
73447
3899
21864
40982
44495
26288
91921
73616
28579
84457
46077
55900
23717
19862
68428
90398
82274
79371
64051
81137
9146
99194
25615
89768
62655
47629
39907
75173
34368
41721
78800
81462
94712
94806
22733
56039
40888
27508
82247
16250
77948
24696
4028
72547
45928
30998
17662
62719
32989
20858
97578
17323
55910
96706
51071
887
78385
95375
6498
81131
12918
79117
4655
24735
58645
60892
10520
34337
7938
66832
6710
94322
58470
94556
69117
47
72501
86800
39642
96090
55305
28292
12198
89932
7802
7154
528
12979
22592
34714
33582
46920
66091
58318
96117
26177
54582
50981
25626
19722
91192
33962
26299
70283
29902
34174
94249
23895
26684
46199
63182
30868
13269
29968
89225
14392
53513
40435
14081
38383
40869
11069
42917
35338
80047
81348
30272
45373
18988
61875
69885
35640
91749
42763
916
32814
81216
78984
92149
74861
8794
16292
18779
60684
95719
61944
16048
15024
49957
21277
64115
29852
47290
45531
32679
1033
29263
75534
35050
73376
32790
2847
39158
58779
90540
58754
44133
11221
12176
37820
59065
45474
10186
31614
68873
86828
15626
48323
91268
25986
64893
49132
56615
25785
64328
48826
9704
84682
73364
88874
18764
45287
59919
31549
99685
29229
87156
73059
96640
38831
74941
33730
44346
56563
19663
97700
73504
89869
27736
98422
58516
20717
65406
69371
9093
37278
82632
81505
65890
31264
17398
23026
50301
38623
3551
46916
10680
42306
46925
79049
64313
38451
10280
5875
51190
71113
38310
18389
67980
50799
8481
58150
85491
90590
78603
43678
90034
11858
73393
4436
28147
93916
20068
94681
23460
72156
89742
30604
82722
66597
31152
50296
11706
5765
85390
11642
22483
52400
72658
2742
18870
42563
33627
46054
57857
43524
80152
96833
97749
10217
5818
2533
88852
17965
90859
63760
22231
35602
61704
76945
78041
25065
86954
88822
64987
22944
19923
795
41052
49520
90908
63514
63217
97254
94561
86533
5074
86308
90781
57011
77380
31367
36001
21073
70493
24703
28388
72828
6445
82974
99482
40851
45182
36332
33282
66932
53099
25547
47377
85916
68161
4725
26832
47021
77161
16157
69176
59235
93104
74948
81871
70282
49038
55815
95793
25709
77426
92388
14283
90453
93013
45869
41582
53420
53684
45568
89005
53326
42260
98089
19201
84033
53808
66569
12466
94873
8206
61197
54697
97739
75853
87577
11187
18086
93294
54129
7608
28249
40857
74687
45792
6320
2286
26958
84253
37518
21070
99113
4643
67299
85056
30267
2115
49572
86032
47007
7700
25379
60395
23399
28296
24854
41095
51087
16675
65598
51890
97250
42483
45190
1742
69424
97962
70434
76595
44786
92848
6964
43715
75098
58404
73190
84405
12863
42537
40396
67516
76343
48384
79844
14932
38789
54622
91116
32049
2601
95954
21133
60786
97210
56151
67734
27441
57092
75523
49608
54985
98712
20579
97392
2268
91415
51843
93804
10058
36194
39123
84684
99669
95247
34283
63655
78468
76788
74773
33865
30178
91376
39661
53096
70021
25562
33314
81984
97278
13219
503
93778
14335
32777
95571
27612
80204
14139
97554
8681
94305
15728
4336
38169
51345
21372
23099
82677
72349
28627
62428
78674
15368
5754
64204
56028
85746
2486
56125
90170
33360
52823
64504
66443
15771
79821
19433
81868
52524
62641
38406
52192
32467
24416
9043
45405
9455
8044
3015
14052
88124
56997
30771
39267
19991
63525
16581
98799
56401
53618
19010
81067
46826
68607
67922
78901
90738
55786
87883
72727
89189
19834
73988
27541
34453
39434
19265
72040
61772
52547
941
94920
22024
40720
42119
55543
2714
69176
97377
14444
39438
52662
68010
89591
66459
2564
47845
92781
89833
26950
63348
10423
67406
57701
49058
90521
80902
27407
12647
84853
24886
78269
27199
21797
39163
48170
28903
21572
91814
35786
13209
36470
32022
30610
23354
51085
30849
10721
97934
16102
46427
56253
95461
23677
7929
66333
49732
6230
65436
63152
81387
94884
5697
95011
36366
52066
15290
10252
10578
33559
30147
59438
24894
53359
98016
56984
18177
21530
61834
6737
3130
84674
5703
325
74282
92092
58220
65534
20130
68017
31659
42213
85883
56277
69983
59366
42359
86763
17232
47580
98562
81446
59640
4933
62983
61487
11289
23029
78398
10959
24833
62279
14137
1691
97936
77479
39366
10902
74505
95266
58635
78024
93534
7560
99292
31093
52958
60043
52448
1584
7753
24221
92946
37013
37304
87426
94986
13628
42707
12992
93022
4281
45122
69914
82028
86147
90877
62664
8635
98445
80441
92404
35454
26252
86089
69973
54187
48710
12675
92297
89576
31089
32709
95827
63634
30306
5869
6707
47554
98873
88574
37293
2913
28010
31494
43412
36111
70522
96075
95985
8648
5670
18446
28362
93278
98051
24360
74809
32365
18997
53257
6634
85345
16127
84381
98581
63130
11818
65648
9508
41336
47998
87180
90893
61069
14662
37646
18895
43964
81826
24755
44729
69445
15457
39303
77934
56979
73253
5846
95636
3492
89165
55782
50754
38126
15135
39553
98697
59415
89138
8898
85913
71510
95330
78417
16457
9819
74820
72312
27240
90392
89533
35787
13261
97946
19270
66105
30010
61770
42233
93063
52132
31509
80326
68217
7689
65877
289
32397
88817
34667
81314
94010
89064
18746
19099
76776
65947
79701
8131
42291
2511
43136
50034
13131
75638
87796
90298
73985
91731
32224
96156
46264
82848
15402
35956
91175
14392
12835
93893
95966
55011
88764
37137
78949
4988
91309
85722
12406
54044
50372
13445
30966
82078
39833
36718
88715
29650
48619
86123
52488
3688
18026
74465
18282
61107
68463
73729
60552
59345
22796
89898
47161
78941
49479
41242
13802
20681
59314
13034
88081
26395
2430
5752
5636
34111
7301
91602
69342
92267
68162
88093
79305
48868
85983
41071
88001
46198
11700
94693
77751
35232
54056
273
26049
45337
1491
26980
89051
11742
33041
18882
13909
3749
64888
80538
63711
98173
50621
39663
23945
28919
96535
40685
75590
79667
77294
49880
40824
36587
10671
74233
59954
34585
76148
12993
38500
84325
80398
19425
20789
20210
10458
81895
20321
47038
16066
19845
35104
2096
34911
22527
65165
52532
41177
33767
97289
98446
89928
65776
87237
67229
2257
34587
96586
90878
40403
83275
59896
66267
36749
60798
57630
94046
54681
11430
96188
60100
52282
11799
38147
775
72419
25274
5282
30426
17536
84090
27791
71296
48105
23890
42259
563
25774
80393
67243
24788
72122
29041
56443
20960
6969
8118
29463
3051
80953
77518
52147
79232
82666
10911
29876
89485
53133
45271
17991
52538
97643
7089
11998
46440
21830
78366
75448
21893
75439
94317
93664
76433
7168
13997
89567
83945
65216
95429
69814
55825
91109
9487
36439
86824
69930
27446
86171
72227
44662
64010
75520
94269
52619
35719
98315
39202
55690
73905
60658
52198
30674
11810
97200
5400
84661
49689
87415
22338
34336
56066
24487
30622
45271
34863
3453
24686
46785
22660
56547
90573
57870
82033
31790
4571
63807
97647
19467
97836
72092
2498
32839
25804
14066
15214
37795
47092
78795
28815
56033
7861
81781
68490
58327
10024
39888
76518
76474
83361
29275
60068
82404
35663
31102
96822
72776
93770
36400
17894
46902
67358
16479
16527
72064
67713
37845
18360
6164
79770
62127
53691
57478
40547
54182
15733
69813
33789
42348
11748
68531
94043
24635
48145
3917
6581
82950
23126
19062
18895
36000
53211
29364
60992
64101
89518
52658
68257
28397
45291
49655
57051
64547
13291
32693
91232
84549
82998
48753
29994
56427
8794
77388
63712
11818
39457
78867
65969
61026
34580
29277
72942
85023
7321
42935
53540
58340
47227
44877
13015
40486
3626
91949
14564
16646
38202
11475
70768
81229
60269
55008
77946
37621
39584
72109
99989
2073
41040
5258
9523
32168
89102
92924
66182
70154
57344
60867
96249
24799
87561
22575
32650
42561
530
15789
6732
74883
91659
59897
63305
25922
35658
44260
96557
78505
30340
15470
16628
73760
4101
1559
1689
21364
43218
5100
15398
33545
23153
34818
74024
75270
79301
65192
80532
34709
94580
76917
11818
82873
47973
22861
28717
12206
19123
20813
85173
75509
24582
11710
37844
7740
53112
34839
40734
85829
89650
22857
84194
61430
9441
77686
33655
73508
71743
38510
80000
84247
51897
25533
75976
74440
39987
47389
63572
93447
5059
15081
14892
61280
94702
90813
83687
68193
41096
47840
42561
93442
18417
19180
19925
41453
1611
37194
30449
7357
42777
53823
47083
5375
83838
71323
5595
76582
82702
76845
10214
45378
53244
32678
11633
81092
79124
84051
42133
123
47053
40753
36619
98696
78487
99098
65351
58678
25721
20430
9307
64437
41691
90419
12108
48712
23855
31445
15181
9014
7905
61346
37689
7854
19454
94287
57584
32519
96487
62935
32601
18407
51863
49972
97647
30207
41047
45598
17270
73515
26448
44106
18281
89086
80153
6017
12281
59812
36875
77421
54218
59318
31103
73128
29685
69978
66958
59588
52324
33010
46513
11511
50874
62636
17300
15844
24592
47041
6422
24313
39233
95367
97886
42256
2655
56911
76519
74327
38715
37249
91273
9160
78188
36419
20481
39028
80068
57473
13552
1916
82267
52171
34106
85433
55843
49365
82467
38618
7625
93068
47037
35541
81003
29949
56699
17632
79132
37390
63662
4428
8161
54540
16424
4593
58228
46985
41610
85703
648
71664
5351
99232
7798
91542
45422
15366
63710
38003
97441
88256
58654
45446
68353
91055
8138
85598
62837
42829
18522
1510
9792
28724
37596
59276
33680
73351
36285
89446
92955
68034
47632
14089
40744
89299
46924
26858
24557
89973
73395
84292
43524
72006
93473
11043
62975
7652
49078
43342
2625
802
88057
21134
31302
67861
70269
97908
87684
71275
54661
66399
59694
57892
8482
27667
36338
86390
12160
50578
2478
67795
24280
7731
85310
99121
58478
52871
32235
65320
26912
72664
38429
63323
4497
23850
41282
28680
91038
56459
7626
86998
57612
82426
39022
34716
86924
3654
35829
55726
2073
30394
8390
86939
84222
62583
85441
83116
9606
75816
53213
83910
22766
74309
74925
23465
33708
90455
29075
96449
75857
93697
43302
97983
58247
27643
63769
89350
21073
2461
11928
83131
46954
16247
2937
69980
14384
61405
72052
75066
11832
36553
6600
83665
77202
46478
75208
77225
89347
20118
81103
72763
43128
94494
26502
4306
6802
6995
94328
40764
77341
59054
46403
67471
67893
3664
43278
39067
33205
99840
42036
87100
86869
40578
62460
49136
16461
78247
20088
52956
37671
16594
79215
99487
47741
47842
70200
34005
94488
55936
93906
65046
92981
44939
25245
62235
95416
37436
9899
86092
74504
43646
39331
11345
17257
12200
58842
74316
13884
59901
11892
49282
74731
28981
60406
91284
19789
76592
36659
22505
5530
47194
61668
16957
42682
7069
14359
1149
93686
373
91542
94317
3498
71623
52299
76724
19218
67217
84576
36482
26594
2351
74074
58056
52072
34372
29587
62600
58022
64853
97021
82693
88404
3921
95161
3099
69670
88827
22156
38510
15469
54940
86922
36339
51754
91038
23316
76461
24080
24076
28382
30127
42425
6795
21151
30136
94094
88289
79528
47208
5096
85628
11145
21780
30543
6464
15923
10985
42366
5393
94385
78457
89002
83389
39713
64526
47559
40239
78741
94026
32070
15017
66813
8956
20985
82738
81398
91729
31461
89797
12661
93349
52429
87903
23777
46446
13540
80572
38281
53303
14467
47509
83933
95095
85668
11146
84686
50766
98028
83254
82066
74030
19048
32188
15509
66268
79704
56213
86542
84013
50154
61225
60287
80302
94477
56257
47229
77343
52095
97023
87096
52325
93868
71228
26939
98668
63590
35799
94633
10778
36617
62168
92404
33129
97133
44379
7727
49256
1340
21626
33303
6377
43682
92699
22198
39967
36674
76125
13470
85786
28539
71868
54133
27440
13793
454
94295
56503
91006
32556
41437
75613
25402
79857
22546
78645
85223
90167
32921
98359
97586
29510
66959
35837
33544
99067
69884
37466
75784
52453
26604
60714
65208
58044
10975
80436
35829
10912
99087
90630
16827
24864
32826
22855
47702
29418
38930
77757
75175
73078
80071
72265
67851
66888
15952
68577
81189
19838
89572
17439
29849
83964
79921
42731
78314
54919
95750
98290
8376
81935
42232
91042
43150
26310
11419
80960
24821
53705
69178
57730
28401
12359
84586
69222
31413
47022
20630
15021
86901
12467
55451
90831
63464
50746
99106
87279
41135
97130
59362
48822
83913
14515
68634
62857
97691
47213
26169
21594
42755
64857
85972
64121
92710
20933
2507
54643
97327
40145
29689
25977
97635
14361
42167
95307
91317
87840
17268
77578
61720
54419
50491
93276
24525
14735
19086
72891
40225
7360
4034
37718
3734
69642
8355
39935
84509
99222
38401
61586
29027
54216
35134
63914
37538
39920
11624
68314
42963
81396
78416
36930
47785
88830
96665
82
33159
20211
77859
25396
34945
56190
17637
24150
54129
40800
45507
37763
29593
95451
43643
7133
5052
14823
62603
80713
62872
54737
16315
40160
76295
94361
8723
43401
44534
86842
86380
21908
90297
2098
14473
70418
63029
30340
39976
2397
90945
15897
92420
33622
98950
63731
97194
32377
43179
17482
11336
8611
84740
27645
61413
88090
73082
76527
87985
21358
85801
92897
84037
82865
93244
57448
56758
57418
33379
8785
48
69194
7460
77031
38505
58266
46549
39231
52649
61417
40961
67377
99375
64376
92645
55978
14330
46298
66117
11087
8652
47785
73307
47725
64577
69313
78155
61808
69989
19099
47562
55360
57
56799
77885
75013
72493
23610
16472
51108
23393
83540
10316
88690
53297
24726
3661
71408
93850
9304
56878
35124
48921
79919
64583
70537
11216
99679
47785
33857
54096
36450
19714
67518
80876
53200
34707
29082
91642
38873
80483
572
94871
52501
8526
35791
23022
78399
89748
50554
21556
42589
30154
78770
76165
7956
94622
67511
75140
51293
33899
37265
10206
26219
18561
10011
50317
3626
43310
29421
13016
82587
29805
9591
38844
97330
44134
2470
51665
80562
16059
6311
79992
77236
64803
59213
12725
52087
34258
74750
80674
56544
26586
97953
11659
24197
21895
63682
25819
354
96465
15883
31736
77687
23504
35137
32038
97334
97282
10009
93677
5591
34037
12247
25570
38129
5365
69721
75590
96853
13479
30316
60556
39005
41016
3254
40156
76995
38005
83006
4624
67710
40442
13841
79544
55927
32665
54970
34063
98385
77691
83465
90666
86617
97637
89558
54693
23455
81956
64888
82082
82035
87161
79551
1302
50649
80420
68152
18291
86859
51367
99304
85212
68686
75970
97910
3761
11037
10314
12341
79700
88011
45266
45207
45241
92642
79650
17018
4066
41350
84440
56889
3615
88171
43361
83829
66151
99235
43267
3770
89502
88946
68506
70345
64890
162
83369
3974
36601
60062
15045
29590
38083
31066
26813
58546
94111
94515
24420
51639
58453
12866
99239
35391
96337
44330
26647
54215
4368
94058
32397
80598
67701
73876
46762
81203
35982
22221
92157
88772
21604
56208
92629
40524
28684
1369
77178
13954
50277
35818
773
94446
23411
366
19815
1327
784
23779
76228
16505
26781
950
1995
24598
405
56536
59131
75769
7300
91873
47472
40521
97078
4017
70403
2968
81733
91250
22894
52336
87725
26365
60518
60451
60252
79808
10191
98822
49452
10989
54936
26386
6596
7223
3389
3937
20805
84008
77736
94910
98509
8925
17074
93307
76292
90242
40135
15977
5108
62716
6009
11497
68812
20150
50812
58850
50417
32261
42019
19113
28353
32226
96189
21953
92656
13404
7282
13715
94680
82351
22523
65454
88915
24738
76345
73696
37806
83692
65427
48299
88814
83614
66233
8415
96395
47622
63048
28673
92507
7333
86485
5524
30316
77897
85363
22790
70201
61006
45896
61710
58330
47753
39050
2630
22429
96443
25484
78754
7690
61686
93964
9341
38401
2600
33798
49029
71306
59424
80740
30940
7416
21321
36549
87884
83915
80658
65640
41283
66621
40421
25292
30749
31685
27872
31861
23661
34990
91087
41517
82208
65799
81262
32249
42708
94515
86384
46009
7507
60595
40294
78284
90423
76096
85386
44148
89437
68952
27548
75138
55550
9665
20781
67055
53271
24301
74805
6784
63184
32106
3927
68613
57940
32846
44820
97295
21923
90978
64533
56861
40403
4324
69670
12196
40678
80887
32614
69205
71457
57837
90709
97536
96697
94419
97457
93643
97498
89617
91260
64315
74469
18019
32674
98521
41001
25108
13093
29484
23734
6696
81842
86782
63805
95439
90927
81747
30368
87514
85170
2970
50393
25218
11177
5736
65723
97558
56453
70701
61281
35234
71748
2418
70399
40939
28044
88860
99010
67229
37912
38897
91412
37429
96562
64652
6389
28056
60566
17612
46111
62225
90203
45998
74680
9757
43297
4579
22220
4085
20566
97856
44423
92009
37296
53063
15586
63070
54503
51719
893
14675
67834
19653
84714
57626
22550
79807
70431
97613
25040
39113
30262
25265
1185
7028
75655
30120
64821
38607
82389
42782
85519
66420
974
67251
38343
37540
8046
57504
96183
22621
99815
84255
39378
34435
85502
23939
54178
15385
78956
17692
74604
16593
80801
37549
81777
46720
39234
29032
91774
54894
32727
70447
90275
71026
51215
40635
97985
54308
54510
96434
68217
18814
34065
71151
91457
11004
40114
88634
48577
44067
68138
89513
44266
28439
5816
99354
46959
6869
34055
79273
22892
6028
46245
32244
92451
47032
88436
83117
67285
67160
7593
31340
8377
89579
25140
90974
90753
67421
8768
44845
22164
94914
78052
63250
83097
89224
79188
99894
18090
24736
18879
92623
66273
87171
63497
35489
32909
14649
16170
2575
94628
4939
4580
15280
35016
6373
45973
80051
38996
34808
7742
64784
68179
68058
82022
25412
71577
8112
13836
42495
35359
79312
6978
4353
40534
90392
84306
78389
97847
18413
18336
83925
64347
72900
13156
73601
67811
22528
41235
89796
53169
43753
3462
31152
56455
4105
10993
22402
7763
55489
33657
65308
63525
76684
41688
15879
99320
59512
24777
15252
57395
40805
43423
61078
26795
5701
45265
80102
95120
60858
24757
49867
1252
32499
44770
51551
76501
15325
82815
27817
69491
95889
67292
21690
39790
93427
29613
78140
92565
51225
36015
49687
77903
53622
58809
20111
6242
67692
40584
52063
22383
39796
16791
15418
16264
92777
37540
84583
77465
24737
30920
14559
50937
1089
90368
42212
57922
19414
17081
87793
13832
83823
19047
10487
12119
86999
53020
20274
58022
17663
50278
65150
7047
19058
55927
96850
60515
59291
52589
61697
61482
96428
86134
1409
34410
67216
3556
5868
66589
40554
12319
7367
12388
73548
57303
98031
25050
1358
21052
70352
16323
11470
12201
15604
22072
57780
31021
53610
74357
47272
99136
60871
89352
95412
1364
21149
52451
20856
12079
4292
99303
20228
95711
61822
23561
17005
88697
23112
60741
39646
98239
14338
43511
31951
54538
40144
43949
74455
47294
14155
77036
8358
83385
59933
7600
50160
17799
26064
52813
63000
14093
29038
87360
23502
46587
97617
43425
4502
60883
16131
85541
51744
60180
99540
53609
77660
74121
15046
63564
5434
78535
29797
3594
65854
92654
77293
33829
39471
78272
72157
58228
53043
47751
32398
74202
73640
89566
22649
29943
90915
79494
44195
12351
38890
10056
32697
93167
62189
98010
93651
87042
89945
72281
16964
82353
64130
78686
9728
88626
15494
71150
23031
20437
32555
7784
29451
26546
55950
1527
46723
4522
83440
12645
90113
44481
30185
24507
60101
80219
56379
9426
64901
43871
80715
20146
13722
509
39279
14274
21102
60927
4403
10519
9569
34257
22016
49964
39795
11435
52848
44270
3733
33145
94180
50371
51484
8662
2424
25844
98039
92232
45735
5666
405
85552
15353
41772
66646
33382
275
31659
51398
56681
78974
7777
25382
80737
51482
78225
61546
21825
4881
50686
40762
40105
50286
58684
41971
25975
72245
99655
3335
97023
21672
35446
1793
40717
38366
52793
311
33283
93985
76894
12865
19649
40340
96933
53769
29560
5719
56439
37244
21191
88368
36270
64598
8225
31714
52680
48879
54925
64818
57338
67119
68509
80221
55736
21436
72521
83414
23898
2286
61267
51844
38298
90633
15432
20174
77682
99517
3076
77637
78120
72243
69009
31255
37031
79520
23062
9295
8274
52787
87241
73104
2897
22737
10193
52167
54992
49869
6953
46488
96176
62162
67064
2285
47478
24609
27591
36206
70413
33441
17060
75116
37406
40217
86232
26216
60349
34973
73964
88054
72228
8110
2979
74090
55593
2192
64966
10921
41731
48778
43424
75648
38202
21144
35907
74431
47591
7971
26111
88221
89812
99259
97529
48365
45719
83953
20608
56280
50451
13043
90588
69474
63419
76709
4453
36328
67224
84435
466
71666
66705
98344
59613
60507
26060
59983
86061
23587
63938
26961
40258
26959
45601
95517
71678
40868
95475
54958
72691
27436
43973
86057
64974
24343
19132
84819
95097
8176
78614
37518
75828
84692
87008
82208
28269
79127
398
35817
26379
14492
74645
46980
22885
20529
79751
9203
71077
99877
78245
22525
42897
44355
43508
38166
27092
68846
89343
17918
63193
10760
46211
62668
52510
82153
49268
8510
33750
88827
41989
56356
7831
19172
66384
1207
46671
55999
15643
31520
11211
2523
35778
5023
2876
3947
36805
46372
98277
49353
32084
99248
38999
10889
79860
19228
26420
76718
71284
83500
63507
92490
93122
78854
77183
96011
80831
12850
18333
96529
21456
48323
96611
72787
80641
78334
84440
69307
93102
21797
84428
96393
76762
54702
24193
87165
22488
41326
66332
88294
46828
21729
73532
48398
13634
49052
35263
77024
29393
9595
5668
43338
63061
48643
58943
98398
76858
13124
8810
27182
34279
70359
31669
55439
37465
53370
61213
29352
3761
22934
91601
39897
94604
40321
161
47553
19162
92873
74478
97353
89398
41574
6819
81626
89371
64066
8220
90867
75127
73354
11383
54002
83375
50889
58371
42289
92955
77922
21619
72341
38860
99530
1304
67900
32786
81055
43344
44691
45163
69023
55454
47104
62142
6956
85714
72279
51258
18809
42597
43664
23098
30756
36872
40352
85247
69222
54478
85117
41823
40994
61119
35594
44161
20767
78473
64212
24963
88832
87775
14558
22927
1
96125
74822
6987
81539
7049
69801
63961
90662
88773
98810
94240
92827
33474
22609
37272
92790
51177
6442
4058
33619
98560
78646
15043
28644
67930
11586
70705
14352
83377
41052
75873
45332
4922
11084
73619
77891
51040
52160
31721
93990
78642
78549
19281
59900
66600
20943
16949
14987
56012
54921
62230
11685
10046
24001
99827
52951
40101
33994
42297
59253
28999
20294
88437
4050
20369
219
14694
84929
36200
34769
97703
55142
52703
30429
86118
56367
19902
70036
89686
38710
69787
74049
60295
52723
92191
55183
55788
59755
348
44620
59320
87046
23612
22970
74875
70159
61715
74740
8837
47931
95862
84757
34398
93266
29244
89595
72458
89120
76109
95057
57170
82882
98016
72802
50095
38759
9801
32158
21801
10204
78279
54686
3226
88610
98721
86670
11224
8948
35522
26618
38706
27019
88995
22030
44582
19120
57533
31084
33834
41233
92001
581
96013
65423
79576
11134
13077
73004
39519
72881
74305
23446
64579
70214
33909
67063
5200
12482
49189
27484
65341
33309
10626
4250
60576
45267
29249
94968
22324
91105
59094
99818
82588
39682
32742
13513
40317
53594
22495
52913
93542
75789
32740
17572
61597
1204
11697
67026
86114
30381
79132
40679
14013
3534
89456
22022
22890
43283
39393
41108
46277
31079
50205
58686
35220
75772
44886
47103
80364
9678
358
69444
29254
45109
90078
41219
15936
28698
18384
37591
86310
1799
6325
72023
7949
56730
78421
62333
22742
59159
9030
40405
94201
71253
18281
1609
5456
13076
48905
14511
89933
76041
96701
59258
65369
14457
44594
76092
49892
71448
20937
89386
45536
37312
96245
8201
86465
72738
3345
17987
63137
38138
58074
59438
5426
64367
85563
82484
33507
85696
97359
35630
69993
80562
92214
78242
96267
84690
36342
47764
51741
52756
17273
77503
89013
27482
39573
80004
55864
81553
26861
58632
34847
93052
82755
13821
50809
34464
20663
4509
51753
56970
72898
7546
2018
