0
9
24
39
83
127
133
162
168
202
231
272
289
318
333
376
407
436
465
509
539
570
578
619
628
656
656
670
715
743
749
766
811
844
858
890
906
913
950
955
1000
1025
1067
1077
1081
1125
1152
1172
1195
1242
1287
1291
1333
1345
1389
1429
1437
1477
1494
1511
1550
1588
1625
1669
1707
1755
1763
1765
1775
1814
1853
1896
1946
1961
1974
2013
2026
2074
2102
2126
2134
2155
2163
2188
2228
2249
2282
2286
2330
2371
2400
2405
2407
2425
2441
2484
2499
2507
2520
2559
2572
2593
2639
2686
2702
2711
2718
2764
2792
2803
2809
2848
2869
2879
2915
2919
2919
2946
2963
2975
2975
2988
3024
3058
3066
3112
3159
3195
3237
3281
3313
3315
3317
3323
3353
3403
3431
3454
3482
3485
3523
3533
3577
3582
3599
3635
3668
3686
3698
3712
3732
3769
3778
3812
3861
3887
3929
3961
3987
4005
4012
4014
4021
4029
4054
4084
4090
4105
4111
4154
4186
4220
4237
4260
4271
4308
4356
4377
4394
4412
4453
4465
4502
4523
4570
4608
4615
4643
4671
4711
4741
4779
4803
4830
4863
4913
4927
4974
5013
5032
5054
5081
5112
5115
5163
5177
5188
5195
5205
5227
5244
5271
5302
5310
5359
5388
5413
5421
5460
5482
5524
5563
5585
5613
5617
5621
5643
5650
5676
5726
5772
5816
5832
5835
5859
5871
5907
5955
5962
5999
6025
6033
6061
6094
6102
6118
6159
6209
6257
6262
6303
6326
6354
6365
6371
6406
6418
6451
6480
6503
6538
6553
6582
6615
6617
6666
6677
6715
6739
6768
6776
6812
6828
6844
6848
6875
6921
6922
6958
6967
6967
7001
7018
7047
7078
7117
7156
7157
7185
7229
7270
7271
7279
7289
7311
7341
7383
7415
7416
7462
7471
7485
7485
7487
7497
0
107
167
134
227
313
286
254
267
341
349
397
483
497
475
485
584
715
854
919
953
937
1007
1136
1155
1233
1247
1258
1237
1219
1234
1383
1366
1490
1493
1538
1646
1725
1776
1895
1930
1989
2029
2048
2121
2186
2258
2350
2399
2417
2494
2532
2651
2700
2732
2826
2830
2916
2899
2913
2918
3030
3046
3043
3030
3124
3114
3208
3232
3329
3417
3494
3509
3641
3753
3736
3744
3842
3833
3965
4094
4182
4224
4327
4432
4525
4492
4467
4562
4672
4778
4790
4840
4875
4960
5029
5018
5114
5122
5229
5377
5477
5505
5579
5563
5688
5662
5680
5651
5773
5888
6030
6139
6176
6296
6397
6448
6434
6491
6529
6526
6642
6733
6873
6872
7004
7051
7049
7098
7193
7165
7230
7215
7266
7279
7301
7269
7324
7392
7479
