0
31
70
71
118
167
176
207
215
216
242
272
297
314
317
339
353
401
420
446
496
529
544
567
582
625
672
709
739
767
781
807
835
881
897
921
959
964
966
1004
1043
1060
1079
1129
1142
1146
1164
1206
1220
1228
1251
1301
1322
1361
1404
1451
1458
1480
1521
1550
1553
1576
1617
1621
1638
1640
1670
1708
1720
1731
1780
1814
1814
1864
1866
1888
1894
1927
1952
1955
1986
2031
2053
2055
2060
2108
2156
2162
2171
2206
2241
2277
2291
2292
2317
2338
2380
2412
2424
2442
2466
2508
2554
2561
2591
2610
2633
2633
2673
2689
2712
2733
2743
2744
2767
2808
2826
2830
2850
2866
2911
2916
2960
2987
3012
3043
3089
3139
3150
3160
3208
3244
3263
3277
3296
3336
3339
3367
3415
3419
3429
3445
3495
3529
3556
3570
3580
3585
3614
3648
3668
3681
3691
3720
3766
3788
3801
3839
3840
3840
3845
3890
3921
3928
3936
3975
4009
4023
4038
4087
4096
4132
4155
4185
4212
4212
4223
4241
4249
4269
4290
4340
4366
4395
4437
4464
4511
4513
4548
4578
4627
4655
4658
4675
4701
4745
4789
4814
4851
4885
4928
4959
4979
5018
5021
5032
5063
5069
5075
5114
5164
5206
5252
5287
5300
5308
5313
5360
5397
5398
5409
5426
5460
5502
5507
5551
5584
5612
5629
5672
5706
5727
5754
5784
5807
5816
5843
5848
5849
5869
5896
5924
5925
5937
5942
5976
6023
6039
6080
6107
6108
6111
6144
6153
6193
6226
6268
6300
6350
6375
6389
6432
6477
6494
6512
6545
6568
6606
6645
6693
6695
6722
6749
6761
6804
6831
6870
6879
6904
6942
6967
7002
7022
7072
7091
7111
7131
7173
7194
7244
7247
7292
7333
7372
7374
7379
7403
7444
7470
7494
7530
7567
7591
7594
7624
7655
7663
7704
7707
7752
7752
7765
7770
7793
7837
7845
7891
7893
7906
7922
7939
7975
7979
8020
8066
8101
8128
8164
8176
8220
8258
8290
8338
8354
8354
8395
8415
8436
8483
8524
8532
8535
8541
8563
8576
8595
8622
8647
8670
8709
8713
8758
8782
8830
8878
8903
8939
8942
8982
8994
9004
9021
9045
9085
9093
9106
9125
9164
9203
9218
9256
9291
9324
9324
9340
9373
9388
9421
9468
9502
9510
9556
9556
9568
9599
9614
9646
9681
9716
9720
9720
9758
9789
9824
9827
9851
9891
9912
9927
9953
9962
9987
10027
10062
10085
10118
10123
10136
10185
10228
10254
10298
10331
10340
10353
10379
10413
10413
10417
10418
10423
10447
10453
10454
10501
10513
10538
10546
10592
10631
10657
10685
10690
10696
10702
10720
10729
10773
10780
10789
10836
10871
10921
10937
10951
10995
11014
11032
11057
11105
11115
11147
11185
11193
11214
11247
11282
11282
11283
11315
11334
11352
11375
11382
11394
11407
11419
11439
11460
11486
11500
11519
11554
11590
11616
11633
11633
11639
11651
11685
11726
11742
11763
11767
11815
11819
11837
11870
11892
11938
11963
11978
11981
11988
11999
12006
12013
12048
12090
12093
12122
12147
12163
12201
12229
12259
12269
12309
12341
12360
12373
12411
12420
12432
12441
12453
12460
12484
12512
12512
12538
12540
12563
12603
12620
12624
12650
12665
12710
12734
12745
12780
12785
12830
12860
12905
12912
12921
12930
12933
12957
12991
13008
13015
13047
13055
13085
13091
13124
13154
13190
13211
13251
13266
13289
13328
13363
13411
13417
13463
13511
13555
13570
13616
13643
13675
13715
13740
13788
13814
13850
13878
13906
13930
13960
13972
14012
14058
14074
14115
14149
14181
14220
14244
14292
14307
14338
14385
14410
14459
14460
14460
14492
14498
14525
14571
14616
14660
14688
14694
14741
14786
14818
14856
14889
14913
14943
14964
14973
14987
15027
15040
15051
15087
15124
15145
15175
15194
15221
15239
15278
15282
15302
15350
15354
15399
15424
15441
15455
15467
15485
15522
15552
15554
15595
15628
15651
15666
15681
15690
15703
15741
15755
15779
15780
15825
15837
15881
15888
15891
15917
15954
15973
16011
16036
16060
16104
16145
16187
16234
16278
16284
16332
16347
16364
16378
16405
16447
16487
16505
16525
16572
16611
16635
16661
16674
16679
16725
16763
16780
16818
16868
16889
16908
16920
16920
16945
16966
17015
17025
17044
17044
17051
17100
17110
17121
17136
17176
17219
17250
17256
17297
17298
17311
17322
17339
17363
17380
17428
17458
17506
17534
17552
17557
17599
17613
17634
17655
17680
17708
17709
17759
17782
17828
17874
17890
17930
17947
17990
17997
18027
18045
18046
18049
18082
18130
18133
18154
18172
18221
18234
18237
18266
18304
18342
18360
18366
18402
18426
18455
18496
18509
18512
18525
18542
18566
18602
18631
18634
18679
18697
18719
18738
18770
18811
18853
18897
18931
18977
19010
19027
19027
19047
19083
19083
19105
19152
19162
19185
19235
19263
19312
19353
19376
19402
19414
19439
19451
19492
19541
19590
19599
19602
19630
19654
19690
19707
19730
19772
19797
19833
19880
19895
19916
19943
19990
20021
20039
20085
20135
20150
20167
20194
20229
20247
20287
20334
20345
20352
20393
20427
20437
20474
20524
20565
20569
20589
20598
20647
20674
20710
20729
20779
20807
20818
20854
20898
20948
20990
21009
21024
21071
21108
21129
21152
21167
21204
21249
21294
21303
21304
21335
21342
21366
21392
21417
21422
21465
21485
21508
21551
21582
21621
21628
21667
21697
21710
21751
21752
21757
21774
21798
21832
21857
21903
21935
21942
21948
21967
21974
22008
22040
22055
22069
22090
22129
22162
22199
22224
22228
22245
22246
22277
22312
22331
22336
22349
22363
22363
22413
22447
22477
22484
22532
22570
22597
22638
22658
22662
22707
22751
22793
22801
22835
22845
22879
22915
22951
22962
23004
23030
23053
23053
23077
23087
23096
23144
23148
23198
23227
23257
23294
23319
23355
23395
23409
23437
23477
23524
23552
23564
23586
23592
23624
23656
23706
23731
23738
23783
23804
23811
23858
23885
23888
23926
23963
23984
24005
24014
24020
24021
24044
24050
24090
24113
24142
24170
24204
24207
24231
24257
24257
24261
24308
24318
24358
24408
24421
24445
24482
24493
24496
24533
24535
24558
24564
24596
24644
24669
24699
24726
24737
24749
24760
24772
24807
24849
24858
24901
24902
24934
24947
24979
25005
25017
25062
25097
25140
25164
25178
25207
25212
25230
25267
25295
25312
25361
25381
25405
25423
25473
25475
25491
25538
25553
25580
25592
25633
25671
25697
25717
25731
25751
25767
25809
25814
25819
25860
25868
25869
25891
25898
25917
25963
25988
26029
26042
26073
26104
26143
26189
26223
26250
26277
26318
26332
26376
26410
26414
26451
26475
26492
26521
26558
26582
26618
26662
26709
26742
26787
26802
26810
26857
26871
26874
26894
26896
26922
26953
26995
27031
27077
27102
27145
27192
27240
27269
27305
27327
27377
27389
27432
27440
27466
27512
27559
27578
27586
27625
27647
27662
27691
27698
27713
27716
27740
27765
27807
27807
27833
27878
27887
27922
27971
27997
28014
28061
28085
28106
28153
28172
28204
28227
28277
28322
28339
28350
28398
28421
28446
28495
28499
28510
28534
28582
28630
28672
28679
28719
28733
28735
28756
28794
28833
28856
28865
28894
28925
28961
29004
29019
29028
29033
29039
29044
29089
29091
29112
29125
29150
29183
29210
29249
29264
29264
29287
29321
29339
29359
29397
29407
29427
29477
29481
29516
29537
29571
29595
29609
29617
29662
29685
29722
29733
29747
29773
29807
29830
29854
29874
29894
29897
29903
29916
29940
29941
29952
29958
29999
30010
30014
30049
30058
30064
30068
30088
30105
30115
30132
30148
30180
30222
30260
30282
30289
30320
30333
30375
30415
30419
30451
30481
30485
30527
30527
30575
30588
30627
30636
30649
30661
30710
30728
30761
30792
30825
30836
30882
30926
30947
30976
30995
31029
31054
31066
31091
31134
31170
31184
31184
31223
31270
31277
31318
31357
31357
31375
31401
31408
31437
31468
31480
31530
31536
31586
31610
31620
31620
31664
31703
31750
31768
31784
31826
31869
31912
31949
31955
31994
32014
32023
32057
32103
32132
32154
32195
32226
32236
32249
32299
32342
32346
32371
32377
32414
32461
32503
32528
32530
32561
32579
32610
32654
32666
32690
32737
32781
32811
32812
32844
32867
32909
32920
32957
32983
33020
33039
33086
33086
33121
33136
33185
33222
33251
33290
33311
33336
33344
33376
33419
33429
33434
33472
33516
33548
33549
33571
33575
33604
33651
33658
33660
33678
33688
33725
33767
33788
33808
33838
33856
33891
33894
33943
33974
34023
34039
34043
34064
34084
34094
34114
34152
34197
34200
34209
34235
34243
34259
34276
34284
34286
34326
34341
34382
34419
34441
34452
34467
34474
34501
34540
34587
34603
34621
34652
34665
34678
34721
34771
34805
34829
34873
34917
34966
34979
0
-91
-259
-7
222
409
306
328
565
598
763
1061
1247
1395
1437
1719
1556
1472
1729
1844
1941
2201
2406
2635
2531
2493
2602
2728
2636
2595
2849
2785
2947
3181
3166
3032
3021
3269
3456
3690
3661
3812
4105
4290
4341
4374
4233
4302
4368
4581
4881
4742
4957
4871
4708
4788
4893
5125
5304
5563
5581
5555
5568
5520
5802
5869
6122
6156
6444
6483
6519
6748
6868
7098
7342
7641
7685
7681
7736
7984
8235
8399
8669
8799
8733
8837
8961
9061
9224
9412
9382
9460
9494
9729
9575
9719
10013
10221
10103
10353
10524
10679
10821
11041
10931
10772
10709
10940
11052
10917
11134
10964
11243
11174
11460
11745
11739
11708
11985
11966
12007
12110
12200
12053
11980
11997
12193
12169
12199
12467
12413
12417
12652
12640
12733
12560
12673
12792
12652
12719
12628
12492
12418
12385
12589
12506
12695
12520
12482
12628
12783
12698
12764
12919
13084
13031
12956
13026
13296
13496
13624
13865
13742
13693
13771
13801
14033
13896
14073
14096
14192
14303
14139
14377
14435
14496
14602
14657
14874
14957
15028
15244
15533
15465
15338
15301
15387
15328
15446
15319
15501
15757
15818
15774
15645
15576
15808
15940
16019
16138
16213
16452
16423
16611
16532
16783
16914
16845
16818
16713
16560
16681
16508
16480
16466
16554
16741
16627
16613
16600
16558
16412
16605
16751
16832
16727
16846
16923
16847
17074
17232
17162
17205
17355
17616
17632
17912
17966
18090
18117
17990
17984
18067
18091
18304
18444
18685
18880
18955
19084
19064
19094
19346
19305
19147
18974
19102
19037
18879
18953
19027
18866
18798
18932
19205
19403
19648
19745
19824
19828
20100
19927
19757
19706
19860
19784
19672
19684
19656
19709
19859
20084
19973
20202
20424
20646
20663
20729
20798
21095
20967
20904
21135
21091
20988
21207
21392
21620
21617
21549
21517
21432
21598
21779
21667
21875
21849
22079
21904
22147
22006
21940
22057
21968
22180
22064
22147
22126
22409
22319
22421
22327
22179
22223
22429
22393
22362
22389
22659
22857
22740
22655
22545
22509
22393
22285
22579
22874
22945
23232
23127
23410
23358
23248
23377
23307
23311
23463
23621
23649
23540
23532
23661
23941
24167
24422
24535
24760
24662
24932
24798
24951
24811
24791
24855
24764
25016
25081
25031
25049
25024
25021
24952
24813
24739
24890
25026
24902
24779
24701
24908
24738
24757
24897
25166
25383
25371
25401
25336
25618
25819
26099
26276
26211
26362
26650
26654
26830
26992
27064
27173
27369
27495
27624
27806
28038
27864
27823
28068
28238
28194
28104
28199
28410
28360
28513
28761
28906
28900
28818
29108
29103
29289
29315
29579
29425
29341
29490
29462
29338
29378
29454
29302
29355
29285
29407
29667
29646
29924
29808
29963
30187
30314
30163
30080
29945
30071
29976
29817
29725
29713
30011
30254
30476
30696
30884
30979
31157
31293
31425
31701
31862
31717
31754
31762
31601
31830
31745
31744
32002
31908
32175
32014
32038
32322
32552
32419
32665
32736
32858
32887
32816
32699
32847
33030
33043
33261
33279
33258
33148
33222
33403
33329
33547
33724
33726
33674
33677
33962
34221
34137
34090
34117
34098
34062
34019
34003
33959
34252
34281
34359
34404
34365
34610
34593
34857
34727
34741
34723
34932
34937
