0
2
4
8
12
15
16
20
23
24
27
31
33
36
40
44
44
46
50
53
56
57
58
61
65
68
68
68
68
69
69
71
74
76
78
82
83
87
89
93
94
94
96
100
101
104
106
107
107
107
111
111
113
114
114
115
117
120
124
128
131
132
133
133
136
139
140
144
145
146
149
150
152
156
156
156
159
163
164
168
172
175
178
180
181
181
185
189
189
192
193
195
197
199
200
201
203
204
206
207
209
213
216
217
218
220
221
223
225
227
231
235
237
240
244
246
250
252
254
258
259
259
259
261
262
266
267
271
275
276
276
280
280
280
280
280
282
284
288
291
295
298
298
300
301
301
304
308
311
315
317
321
324
328
332
336
337
339
339
339
339
339
342
345
348
350
351
351
352
352
353
357
359
359
361
361
364
364
364
365
368
368
369
373
373
376
376
376
380
384
388
390
394
394
396
400
400
401
402
402
402
406
406
408
409
411
414
415
417
417
418
421
422
424
426
427
429
430
433
436
436
437
440
444
446
446
449
450
450
454
454
457
461
462
462
463
467
469
471
472
472
474
476
476
480
481
485
487
491
492
495
497
499
503
505
506
507
511
512
514
515
517
517
519
520
523
525
525
527
531
531
533
533
533
537
540
544
548
551
554
558
562
564
565
566
568
572
572
574
577
577
581
584
585
587
588
588
590
592
594
594
597
597
600
604
608
608
610
614
615
619
622
624
624
628
629
631
635
638
638
642
644
647
649
652
656
656
656
657
661
662
662
665
666
669
673
673
673
675
675
677
677
677
680
682
682
682
683
687
691
691
694
698
701
701
701
701
702
705
708
708
710
710
713
713
713
717
719
723
725
727
730
732
736
737
740
741
745
747
749
0
1
4
8
7
8
14
14
11
16
19
24
26
29
35
35
37
37
40
36
38
45
49
48
51
48
45
41
42
48
53
55
53
49
45
45
47
49
55
52
52
51
56
63
62
69
71
73
76
72
72
68
75
72
69
70
69
75
71
71
68
75
76
74
71
68
73
75
79
85
82
85
82
86
90
91
93
95
102
101
97
100
96
98
102
102
103
103
110
116
121
123
120
127
128
132
135
131
128
134
130
136
141
138
134
130
128
127
126
130
126
129
131
132
132
131
133
130
127
123
129
126
125
124
121
128
127
130
129
134
130
135
133
132
135
134
140
144
142
143
141
138
135
135
137
133
131
127
127
134
134
139
137
144
141
140
139
144
143
144
141
142
146
153
151
157
164
168
175
180
177
184
188
191
189
192
194
200
201
206
210
214
213
219
220
222
224
228
229
229
229
233
230
233
237
242
247
243
242
248
254
250
256
260
267
271
272
278
274
280
286
293
297
298
301
299
296
292
295
298
305
307
314
321
324
320
318
319
319
326
327
331
337
333
338
341
345
345
347
352
354
352
356
355
356
361
363
360
357
358
365
372
371
368
364
360
365
367
364
360
362
360
363
367
365
370
375
378
385
391
397
404
407
406
407
412
414
413
412
415
411
417
415
422
419
421
424
428
424
421
428
434
440
437
438
437
435
433
429
428
425
427
430
436
436
441
438
437
437
437
438
440
437
444
449
451
457
458
454
453
455
455
457
464
462
462
458
455
453
450
451
449
446
449
447
454
452
451
457
457
462
462
462
465
472
474
475
475
478
484
484
487
488
484
491
488
495
500
507
514
512
511
518
524
531
531
534
533
530
530
530
535
533
529
534
541
540
538
536
538
542
543
545
551
551
556
562
560
564
569
573
576
578
581
581
588
586
584
587
592
598
601
604
604
609
615
615
619
619
625
629
633
635
640
636
639
635
638
641
639
637
635
635
637
643
639
643
645
647
652
655
658
656
658
664
661
665
669
668
670
666
663
661
661
659
657
660
658
660
666
668
668
675
675
672
679
675
679
676
672
670
671
676
681
677
684
690
696
703
708
713
720
721
719
716
712
708
709
708
713
711
710
708
714
713
710
715
714
712
719
726
723
719
716
721
723
730
733
732
738
735
739
745
747
