15000
14977
14952
14927
14902
14878
14849
14822
14797
14780
14764
14741
14726
14704
14689
14660
14633
14616
14587
14557
14540
14517
14490
14474
14450
14434
14419
14401
14375
14352
14322
14302
14273
14245
14229
14207
14189
14161
14141
14116
14093
14070
14042
14012
13997
13979
13959
13935
13920
13900
13881
13860
13835
13808
13793
13765
13735
13707
13687
13658
13631
13609
13579
13551
13535
13507
13484
13460
13430
13400
13383
13363
13334
13316
13293
13267
13242
13212
13185
13157
13137
13119
13099
13080
13054
13037
13011
12989
12967
12946
12920
12902
12886
12857
12833
12814
12791
12775
12755
12730
12700
12681
12653
12628
12607
12583
12553
12533
12518
12498
12475
12452
12424
12397
12377
12348
12324
12305
12279
12253
12230
12207
12180
12163
12147
12128
12104
12083
12063
12040
12018
11996
11981
11960
11937
11909
11885
11868
11851
11821
11799
11775
11756
11731
11709
11685
11664
11645
11626
11607
11591
11574
11548
11533
11517
11497
11474
11453
11437
11418
11403
11379
11364
11338
11320
11299
11279
11261
11231
11216
11188
11167
11141
11111
11085
11065
11045
11023
11000
10974
10945
10923
10908
10891
10862
10845
10830
10802
10779
10760
10738
10714
10689
10664
10638
10614
10584
10567
10544
10514
10495
10465
10436
10409
10390
10374
10355
10339
10317
10300
10279
10250
10222
10197
10180
10151
10121
10091
10075
10056
10039
10021
10005
9977
9953
9935
9917
9898
9873
9851
9835
9811
9784
9765
9750
9728
9702
9682
9664
9638
9616
9591
9576
9559
9535
9506
9481
9458
9432
9404
9381
9363
9348
9330
9305
9290
9269
9252
9237
9212
9188
9170
9151
9131
9103
9073
9046
9023
9003
8975
8950
8929
8911
8881
8866
8841
8820
8805
8787
8757
8736
8721
8702
8673
8645
8622
8606
8585
8563
8542
8522
8492
8469
8443
8425
8400
8376
8350
8331
8303
8281
8258
8228
8210
8192
8165
8147
8121
8097
8073
8046
8017
7991
7961
7936
7908
7891
7876
7856
7840
7824
7803
7774
7752
7732
7702
7679
7657
7627
7598
7581
7562
7532
7513
7498
7471
7454
7436
7421
7406
7386
7366
7345
7328
7303
7288
7264
7235
7211
7187
7165
7137
7117
7088
7067
7051
7028
7013
6996
6981
6952
6923
6902
6875
6854
6831
6813
6796
6771
6741
6718
6695
6679
6658
6629
6603
6577
6556
6537
6508
6490
6467
6446
6420
6391
6369
6341
6326
6310
6290
6266
6246
6216
6197
6177
6158
6132
6107
6085
6060
6030
6009
5985
5959
5932
5913
5888
5873
5854
5831
5809
5784
5765
5739
5718
5694
5665
5649
5633
5610
5587
5563
5534
5514
5491
5467
5441
5420
5390
5372
5353
5338
5318
5291
5273
5244
5228
5208
5180
5151
5123
5095
5068
5045
5021
4998
4972
4953
4934
4906
4884
4855
4830
4801
4781
4759
4737
4714
4692
4666
4638
4621
4602
4585
4555
4527
4497
4479
4462
4440
4413
4395
4370
4346
4326
4303
4282
4258
4232
4205
4190
4168
4148
4132
4109
4093
4077
4057
4039
4013
3983
3962
3942
3920
3905
3875
3846
3816
3795
3780
3757
3740
3719
3689
3663
3640
3624
3608
3588
3559
3532
3516
3494
3478
3450
3425
3396
3379
3354
3338
3313
3297
3276
3256
3229
3201
3176
3151
3132
3106
3085
3061
3033
3006
2981
2964
2935
2908
2888
2867
2846
2816
2788
2758
2733
2706
2684
2664
2647
2627
2600
2576
2546
2531
2508
2484
2459
2441
2412
2395
2369
2344
2324
2308
2282
2259
2237
2213
2195
2176
2152
2128
2107
2078
2053
2038
2012
1990
1975
1955
1925
1900
1877
1860
1833
1809
1787
1772
1754
1731
1714
1699
1680
1659
1633
1607
1578
1551
1524
1498
1477
1455
1428
1401
1374
1346
1329
1314
1296
1272
1252
1236
1214
1197
1171
1149
1126
1106
1077
1050
1034
1011
993
974
948
926
897
874
847
830
805
786
765
750
723
697
671
651
633
603
573
555
539
520
500
482
466
447
428
409
394
370
344
320
298
280
252
226
197
170
145
127
111
87
65
38
13
