70000
69982
69900
69880
69804
69769
69685
69592
69590
69551
69527
69492
69492
69472
69412
69336
69286
69238
69190
69182
69120
69032
68988
68979
68926
68835
68789
68780
68712
68708
68620
68570
68533
68473
68381
68305
68245
68186
68102
68095
68085
68059
68031
67962
67901
67819
67754
67683
67583
67514
67492
67452
67423
67376
67338
67305
67252
67179
67125
67117
67044
66976
66908
66894
66800
66717
66623
66576
66488
66484
66436
66353
66281
66244
66223
66138
66094
66031
65987
65926
65864
65795
65755
65685
65628
65535
65465
65461
65397
65354
65307
65248
65233
65229
65165
65069
65019
64995
64943
64880
64800
64754
64682
64627
64568
64542
64521
64467
64422
64418
64352
64304
64220
64203
64161
64109
64045
64002
63919
63837
63803
63712
63655
63595
63499
63444
63344
63261
63162
63072
63006
62955
62923
62846
62772
62761
62738
62649
62644
62571
62511
62417
62358
62346
62277
62196
62117
62040
61967
61881
61791
61708
61622
61609
61569
61538
61532
61462
61439
61433
61342
61313
61221
61218
61206
61125
61028
60961
60918
60875
60827
60764
60721
60685
60683
60601
60586
60574
60540
60479
60422
60364
60276
60215
60130
60117
60060
60000
59923
59880
59786
59692
59632
59592
59504
59443
59369
59356
59345
59248
59213
59152
59069
58973
58960
58924
58844
58763
58675
58594
58501
58416
58410
58400
58387
58320
58244
58185
58164
58121
58057
57996
57946
57912
57887
57832
57732
57731
57631
57550
57509
57464
57409
57405
57355
57320
57294
57257
57170
57107
57029
56987
56906
56901
56826
56755
56683
56590
56582
56494
56459
56447
56391
56374
56274
56190
56120
56033
55960
55959
55939
55887
55818
55773
55700
55684
55669
55623
55535
55517
55424
55327
55324
55291
55269
55187
55159
55067
55013
54972
54926
54846
54808
54740
54668
54578
54494
54411
54341
54302
54275
54234
54162
54112
54063
54024
54006
53968
53915
53896
53833
53829
53792
53692
53635
53630
53574
53557
53557
53536
53527
53456
53390
53322
53250
53189
53129
53121
53113
53108
53030
52955
52931
52899
52863
52767
52708
52701
52685
52640
52632
52585
52504
52415
52376
52338
52274
52233
52146
52054
52035
51993
51934
51840
51801
51743
51673
51592
51531
51517
51471
51456
51364
51292
51201
51116
51078
51009
50977
50913
50823
50804
50799
50784
50718
50706
50700
50658
50625
50624
50598
50575
50533
50456
50422
50418
50365
50333
50287
50255
50222
50159
50071
50070
49994
49930
49863
49851
49788
49731
49661
49562
49484
49445
49417
49412
49399
49394
49312
49232
49211
49199
49177
49145
49064
49034
48962
48873
48859
48820
48751
48742
48728
48691
48601
48540
48495
48483
48483
48476
48383
48343
48340
48253
48166
48150
48095
48053
47985
47983
47938
47840
47745
47708
47654
47562
47494
47494
47451
47379
47284
47282
47252
47240
47239
47206
47127
47120
47027
46962
46926
46915
46827
46754
46672
46601
46510
46477
46452
46441
46409
46312
46295
46226
46130
46111
46044
45983
45921
45883
45867
45786
45693
45624
45623
45527
45475
45393
45383
45310
45251
45235
45140
45056
44995
44923
44893
44822
44764
44705
44613
44545
44505
44473
44377
44324
44249
44241
44162
44081
43994
43985
43887
43823
43752
43699
43698
43679
43607
43596
43582
43516
43447
43424
43348
43330
43248
43237
43168
43158
43099
43043
43018
43015
43003
42903
42887
42879
42832
42737
42707
42653
42561
42481
42413
42391
42387
42364
42310
42222
42122
42107
42087
42076
42073
42055
42003
41911
41910
41910
41868
41806
41743
41683
41640
41602
41517
41450
41395
41321
41238
41187
41154
41105
41063
40968
40953
40876
40816
40718
40704
40682
40671
40576
40477
40434
40385
40289
40248
40196
40109
40050
40038
40009
39950
39913
39820
39803
39741
39659
39563
39491
39479
39444
39362
39325
39225
39164
39117
39042
39035
38982
38919
38820
38779
38765
38683
38672
38665
38612
38535
38476
38422
38375
38326
38264
38240
38200
38178
38088
38002
37928
37888
37872
37853
37842
37826
37816
37811
37752
37716
37646
37629
37567
37538
37472
37435
37337
37268
37170
37078
37050
36952
36857
36820
36794
36772
36758
36665
36581
36510
36477
36388
36368
36338
36298
36217
36204
36186
36153
36151
36055
35992
35904
35805
35791
35704
35702
35655
35589
35512
35456
35429
35363
35311
35256
35194
35128
35081
34994
34956
34947
34934
34869
34863
34835
34801
34712
34660
34620
34566
34485
34423
34411
34363
34343
34293
34218
34194
34143
34104
34022
33948
33879
33815
33741
33690
33597
33546
33516
33494
33465
33374
33337
33278
33278
33195
33185
33088
33073
32997
32901
32856
32792
32757
32688
32613
32605
32577
32517
32476
32387
32330
32265
32173
32140
32138
32131
32099
32072
32028
31973
31945
31854
31843
31753
31728
31664
31650
31650
31599
31541
31444
31345
31278
31212
31125
31111
31063
30992
30950
30945
30892
30828
30809
30749
30713
30698
30670
30669
30581
30579
30567
30540
30472
30433
30394
30340
30307
30306
30213
30167
30112
30057
29962
29867
29796
29758
29752
29689
29665
29624
29539
29453
29441
29426
29385
29295
29204
29133
29040
28970
28962
28930
28868
28853
28814
28782
28729
28646
28614
28612
28604
28591
28498
28468
28425
28425
28362
28362
28325
28289
28244
28215
28147
28093
28034
28005
27923
27880
27876
27846
27803
27738
27642
27561
27545
27538
27458
27379
27291
27232
27132
27082
27077
27060
26963
26922
26895
26829
26825
26791
26759
26686
26623
26602
26547
26524
26460
26369
26347
26313
26283
26245
26194
26180
26110
26093
26046
25961
25937
25914
25845
25788
25754
25672
25591
25502
25451
25391
25350
25294
25213
25167
25087
25022
24985
24941
24869
24846
24811
24789
24709
24667
24628
24563
24468
24426
24423
24415
24376
24330
24329
24321
24305
24244
24204
24196
24152
24080
24079
24012
23988
23903
23880
23813
23755
23686
23661
23565
23557
23473
23454
23433
23430
23331
23269
23209
23207
23135
23073
23006
22945
22919
22869
22798
22716
22689
22651
22609
22558
22462
22395
22347
22345
22255
22255
22219
22124
22057
21984
21963
21949
21905
21890
21798
21775
21693
21652
21612
21537
21448
21352
21282
21216
21156
21156
21081
21017
20921
20859
20818
20775
20734
20663
20585
20520
20432
20341
20328
20283
20257
20192
20174
20157
20089
19995
19906
19882
19790
19747
19662
19645
19547
19541
19465
19381
19371
19306
19298
19264
19207
19184
19105
19052
18995
18953
18920
18906
18837
18787
18778
18693
18628
18553
18547
18538
18486
18458
18378
18376
18284
18269
18172
18103
18082
18064
17976
17887
17887
17835
17788
17758
17718
17649
17618
17532
17509
17499
17418
17339
17264
17263
17228
17222
17182
17174
17149
17118
17061
16993
16932
16900
16844
16756
16725
16649
16582
16508
16502
16457
16454
16354
16300
16261
16217
16131
16097
16042
15942
15865
15844
15775
15743
15743
15732
15691
15618
15532
15469
15370
15302
15286
15206
15177
15097
15066
15047
14973
14927
14917
14830
14745
14649
14648
14637
14620
14566
14479
14414
14402
14332
14249
14191
14160
14084
14043
13944
13880
13785
13716
13674
13600
13575
13522
13515
13500
13434
13336
13242
13235
13152
13067
13032
12992
12934
12839
12774
12733
12711
12671
12592
12526
12430
12343
12303
12243
12176
12176
12169
12143
12100
12044
12016
11932
11852
11799
11729
11711
11624
11622
11588
11514
11479
11453
11391
11370
11284
11189
11137
11059
10960
10867
10805
10801
10781
10722
10666
10583
10519
10451
10381
10298
10257
10230
10207
10199
10147
10058
10017
9917
9906
9833
9756
9717
9620
9599
9557
9525
9445
9354
9300
9214
9116
9085
8999
8948
8914
8833
8746
8681
8642
8632
8626
8582
8496
8419
8399
8398
8339
8268
8193
8126
8038
7954
7932
7888
7862
7783
7743
7702
7694
7615
7531
7512
7417
7320
7288
7268
7205
7188
7146
7139
7116
7107
7094
7074
7062
6998
6987
6937
6908
6881
6821
6751
6675
6668
6615
6562
6542
6495
6396
6343
6276
6192
6103
6024
5999
5990
5898
5830
5812
5799
5755
5734
5642
5626
5575
5562
5521
5444
5377
5369
5366
5316
5258
5218
5188
5106
5088
5048
5022
5020
4984
4970
4883
4827
4810
4779
4708
4698
4617
4585
4543
4500
4423
4374
4370
4277
4228
4158
4150
4128
4114
4064
3991
3984
3890
3887
3810
3764
3673
3586
3548
3523
3429
3425
3425
3329
3266
3172
3100
3083
3072
2986
2891
2875
2804
2781
2688
2624
2605
2567
2549
2482
2476
2402
2314
2223
2153
2137
2064
2046
1954
1857
1849
1751
1655
1588
1516
1489
1415
1375
1289
1203
1142
1107
1105
1103
1050
980
960
877
815
737
709
692
688
607
551
500
423
394
340
320
236
175
144
132
72
41
32
3
