500
499
497
493
488
484
479
477
477
472
470
469
464
463
458
453
450
447
444
440
439
436
436
435
433
429
426
422
422
421
419
414
412
412
410
406
404
403
399
396
396
394
393
388
385
385
382
380
378
373
371
366
361
360
360
357
352
352
350
349
347
343
341
341
340
338
338
335
332
330
329
324
324
322
321
321
319
318
314
310
310
307
307
306
302
300
297
295
294
290
285
283
279
276
271
267
264
260
260
258
254
250
247
245
240
236
232
232
227
222
219
219
217
213
213
212
211
206
201
201
201
196
196
196
191
189
186
181
176
173
173
169
164
162
162
162
159
156
155
153
150
148
145
140
135
135
130
125
122
118
115
115
115
113
112
108
103
98
94
91
87
87
84
81
76
76
71
67
62
59
59
58
57
56
56
54
53
53
48
48
47
42
37
34
33
32
32
29
26
25
25
25
25
21
20
18
17
12
10
10
7
7
3
2
