35659
12010
2685
31900
81980
5662
22736
10897
13060
64714
10773
31981
12385
26598
8929
29892
24775
38626
30783
64906
96646
63150
85665
74263
68619
69210
66760
24437
51585
25118
65210
88617
57511
46077
63569
68717
15632
97894
54705
24248
75549
11663
11982
99368
57660
61913
92398
63464
84521
10321
23621
73397
61766
33478
62179
22955
2423
16846
56682
88816
83647
3664
75860
87025
89758
82521
93212
82740
60046
73742
4760
76906
88376
45353
34519
22724
51910
9293
69056
51927
75121
82441
2430
22643
33246
46165
82832
71647
31807
39334
60248
8791
96781
80646
70186
69637
27555
20426
74826
83357
34737
32530
98027
36508
7402
13071
43239
8994
38815
42718
99747
9305
30945
30168
83535
47632
46698
8912
75228
91983
94987
44371
17724
14202
82476
7535
45855
27263
75324
74574
213
82610
80261
35188
20140
94649
83775
57037
96333
2085
63559
11970
80365
71304
72498
39685
33647
46590
35306
55721
9199
24568
59290
19900
36670
65837
74546
29112
70772
86771
43320
39280
72543
17884
49771
13978
95453
45731
44156
70819
21105
26375
47775
45007
90309
1990
76391
90683
35997
33614
26463
13811
2925
19606
12584
59594
1919
45872
67464
48055
5763
99600
2016
80208
25146
97690
38117
48393
90745
28611
1231
66050
25191
11230
95097
61293
35796
32083
4724
15465
93484
15569
3619
18087
40722
50722
4647
69256
7621
71080
16270
86808
38683
22334
32047
63096
8186
60600
61550
86962
12171
28519
86145
80144
74635
90150
18702
57987
63319
24764
92783
90566
76550
64045
32905
92135
59997
15974
64448
67221
50390
86692
71958
36759
82927
90263
67223
79960
30066
67710
14271
55057
8225
21047
56846
69997
72180
15040
260
93105
28964
75379
48994
26781
74624
73389
2744
30282
15934
25782
52482
99434
67493
16519
51253
90268
75878
71035
1976
92908
14191
62223
40620
68935
63089
13614
7044
69994
98027
73313
31435
33755
1761
10063
79279
48803
38160
17664
45275
65514
26833
28539
77492
39586
6963
71828
31085
14439
8060
91102
72
80740
52797
52196
31084
44524
82415
93858
76837
96542
98994
82356
80950
92051
58462
53259
76720
87461
2250
10878
90094
72853
35763
315
31569
29502
38326
8521
30061
92942
5965
54131
76662
63611
32828
39002
95033
40891
58233
91676
97790
62558
15840
82308
27434
37403
93032
56708
71342
35470
54600
63526
53240
86003
54179
66296
12294
93585
10142
71255
92005
59146
26543
319
82218
99924
67365
9235
75383
44671
10571
60499
85347
14280
13809
25193
55721
53221
1763
58922
28627
19474
17355
10516
82952
71606
40066
96252
31653
23726
73804
99888
97329
74623
47510
11058
78182
88594
60948
3942
25851
65212
91762
44923
91171
13835
58992
57233
76523
36983
77740
36466
33542
49219
15211
62282
78443
36582
27209
1521
43435
4620
60879
77930
7376
30193
10382
52348
21330
81708
8280
54221
52029
67776
42047
13416
16372
86919
67941
26916
60511
36927
80224
22020
25225
98018
98654
55013
2832
16332
15734
86834
11831
92251
83999
57972
7276
81020
89334
77055
24387
37713
57983
54255
20836
65664
57054
57803
34602
41213
82776
4617
24957
69669
94898
7919
46676
31009
30770
9601
21377
90712
34794
39875
98442
18651
4366
46645
2125
52063
83265
41171
43970
38616
30982
96786
42064
9622
57394
9178
64896
14872
28500
90950
16816
63942
92444
12506
25113
30335
43304
33148
58115
98064
19190
25777
42260
17064
45180
73779
1149
32950
56267
34307
87333
3293
81898
57241
64071
70335
50077
499
19495
83141
67543
33370
1386
49243
33351
14956
50422
16656
71717
47301
91663
32048
52747
384
59206
44359
94735
61891
20215
33333
87825
51870
40062
50516
39259
25040
28597
7744
82515
76396
36485
68491
33222
87245
14995
45147
21403
96674
82679
93265
26312
12426
99458
96460
90055
33870
7417
48881
23633
68572
88327
29311
16578
88051
46201
49049
1093
12877
94770
83427
2481
22916
67612
26482
61592
92058
58892
97819
6376
63788
54655
21744
20929
26173
67357
76994
59209
8520
19018
15803
3038
83232
79960
15513
64977
46062
5811
4120
66559
63234
31504
51936
10932
8801
88973
1060
16804
52711
49663
56185
56081
7638
53406
3862
69261
37165
62983
53143
12629
99158
409
70215
87951
59671
94220
66533
70444
39799
94945
38409
12711
348
64473
27781
49247
51940
4312
22656
30568
633
94209
57730
40077
54661
42499
47662
99125
52626
79780
85943
24076
69611
92340
78857
18162
42793
56243
66580
48833
57213
39759
21867
6183
76624
63505
54728
30337
33158
57621
67571
77581
29971
54825
98503
24943
6239
36283
16200
822
67843
10163
31105
78481
28353
85292
848
74798
16143
45367
68230
54839
51372
24262
12369
61422
9243
60255
18435
1754
5545
7871
62514
4145
30906
61683
89452
34897
46616
78385
38361
73057
34125
42808
20157
37993
6469
76151
49889
57057
81235
84626
15836
47685
62804
90782
32280
49544
88292
54418
92886
3274
20973
83707
36116
13674
52398
88069
40107
18057
65917
63803
57002
37405
63205
26860
94514
64715
32517
236
74039
81568
70849
11583
15052
53880
31497
90175
63803
95413
60311
90142
84243
99657
52296
72520
89281
9595
75590
33082
6298
39942
98291
42339
82790
75616
93879
50905
80942
29954
11319
3365
68803
87337
52416
25543
6043
96793
29196
11897
58672
10036
77564
68933
43044
88356
70986
29573
79898
85373
19695
99587
13966
2478
13010
80379
31733
18384
17030
273
14221
57884
94027
18631
87790
31420
26544
47243
11027
11679
89002
11936
93025
71940
61766
25541
74171
75405
30125
49568
62123
66986
80560
67602
71838
2588
6880
37021
26521
13184
59035
40929
77122
84433
14370
25574
39186
50886
20476
25103
92370
88268
44947
71812
27647
42224
94026
84514
6561
77416
16806
3516
8410
96404
32715
94531
89886
72140
29026
48909
15091
20780
1847
24030
2865
94120
59759
4204
31419
89080
55310
52115
41697
54744
94241
92105
50409
67638
51523
96671
75992
36818
90745
93763
27229
11553
21399
32138
42553
59088
22247
96647
41795
44391
18148
41607
21306
39747
20789
79389
36641
89590
47413
30724
59695
21650
44378
97630
20610
72113
6891
12702
24043
62232
788
36385
68831
90362
17610
81371
99762
91629
39541
32881
23933
15871
39330
11539
31763
24259
44751
11716
4630
55979
93385
39166
86544
75776
84843
39925
63808
93528
8647
10354
7454
43903
90987
89213
95417
78717
66333
11695
37558
60069
40536
56105
30603
18241
93761
24120
69353
17655
54399
15870
27655
51937
81305
81172
56884
27842
63573
85452
19160
38753
74669
68444
73628
25943
28991
65253
94041
50776
36974
29211
59797
25881
87901
60798
25028
69829
53236
40474
66062
29625
20626
43763
32143
89543
17378
99350
43367
84561
57612
65932
10699
77586
27972
14462
29492
64146
82671
12692
7373
24897
58353
69989
94138
27001
46441
22350
7393
44963
19262
66867
34326
67207
48515
25216
83733
3737
51610
53901
56763
57405
83392
91621
6132
12218
76662
22407
50995
92199
19502
65485
24886
16841
11362
32908
43312
34866
90756
61250
24591
96751
7815
16289
572
93811
79015
99519
75928
8575
37605
43138
97590
44017
44352
23381
4258
59697
88254
57299
62264
91008
23754
56901
57522
33862
19200
44400
69558
20930
44060
33950
81368
46990
92180
11399
17750
64486
18978
51125
73767
23198
30459
95
29351
3399
52730
15968
99353
18100
59517
31459
85680
14137
21495
80170
64053
46788
68437
38139
29969
78908
96532
47172
24089
55999
79604
68481
92378
26092
78139
89271
28483
46987
167
52662
93875
64131
42697
24285
4556
96964
70520
82361
96828
35449
44778
67082
86027
25397
28651
99173
65399
95572
44801
26145
9636
77795
24979
1117
14393
48125
47465
65787
73536
25693
251
87847
1765
76386
63407
98089
28725
13778
87511
31973
44377
10586
59055
157
63397
89248
41943
88706
61505
78609
99184
2342
667
31020
25209
52826
16078
34607
69872
85839
36414
8202
8281
67516
86190
47256
14419
70861
99869
52076
25134
39230
35383
33576
26049
45830
78939
55901
86261
49420
1028
24486
98873
21507
52352
82257
78949
35275
11375
14035
69491
62062
29798
79977
26683
55531
96114
20982
15025
46039
44018
73039
39280
46246
13220
56118
7772
77564
37942
10933
40898
31549
26731
56711
16709
99695
31149
52287
57484
15876
39923
15734
68510
72679
5848
90597
20816
25568
40939
10203
33211
96727
14498
25546
89897
76629
36035
60472
4067
1038
13662
77764
39487
35073
81656
6853
52859
52941
90622
99229
14739
86531
61196
22866
63858
48927
66109
4230
2682
29399
51833
92460
48775
27655
3994
54077
7898
21030
49869
7153
67069
37745
43089
39794
77746
12563
98414
17350
10748
84777
32374
36299
48432
77630
74057
3104
32039
64672
96440
44227
91881
93834
95278
74172
54308
90435
5585
93933
93678
22345
68877
96504
59889
607
44715
45982
60030
69152
29026
80501
68165
27350
28584
81939
86571
53432
50602
19869
44800
940
59476
78212
22602
81517
73073
56129
92726
15914
91407
71252
68080
85684
11082
88552
43199
10270
41276
92824
67505
47466
49354
13642
12551
21022
16522
25450
8075
87276
15201
86625
4967
31520
28132
47830
9612
93010
54236
8007
80473
19426
90316
53213
27684
59568
7712
10674
97735
50300
83740
36973
66623
32531
65252
92069
37717
58416
41106
64731
88685
96093
14450
24714
97705
11602
22856
31803
90130
40721
79632
57954
30689
59991
17220
51270
79264
11862
88638
64711
48874
39050
29551
49997
68839
79825
98329
18091
52012
18394
69053
99774
20847
65159
62171
26632
92057
87520
73204
22535
1603
