999
-27
3755
3415
-368
-10619
2108
1532
5861
-6517
4560
1317
-4827
3546
-430
2575
6793
2357
-1243
1262
6333
-238
5414
-1584
8401
1763
-83087
276707
3853
3379
5167
7352
4646
2692
-404
352
631
3183
-954
1721
436
-3584
2699
-2217
9798
-1019
3218
-685
5518
406
-586
3450
5077
5889
1662
4831
480
-2727
-45382
4127
6852
3724
-5262
-1226
-404
-36871
11606
36932
-33663
-5143
4745
-48879
87113
1875
-4
2164
-13386
1023
11426
1192
1761
8861
2806
-763
10821
6765
1541
237
-3360
716
3298
-3052
-1073
-1734
1739
188437
7630
3226
-5332
-14212
-198309
266
9846
-22110
-1147
12234
1032
-242
-1483
3737
-4948
4190
9172
1395
1264
3690
491
2747
1461
-1006
-1477
-2005
1360
4399
-69073
-16
20541
4737
5114
-2954
39581
-14
159903
6809
7978
1040
-693
-1588
166
10198
2906
4335
2735
70688
171092
2469
5179
-827
-2338
3060
-5261
614
3524
-11185
8099
1455
18842
1940
-2274
2380
6968
1638
-3528
569
-139
4106
2088
-1857
6659
8509
23290
-970
1852
5558
4520
1704
3428
1360
4480
3978
-29458
71145
4386
-8509
1016
-1432
2923
9339
-983
18220
3230
3350
3307
-34560
1813
861
10328
884
-758
9021
-87462
-810
495
-21984
5270
512
3564
2589
2010
1591
4308
-22
4982
3030
-778
10181
9673
499
-41328
6378
5279
-85
-1804
540
-62
6329
-3076
-476
-248952
1694
-3076
4612
5432
-1343
-895
-430
2011
28855
1204
2129
1755
13100
-147
-61969
10360
8970
2197
2347
16742
-1108
-232
4273
-3183
4283
-80614
8226
11746
5002
5856
5341
961
3247
-1274
3945
1135
2098
60
-117
-148
2616
1754
3549
4574
10025
25797
23
3686
-18638
4689
-1368
6354
-605
534
-1465
75890
11818
3368
1473
39
28901
-854
-251211
1751
3458
-14650
8155
4060
7717
-9729
1389
1858
3055
622
137
3849
1301
2569
1559
-326
7303
258
3643
-98052
12046
3217
5493
49970
9634
2964
-86937
-843
-323
-1785
2604
3878
9583
-621
68846
5543
17178
5993
17379
-38564
8702
-6636
39376
-8166
2027
49954
-361
6727
-4334
17372
133458
-7321
5012
-939
-9987
8487
-31990
41461
-4277
17647
-830
5436
3059
-899
-1609
3833
-49269
-338
1761
-166
4895
1215
848
-1311
260
24991
-1038
-1440
2845
2488
2470
3718
654
726
-9051
2223
1975
-1079
1931
-794
5837
-1305
2022
1488
-304
4515
69
9089
5421
3500
7227
-27435
6747
-506
6276
4421
3803
3455
20004
392
-1578
3438
621
2205
2085
95
6932
-2266
1715
-78813
7074
-1734
20122
325
-60044
3668
5160
-23384
18082
-5168
3580
2789
2292
428
-48339
2421
3558
-6746
-212
2053
-572
32673
-1775
5818
3437
-3557
4632
24132
2600
146
12298
-1022
6463
13362
-1529
1247
11479
-800
-22994
6033
2591
-1282
3234
-906
-836
5456
-3101
-186
4721
110
150506
18495
-2171
4378
2073
-580
7485
1481
96
16917
-132
4811
5281
-220
3880
15328
1782
4132
-7564
2931
1862
772
-580
5544
3155
-2572
23990
-196
6074
18091
-2471
8435
2881
2626
22048
-1061
12775
-8875
4585
14026
-1049
5023
-3738
4199
2994
-1571
288850
5477
8884
2417
1187
681
4526
12676
-4517
6603
2613
12331
39243
55419
-876
3285
11156
1672
5907
1546
9111
2079
496
2206
723
-736
7609
749
-1187
15128
1292
-3611
958
5031
5536
3710
3174
1335
565
-113
-151
-62247
102
33589
5721
232
10512
4585
-35534
1503
-94960
6898
501
3996
-1618
2375
380
2291
-768
6109
3111
10526
62473
964
3465
6435
-903
18638
931
-972
13069
4080
358
-2266
2864
-1857
1386
-170887
5509
-11217
5768
-865
2478
3245
5470
1879
27174
5167
6340
3412
3854
-1572
125
510
1482
3643
46287
-879
5703
1621
13462
14768
2461
7334
15871
-529
-28521
552
23155
664
4725
-998
2923
7088
3098
-165
11
-36636
-47873
6056
1196
5049
-2478
4175
1563
1476
-2276
1960
-23995
-41478
-4430
1421
330
2282
-35345
38636
8686
15257
1080
4596
3064
2797
-995
1454
-4664
-1540
3808
4249
11352
-721
5381
395
2616
-133
7347
11686
-2840
49934
663
4670
4027
2280
12169
-137808
4483
42111
289
-198
12083
-1700
-1273
1519
2863
3265
35067
-749
-707
544
3575
28243
1232
4900
7148
3403
3452
1584
-33640
12045
9806
225
3494
20668
11598
4974
1543
6866
3571
3016
-90
1861
3993
3129
13686
2671
4559
4335
-1760
2258
11779
1188
4820
5038
2578
-5052
-1864
5030
-238
-149
-528
-727
3188
1669
4609
-864
6167
-84826
-366
-389
5552
-107
-292
2042
3554
-1170
9444
-5871
-1751
3423
3118
3609
33880
3880
85
-1004
1193
13851
23721
1631
-957
3485
1472
2087
1535
-1346
7377
1777
751
8309
1137
1482
7043
1700
1439
2799
22206
1808
9550
907
1071
1881
1948
-381
-17
-585
3469
-2248
-1093
-83097
26901
-1041
2024
25702
2439
-1178
3697
-79758
2176
2722
1445
5468
-1140
