41
-803
24768
5184
11766
-651
-1331
-3098
4791
-15244
3792
2432
-2508
-3510
648
3984
5962
5712
4056
-33775
12320
-15112
-1364
2306
9222
13828
4267
5919
2700
-33722
5303
-1373
499
2283
5696
-2074
-7758
1969
26435
-101098
1937
-887
6305
-471
-7390
-939
-878
6745
10171
-77
3940
329
2021
-404
1458
3492
-878
-45339
356
19739
16150
-647
3024
908
-362
404
-5288
8819
3465
169704
12546
1455
-1302
5143
7180
2121
1163
-1057
-103576
3618
36264
-4201
606
12780
1695
2529
-956
-4882
7722
24021
-87282
3208
4017
-188
362
1087
9554
971
-412
-678
58861
-1040
4904
1663
1258
-994
1500
2989
45617
16418
-2466
713
43457
21526
-1133
5075
-10995
-64499
36478
2987
-1947
2044
-1485
1925
-93
-5425
7023
1177
4491
984
16854
2434
8195
-5601
5853
8528
24006
8855
-988
5623
8600
2290
-85887
3961
-472
2
7624
-1533
-1014
-9378
2709
1012
709
-120
-1192
-549
-1294
-1853
-1180
2999
103
2103
-2018
12315
2516
-225
1080
-4704
2301
-2152
-6700
984
-2814
-944
-24412
6595
-1085
3085
2501
12817
6407
28085
8388
2569
51325
-941
1263
3527
890
922
-1418
-1831
10403
-55899
86
1636
-1776
-645
2799
386
2592
3076
4880
1465
16845
-126453
15468
1052
316
-978
6652
-198
2301
-17443
1584
-445
19951
-70811
5257
-1968
63268
7556
3079
3329
13621
-1784
59140
4176
4180
2229
-954
3358
4510
-170
3835
823
-442
5776
-47223
1314
-60331
4891
378
236
96426
3852
67244
-5034
1397
290457
6376
13764
-126470
13338
4910
4965
5283
1798
29228
389
18161
6140
3129
2062
-1000
-53
4257
1651
14
6945
3376
-34653
472
2500
3050
7347
8112
26696
5020
1948
-11575
3014
58735
-252
42
4507
5615
-43829
-1156
-1683
3376
2472
63763
2695
27143
-4584
64679
2646
6944
3160
963
2602
447
-74040
13612
-468
13142
-1218
-687
1589
-640
18691
14641
-5531
3924
28824
776
2485
3857
313
425
1206
5477
9681
-2194
-7513
-820
-35058
183
-958
-28781
-3077
11997
14385
2152
2406
4318
-900
3108
7147
143
-17745
987
-1505
32075
-41482
-666
-2708
1775
2178
2226
9197
2440
-2876
-24392
3582
15645
4250
829
7701
-6915
2271
-269
860
24643
1600
1789
-1080
6755
38
2912
4150
-18626
21968
-1738
-30
3389
247
74534
23622
1884
1101
6984
3676
4704
19698
1039
154
2470
840
7284
42094
5739
3611
2502
4739
620
3849
100671
761
131754
-1266
678
3408
-20795
6074
-970
4921
-62649
89
-403
13782
7538
3266
-985
6598
9680
70195
23317
2467
12506
-33619
5405
87779
1645
31514
7505
25242
12614
-1653
5264
5247
-951
6713
5877
1282
-1804
-2496
751
4677
-1976
1914
4054
127100
-831
2306
-416
896
3158
4523
5960
8512
556
-3149
3367
7624
3132
-616
2181
-826
5193
3491
7145
10495
-30636
-34
469
-6616
2348
-57430
58069
383
-2333
3473
25357
12046
1644
14629
1976
44
4452
7791
5909
-496
174
-7345
-56
4115
2757
3095
4552
5521
-1463
25191
41357
16215
372
-19536
4379
-1651
-32631
7455
71
2827
8472
46801
3643
4847
6010
-23038
5907
9633
-40545
2146
7418
4156
4161
520
-1952
-179343
134915
1260
294
18422
11301
4388
-2208
2203
-736
-1105
61472
6993
71296
3661
1008
-2816
-555
31634
10206
-27847
3373
20558
-55304
7399
10323
1703
1033
5534
30811
12253
16255
1476
4974
103
4656
-174524
-1735
828
-755
5517
5532
6614
4357
2288
-24573
-1466
37101
3939
-854
1463
27772
18565
3061
3463
4110
4961
2738
-10926
3278
10970
10129
2968
3287
-1124
-47318
5059
22247
2704
39706
7888
-70274
9031
-54176
-1490
4393
2939
52217
2417
20540
-1663
6888
2362
8308
1333
125546
-415
-180
8528
7571
-1006
-397
-3798
2108
4840
4644
-196
60035
-4196
-877
-1662
478
1197
228
-1474
3494
-15374
15811
-317
-830
-1979
1101
-43888
-291
-714
2547
2342
17111
1897
36572
18829
-15368
9535
-1067
-301
120
81911
5006
3969
676
1613
560
12962
1476
-108
3036
-39
-959
-44073
18303
-4975
5260
1372
5326
625
7853
-226
4901
3452
13121
-1660
-634
-7329
9559
8301
2037
-626
25591
4326
5670
-1194
-4032
-15471
3074
6581
-1786
296
-7760
-54
-21
256
1506
95830
6546
3684
-40961
21194
-3970
1331
8136
28618
-95
-1199
290
14998
220
-1501
3717
7950
4466
1349
676
6802
436
23230
5664
296
-133
-513
1359
-544
-718
4895
1820
7348
-2232
6557
-1868
-1597
2047
1899
1765
-1803
10076
3713
-24322
-1069
2974
-5573
6970
7573
2788
2159
11923
8988
-1643
-39953
-344
-5781
1589
9523
3198
5183
780
6778
-1595
-386
3681
-3609
21531
5641
29386
1724
-32412
1447
-43891
314
38948
-23265
-30360
-30687
-43093
19103
11261
6995
1559
4946
2490
-52394
6453
5066
1846
-41481
101613
375
8538
3764
9696
2659
3824
5549
6098
16163
1922
3865
1966
9676
10079
-21981
6642
2586
2898
-654
-1513
-1129
2742
-1139
111
2753
2601
4491
4308
10242
-1900
1857
9599
3415
3701
14812
-745
768
5799
3723
1953
4304
4635
22872
6811
7121
9747
-2303
2195
3506
-529
-46
3248
-6465
-2381
47247
1466
-811
3538
4578
-926
17639
2968
17364
-65337
-634
3515
3246
5036
475
5335
3758
-30977
-5936
1697
11711
-3280
-85738
2071
226
2693
5564
-4384
5742
2251
4533
-1112
276
-1448
3083
965
1
231884
5561
2553
6992
-1567
-1161
-19614
514
10933
-1447
9117
3181
1223
2763
-254
4514
4266
1656
8765
771
1917
6261
1477
105
6882
1958
628
3633
-1441
1240
1522
27466
2792
8063
-8496
2575
1896
1198
8444
23244
3970
11407
18993
-943
2101
3702
932
4833
-256
5902
3299
-64617
-35302
37446
692
-1257
839
1534
913
4804
1615
5648
3754
2562
1364
1249
18003
-61679
14264
18734
29366
-845
5255
1219
7869
-1817
-2279
-1403
-1073
-1117
-2377
-578
168
6381
2031
1183
18667
193830
2376
3567
352
-1211
14291
4140
-1049
362
-33406
4251
-1507
15278
4163
-1491
9897
-378
2878
-977
3642
1377
7035
2721
3659
309
2169
-35842
10156
-403
1816
21700
-1059
-16712
-1241
15498
3239
39717
1608
6799
1442
914
1210
9100
2570
4237
4995
-701
1557
2484
7323
-865
3271
-320
4424
833
1470
10831
-509
28044
-75770
-3328
1249
36775
3008
-203
2305
6456
-2976
9321
-69972
123861
5406
6779
5693
2626
2977
5909
-7577
52517
3400
4099
-389
-275
4727
-4946
-42565
4116
1818
227
3658
114962
294557
257
6705
3400
8061
4312
25654
6497
21074
-309
7639
1697
234989
80
4121
3221
2441
3777
-76
-9424
15393
3174
313
-739
-2396
-19
9307
4870
2713
31692
2425
-731
22608
-1164
3638
4783
563
-41
3583
5436
20011
-1204
339
-727
10994
232
5757
2712
-16860
4530
49337
1527
-3279
-584
-154
-91056
-1198
23282
5013
1380
-376
5553
-293
127149
-622
3551
19954
-1817
3237
2962
-69909
9523
-1155
5448
6429
2017
2562
-452
2194
5073
7899
2656
4423
3064
2936
2679
3755
108
1959
-759
-11953
1251
-496
-1611
6231
-2088
20060
5113
11904
-39
2257
2855
8269
2852
-8693
747
-31834
72
585
2237
-1223
-1685
-46856
3266
-5459
8275
4479
3407
5083
71
3151
-918
220
4471
5181
2678
78
47295
12412
899
2920
-1109
-1984
4558
5758
-1181
-1346
-4190
2182
5846
1119
463
18431
-1047
48896
886
-2807
-12036
5600
999
763
6338
-12
4293
1979
-13805
11406
-4475
4163
-648
9593
465
2671
-132
4289
1839
944
2174
594
4918
8876
-99718
99
-33052
22
4751
2372
-1469
6002
2427
2662
-2859
1014
1360
-639
-480
-132
10178
942
-35
899
-4093
143
-66333
39290
-3378
14404
-502
-945
13091
-8229
5246
5755
1994
-2586
4344
14462
26212
2961
3443
4495
301
-2540
21743
3261
90720
136
2149
6051
11381
5766
-1458
10155
5207
-1002
2610
17579
-29026
13380
12164
1069
-465
2179
-4043
2347
3888
8445
1149
-92301
2438
-2247
11622
2093
-8975
-2727
3422
-3239
831
-119
1258
4551
1466
40481
9103
3088
-730
-45350
1013
3159
3971
4322
711
2666
-596
3218
2093
-2201
5612
1663
-1214
112946
10687
3098
12506
-231471
3789
-8
17
19333
1937
57872
2958
2993
507
-6339
3337
-601
-714
135
14522
10730
-39290
2029
1956
-696
2221
2586
-201
798
3181
1264
-1182
7350
2956
-1267
1421
3838
-1226
1877
14770
14797
2087
10518
3777
3067
257
7049
78082
1184
3657
-637
-1423
-710
-2137
8970
-76481
912
-67153
-1379
2485
20427
803
627
-7822
-3512
2235
3474
-518
-1
-1252
2700
-4451
-1344
1098
-23
8403
-30501
-2364
-1537
8152
158
1834
-1203
94466
-10825
7123
4881
89
389
3269
375
2793
3190
240475
39234
4139
-15262
2484
5071
193885
-4750
10334
15032
7117
20368
-6419
809
-12610
1092
-10534
-1828
-148949
-844
-1466
1248
5873
12849
-25838
-1933
8086
7455
7813
861
2387
-814
144
1787
27739
-960
-1251
481
-82327
-5057
-2507
204
7879
-41843
-338
71460
4031
217
5242
378
-632
3822
2829
6062
-81978
42753
8614
2835
970
1608
494
-5653
8523
2757
-6666
562
3264
7199
-11245
2814
9076
2902
80104
1810
3116
950
2164
56010
2314
-704
-150
283987
2429
145548
-957
-1597
12997
4573
-4674
-1088
4137
4098
-107470
13221
2838
14222
4960
-1025
-107
5891
4295
-686
2978
7633
-198
2022
933
2022
-1709
8663
-3821
11930
23547
-1030
-1013
5567
1265
-3891
5900
834
1376
8807
2921
-1404
-368
-755
4456
-1069
-602
9934
-7613
25602
-9046
5134
102508
8062
-119175
-9
2870
5555
-4436
10632
-5682
-1242
-60507
-4502
1654
-19405
-1300
-96
4784
1968
32
-1848
6514
3121
1990
-1149
6641
10279
3428
10361
23407
-716
147027
4877
-504
3535
1286
1392
3212
7643
3213
-995
19277
-695
2574
7020
4795
3567
4648
13668
7719
3574
1790
3396
2052
4184
-985
-16683
191114
1802
610
-1506
1753
-246
-53851
23892
2497
6413
2275
-9235
56970
6599
7300
897
2336
28623
-544
78293
-1926
21876
-1742
809
-41730
-1214
317
-54553
5500
1764
7059
2879
1679
3684
-9253
194
7774
3039
1236
3056
7692
5922
-1090
2194
-1091
2813
9742
14617
-6959
-232
4249
191
5463
5504
1301
99
-654
906
4408
1174
-556
2857
889
827
2923
2798
399
3258
285684
4392
1667
1945
528
-3541
-2058
3365
46924
4166
2268
-28146
-144
-756
16442
-659
747
-1902
927
1054
-86083
2945
4354
-877
1548
21642
-101
4801
1391
3859
-2003
-1051
14810
12277
1746
3434
8313
3223
2053
-98554
3530
32284
613
-712
-1601
745
-201
3518
2204
4495
829
-3442
12106
182
2061
2572
392
3556
3649
-1679
14725
3913
3558
1724
3016
3885
1232
1167
-377
-2157
-385
14798
-1460
727
1898
633
-1059
-2246
-2511
3329
-19858
4953
5414
-374
1736
-593
2413
324
3731
4086
14597
1805
-209
3130
-119
502
-1373
1561
6
2091
1766
5785
2309
3241
-1284
-7444
-584
-7919
36250
3771
197
51
70641
-1305
-321
3292
3379
-656
4311
82041
242501
14970
-3727
-160
967
379
-423
-1816
4547
-471
3003
1837
274
24269
1103
7042
-4352
6023
-2402
-383
-3020
4646
17158
5547
73
-1142
5005
4327
5338
5688
-215
608
611
2383
1157
-789
9220
3538
3291
41859
129001
-722
-253
474
21410
23913
-19733
24424
3810
3605
11699
-225
726
320
6790
9227
7837
2343
4627
38914
10599
4838
3728
9929
5274
-3733
-4648
1963
-1011
1864
2597
26032
46
10070
-1485
1916
2981
1355
35552
-666
-33336
2697
3582
-7259
-1716
3245
4407
7217
-957
-41498
-1926
3371
123537
33748
-2249
-227
64165
2409
7867
9854
2753
-1519
26840
2254
2961
65598
14
-1247
-2840
409
4087
1286
-81277
6175
-296
4210
2663
-1394
3877
318
-1148
19326
-26538
7127
19824
-106
2505
1878
-2455
-165
1147
4374
73185
-1051
-235
8394
5564
-28360
-941
665
3858
39046
3029
6955
765
2740
2422
5568
-1247
30003
1435
-8392
5910
9371
-12357
748
1276
2591
-78388
-33112
-1284
-2424
3587
7704
32064
197
1539
3004
-173020
3010
-80337
-1218
1051
-13122
3666
213948
3314
-102
-245
5237
1442
-753
13166
201
4768
-694
-20514
-193167
-98
6173
3985
3679
1257
-753
-21287
-133
-314
3566
3241
4308
73910
8572
-100505
-2661
-4706
14364
-56760
