2063
12662
176
431
10625
4904
-50091
9675
2960
8544
3489
9236
3431
6133
6943
9755
-23
7813
2703
-38214
-2060
-3594
1407
-42745
3040
-1288
-87
-393
251306
-45517
2441
20215
5839
13141
2172
3469
1225
572
1062
13311
890
570
-1412
877
3737
-1181
2142
7895
21979
2155
6396
2
4589
807
6331
58624
-963
4789
28726
21
8980
2071
17820
1896
1260
9296
934
-226
1411
-5187
471
2016
1035
3939
69562
2371
-191
-57281
-14093
3705
-597
47866
5765
1791
-7010
2355
657
26270
6032
-49502
26630
4068
22893
270966
58380
8842
3180
469
3331
3069
2382
29978
8111
16772
-2348
1814
26006
376
-9620
3509
2676
6063
4153
-2383
4603
701
1319
6057
2551
2059
2252
-1624
2374
-32663
-3299
-1206
4148
-42233
-1776
480
169
2569
7364
21
28983
29720
-3
5933
-1089
2942
4218
3646
5484
3274
1735
2059
3080
6680
28329
3465
2551
5781
-2525
88988
-1106
5497
3989
1268
97
4251
-53407
-8262
959
11670
-1502
96125
3138
6991
7913
-26543
-8014
4734
1820
9456
3880
1291
-37263
-2073
4269
2471
15363
-429
-2491
3260
2098
1917
8536
2282
1159
2038
1520
-300
-3424
-3979
1028
1735
3877
-278690
23992
2157
2273
4524
-1462
113
6656
-53754
27197
-1532
4372
3487
4329
1493
17143
1588
-1006
3392
-123649
1710
5894
47197
