297
531
23
839
21
925
552
25
36
544
919
949
78
355
741
567
152
342
814
829
755
712
953
575
460
839
547
185
842
778
29
617
171
26
300
828
433
555
800
166
571
475
280
826
436
628
120
520
118
796
816
818
173
990
16
57
529
759
643
839
983
250
416
348
106
511
903
390
54
437
588
917
939
663
77
725
777
976
825
227
753
626
471
421
905
0
964
473
491
89
332
205
591
181
331
70
16
968
604
866
395
937
194
197
53
172
484
148
83
359
274
241
453
516
660
891
251
303
649
626
287
213
30
132
415
465
633
923
887
293
296
143
788
232
111
331
456
925
57
514
677
438
481
9
404
872
993
984
196
895
654
751
665
861
415
676
63
531
262
77
536
176
497
704
741
627
417
313
883
155
693
908
118
751
371
510
368
363
456
663
537
550
820
603
322
8
492
953
701
326
77
700
811
489
611
124
737
789
143
553
202
893
42
426
3
861
472
153
843
75
700
918
473
438
106
130
57
730
626
787
968
420
44
380
433
597
479
693
21
735
722
912
784
733
152
807
732
512
285
153
271
61
502
13
784
110
636
461
611
424
508
307
478
439
192
571
379
940
358
534
880
54
587
681
735
659
978
684
708
82
740
1
397
883
744
13
76
191
770
901
830
925
91
979
141
233
958
412
348
673
322
433
38
656
942
227
430
364
916
854
305
633
337
551
279
649
443
539
123
20
216
325
507
276
378
906
98
287
340
127
402
66
21
534
814
570
674
960
391
170
703
245
141
968
579
64
154
460
402
364
479
69
154
218
957
210
374
101
316
106
174
482
165
336
911
647
637
445
976
94
807
27
833
972
81
782
911
131
721
423
418
462
685
470
697
500
965
771
252
705
902
426
232
547
645
571
181
436
619
533
508
117
304
557
557
710
25
318
500
180
112
883
585
174
60
532
272
976
488
893
452
972
596
810
883
190
446
162
404
799
785
308
167
264
292
795
128
614
879
5
286
815
251
585
720
661
96
816
854
158
221
626
89
813
962
938
90
963
5
305
407
436
178
990
266
81
516
392
232
103
420
14
282
836
289
245
470
563
181
545
234
178
8
261
966
745
648
315
944
976
446
386
344
993
41
518
929
121
289
459
411
289
550
362
263
251
536
894
819
853
