0
0
3
4
5
6
7
9
12
14
16
18
20
23
23
25
25
25
26
27
29
30
33
33
33
35
38
39
39
42
43
46
49
52
54
57
59
59
59
60
63
63
63
65
66
66
69
69
72
75
78
78
81
83
83
84
84
84
86
88
89
91
94
95
95
96
99
102
102
105
106
108
109
111
112
115
116
119
122
125
125
126
127
130
130
133
136
138
138
139
139
142
144
147
148
150
152
152
154
156
157
160
163
163
166
169
171
171
172
174
175
177
178
180
180
180
180
180
180
180
183
183
184
187
190
193
193
193
193
194
194
196
199
202
205
205
205
207
209
211
212
214
217
220
221
221
222
224
226
227
227
228
230
231
234
237
238
238
240
240
243
245
245
248
251
253
254
256
257
258
258
259
261
262
262
265
266
267
268
270
273
276
277
279
281
281
283
286
287
288
290
290
293
295
297
300
303
306
307
307
309
312
313
313
313
316
316
319
321
324
327
329
331
333
334
335
338
340
340
340
343
345
345
348
350
351
352
353
354
357
360
361
362
365
365
368
370
372
375
378
381
383
385
388
389
389
389
390
393
396
397
398
400
403
404
405
405
405
405
406
406
406
406
406
409
411
412
413
414
417
419
420
422
424
427
428
430
430
430
431
433
436
436
438
438
441
441
441
444
444
445
445
445
447
447
450
451
452
452
454
455
456
456
458
460
461
464
466
466
466
468
471
472
474
476
478
478
480
480
482
485
486
488
488
488
488
491
491
494
496
499
