0
33
76
101
134
173
200
222
251
270
285
311
351
387
427
471
513
543
588
626
668
694
717
742
761
785
829
860
877
899
937
974
995
1014
1029
1050
1086
1114
1143
1158
1189
1205
1243
1275
1305
1320
1359
1385
1407
1443
1474
1489
1533
1578
1617
1639
1662
1694
1730
1764
1786
1812
1844
1888
1929
1971
1987
2005
2038
2053
2075
2111
2135
2176
2203
2243
2259
2292
2334
2355
2374
2397
2420
2436
2451
2476
2516
2543
2583
2623
2660
2700
2727
2768
2795
2827
2859
2900
2938
2974
3013
3041
3071
3096
3140
3160
3180
3211
3245
3265
3303
3327
3346
3372
3414
3458
3502
3528
3561
3605
3636
3657
3699
3725
3769
3800
3821
3854
3889
3915
3932
3958
3987
4009
4044
4066
4081
4119
4136
4162
4183
4200
4221
4251
4287
4315
4350
4377
4403
4440
4477
4500
4541
4576
4619
4653
4672
4690
4709
4725
4753
4797
4828
4844
4879
4916
4944
4963
4999
5034
5062
5084
5120
5161
5196
5238
5261
5282
5305
5322
5364
5408
5439
5458
5496
5539
5577
5602
5626
5665
5690
5711
5734
5760
5782
5809
5824
5854
5873
5912
5932
5954
5980
6004
6032
6077
6118
6142
6160
6198
6220
6236
6253
6287
6313
6353
6374
6414
6436
6459
6499
6541
6565
6580
6610
6646
6690
6708
6735
6762
6800
6841
6857
6899
6915
6954
6991
7028
7057
7081
7110
7129
7171
7195
7228
7253
7289
7334
7366
7387
7429
7469
7500
7527
7569
7603
7621
7662
7691
7717
7754
7794
7813
7834
7875
7894
7920
7957
7981
8009
8040
8065
8085
8128
8165
8195
8229
8250
8293
8308
8341
8381
8411
8441
8480
8524
8551
8581
8610
8636
8677
8700
8716
8744
8769
8809
8828
8855
8890
8924
8941
8970
8997
9025
9054
9074
9092
9136
9165
9209
9227
9270
9314
9331
9369
9403
9419
9435
9451
9486
9514
9549
9590
9607
9647
9679
9720
9735
9766
9792
9833
9857
9878
9923
9949
9964
10003
10035
10051
10084
10125
10157
10174
10199
10219
10264
10290
10306
10350
10395
10410
10449
10464
10493
10518
10554
10595
10618
10643
10664
10683
10703
10745
10773
10802
10819
10856
10880
10916
10941
10968
11004
11025
11050
11066
11108
11141
11164
11204
11219
11241
11282
11318
11351
11367
11385
11426
11442
11466
11501
11527
11572
11587
11602
11627
11657
11701
11726
11762
11783
11818
11842
11875
11900
11916
11934
11964
11982
12007
12051
12072
12116
12161
12189
12218
12257
12278
12313
12333
12348
12385
12417
12442
12460
12492
12508
12533
12557
12595
12611
12644
12675
12715
12745
12772
12793
12821
12852
12880
12898
12938
12977
13014
13035
13060
13088
13129
13147
13181
13202
13217
13245
13267
13311
13351
13378
13417
13442
13481
13505
13542
13568
13608
13624
13662
13687
13713
13734
13749
13770
13801
13819
13839
13877
13907
13924
13940
13984
14002
14027
14070
14089
14116
14145
14187
14220
14255
14283
14312
14349
14378
14414
14431
14450
14488
14525
14551
14583
14625
14656
14695
14739
14761
14776
14800
14834
14868
14897
14937
14969
14985
