0
84
178
185
198
208
302
374
424
500
516
570
587
627
645
673
701
732
740
753
825
925
1005
1017
1040
1052
1060
1081
1107
1139
1212
1215
1255
1317
1362
1370
1382
1412
1471
1539
1639
1689
1734
1792
1881
1975
2013
2047
2126
2203
2254
2319
2369
2407
2416
2485
2512
2576
2671
2763
2806
2825
2907
3003
3070
3132
3214
3219
3289
3312
3357
3451
3475
3524
3566
3597
3603
3668
3705
3734
3786
3796
3894
3930
3958
4009
4015
4077
4095
4169
4253
4299
4306
4349
4366
4421
4498
4539
4595
4667
4745
4818
4916
4924
4994
5042
5120
5166
5189
5219
5264
5293
5325
5342
5357
5428
5434
5436
5500
5520
5572
5609
5692
5736
5782
5875
5913
5996
6044
6046
6126
6194
6223
6313
6389
6482
6500
6503
6532
6554
6557
6592
6650
6655
6749
6800
6821
6842
6901
6927
6987
7044
7085
7166
7261
7293
7299
7353
7394
7488
7532
7586
7586
7660
7664
7749
7762
7859
7925
7962
7991
7993
8026
8035
8103
8146
8200
8263
8345
8385
8440
8525
8588
8637
8672
8745
8797
8835
8871
8880
8889
8966
9009
9046
9086
9183
9260
9359
9375
9399
9422
9471
9565
9600
9654
9732
9775
9786
9841
9903
9913
9953
10027
10119
10188
10199
10217
10235
10261
10279
10360
10384
10387
10449
10488
10519
10559
10610
10686
10728
10781
10834
10836
10838
10894
10907
11002
11057
11069
11120
11177
11245
11285
11371
11457
11458
11484
11486
11541
11618
11664
11685
11774
11811
11847
11898
11919
11974
11985
12013
12030
12097
12165
12227
12280
12366
12384
12422
12438
12477
12478
12481
12561
12631
12656
12702
12782
12794
12864
12936
12943
13032
13099
13185
13270
13339
13377
13438
13444
13457
13470
13566
13656
13733
13751
13813
13885
13909
13968
14035
14066
14131
14162
14193
14263
14303
14311
14337
14377
14451
14476
14562
14658
14700
14780
14792
14878
14956
15042
15123
15177
15225
15273
15338
15396
15490
15547
15554
15563
15618
15619
15674
15766
15807
15882
15957
16021
16106
16145
16221
16239
16312
16341
16364
16373
16411
16458
16533
16628
16644
16713
16761
16813
16845
16891
16896
16962
17033
17123
17152
17167
17208
17286
17320
17407
17447
17510
17550
17563
17575
17657
17753
17805
17858
17938
17997
18058
18087
18126
18182
18258
18327
18411
18446
18458
18549
18556
18610
18708
18717
18736
18791
18873
18941
18961
19018
19058
19076
19114
19130
19172
19226
19237
19274
19280
19310
19350
19353
19366
19416
19498
19529
19561
19568
19587
19628
19698
19757
19803
19857
19912
19997
20032
20058
20151
20220
20295
20304
20389
20391
20445
20515
20579
20598
20609
20640
20735
20808
20890
20931
21019
21050
21072
21119
21200
21240
21307
21336
21390
21420
21493
21547
21561
21608
21639
21728
21761
21861
21905
22002
22048
22135
22161
22246
22295
22315
22384
22423
22453
22521
22545
22581
22592
22601
22609
22657
22673
22706
22740
22818
22834
22912
22981
22989
23070
23159
23259
23262
23314
23406
23430
23529
23588
23681
23769
23856
23931
23992
24037
24060
24090
24153
24217
24234
24243
24319
24388
24432
24432
24454
24501
24502
24534
24540
24554
24606
24624
24661
24725
24820
24898
24941
24971
25013
25075
25092
25184
25206
25268
25271
25361
25427
25521
25578
25636
25717
25803
25847
25922
26013
26074
26112
26168
26254
26344
26387
26418
26505
26534
26541
26609
26695
26777
26816
26905
26989
27043
27100
27114
27135
27135
27171
27217
27280
27366
27376
27439
27528
27620
27686
27762
27800
27830
27889
27975
28060
28096
28127
28196
28207
28251
28303
28345
28350
28370
28458
28558
28633
28724
28776
28813
28875
28899
28905
28994
29006
29053
29129
29195
29210
29222
29241
29311
29358
29410
29459
29510
29545
29597
29659
29705
29724
29754
29853
29889
29939
29949
29967
30028
30124
30215
30263
30351
30405
30412
30499
30563
30593
30642
30711
30780
30833
30883
30953
30990
31036
31044
31106
31108
31202
31284
31296
31326
31361
31372
31396
31438
31466
31536
31576
31586
31592
31667
31755
31837
31886
31971
32053
32071
32083
32172
32266
32338
32406
32474
32503
32591
32594
32633
32654
32710
32728
32812
32882
32944
33010
33051
33079
33128
33130
33133
33218
33226
33254
33354
33403
33457
33465
33529
33614
33666
33718
33751
33846
33880
33973
33997
34084
34123
34182
34276
34298
34300
34358
34388
34410
34415
34471
34483
34574
34669
34741
34760
34811
34890
34937
35003
35080
35106
35166
35226
35234
35236
35298
35341
35369
35411
35476
35489
35578
35614
35670
35750
35843
35869
35890
35968
36035
36039
36121
36180
36207
36250
36285
36342
36404
36478
36492
36528
36568
36646
36721
36808
36830
36899
36948
36960
37044
37044
37123
37139
37176
37265
37272
37312
37318
37366
37428
37514
37525
37551
37638
37680
37700
37717
37719
37790
37886
37968
37973
38071
38072
38111
38114
38138
38209
38219
38276
38336
38382
38464
38514
38535
38623
38669
38669
38762
38808
38892
38905
38965
39062
39072
39126
39153
39222
39231
39231
39248
39275
39336
39383
39424
39448
39531
39624
39644
39702
39739
39801
39837
39868
39903
39993
40083
40157
40180
40230
40276
40301
40326
40377
40453
40523
40563
40623
40624
40665
40693
40784
40857
40921
40965
41037
41124
41154
41218
41274
41340
41408
41478
41565
41576
41675
41712
41741
41757
41810
41840
41929
42027
42061
42119
42140
42229
42320
42340
42374
42466
42566
42596
42664
42706
42721
42776
42809
42858
42954
42997
43041
43055
43071
43092
43100
43123
43158
43176
43272
43273
43367
43382
43428
43458
43508
43587
43631
43710
43765
43846
43937
43998
44061
44158
44191
44255
44278
44306
44334
44364
44437
44478
44498
44589
44604
44670
44718
44811
44816
44863
44911
44971
45006
45104
45119
45212
45216
45247
45347
45429
45487
45487
45490
45584
45606
45645
45727
45744
45760
45851
45917
45953
46042
46116
46192
46262
46315
46395
46453
46507
46543
46549
46589
46599
46614
46644
46725
46751
46769
46808
46875
46936
47022
47074
47171
47237
47327
47409
47433
47453
47481
47500
47561
47579
47635
47706
47791
47882
47896
47967
48043
48062
48083
48106
48148
48157
48208
48294
48354
48430
48464
48530
48611
48641
48674
48770
48844
48849
48907
48980
48993
49063
49130
49152
49224
49242
49306
49372
49390
49420
49468
49514
49547
49554
49585
49665
49686
49715
49796
49874
49888
49890
49939
49994
50016
50116
50152
50230
50300
50313
50397
50409
50494
50513
50551
50571
50669
50710
50760
50846
50930
50951
50979
51059
51088
51092
51133
51152
51186
51257
51322
51322
51325
51419
51443
51525
51583
51596
51665
51691
51789
51838
51911
51970
51980
52078
52156
52243
52253
52344
52426
52471
52543
52620
52628
52726
52808
52828
52917
52941
53006
53098
53101
53126
53218
53250
53261
53348
53405
53478
53572
53631
53667
53739
53813
53851
53897
53953
54022
54077
54099
54180
54199
54256
54320
54324
54338
54414
54442
54479
54545
54645
54675
54683
54707
54763
54793
54816
54842
54871
54936
55004
55102
55102
55192
55206
55298
55391
55473
55573
55671
55672
55715
55802
55885
55915
55969
55974
56057
56065
56079
56131
56145
56178
56216
56289
56374
56468
56549
56581
56653
56696
56767
56818
56887
56891
56984
56988
57045
57123
57145
57199
57289
57340
57372
57408
57472
57514
57549
57609
57611
57683
57774
57799
57852
57907
57944
57974
57993
58016
58100
58132
58198
58232
58293
58313
58342
58417
58452
58461
58517
58528
58598
58649
58696
58702
58781
58867
58953
58956
59036
59130
59222
59287
59308
59356
59421
59518
59600
59612
59666
59701
59783
59788
59856
59940
59976
60056
60149
60184
60186
60239
60317
60364
60385
60395
60416
60447
60535
60590
60686
60760
60788
60876
60946
60978
61005
61068
61095
61140
61199
61296
61337
61426
61490
61499
61582
61628
61689
61734
61748
61784
61872
61949
62013
62053
62070
62083
62150
62236
62307
62333
62393
62402
62417
62426
62459
62556
62576
62655
62680
62743
62757
62773
62780
62876
62933
62946
62966
62987
63037
63098
63115
63138
63173
63214
63273
63323
63399
63465
63495
63587
63648
63700
63712
63780
63786
63799
63822
63856
63948
64042
64062
64086
64154
64184
64252
64252
64294
64387
64426
64452
64484
64557
64582
64598
64667
64751
64792
64865
64920
65007
65074
65144
65213
65313
65379
65432
65481
65568
65641
65658
65683
65712
65724
65782
65863
65940
65960
66032
66081
66145
66211
66240
66321
66329
66344
66353
66360
66379
66472
66499
66588
66657
66739
66838
66915
67000
67019
67080
67125
67150
67186
67195
67244
67286
67377
67473
67567
67665
67673
67674
67754
67783
67813
67886
67946
68021
68092
68111
68156
68163
68177
68179
68187
68255
68264
68340
68412
68441
68474
68545
68629
68633
68684
68779
68835
68856
68931
69021
69093
69149
69203
69273
69321
69344
69364
69434
69446
69502
69553
69628
69653
69697
69757
69776
69844
69933
69988
69999
